reading_id,timestamp_utc,sample_delta,sample_value,sample_reltime
3,1695057941092,0,8190,0
3,1695057941092,26,8190,26
3,1695057941092,14,8190,40
3,1695057941092,24,8190,64
3,1695057941092,16,8190,80
3,1695057941092,20,8190,100
3,1695057941092,19,8126,119
3,1695057941092,22,8062,141
3,1695057941092,19,8006,160
3,1695057941092,20,7934,180
3,1695057941092,20,7886,200
3,1695057941092,20,7830,220
3,1695057941092,20,7758,240
3,1695057941092,20,7710,260
3,1695057941092,20,7642,280
3,1695057941092,20,7582,300
3,1695057941092,20,7518,320
3,1695057941092,20,7470,340
3,1695057941092,21,7406,361
3,1695057941092,19,7342,380
3,1695057941092,20,7274,400
3,1695057941092,20,7220,420
3,1695057941092,27,7158,447
3,1695057941092,13,7102,460
3,1695057941092,20,7030,480
3,1695057941092,20,6974,500
3,1695057941092,27,6902,527
3,1695057941092,13,6838,540
3,1695057941092,20,6774,560
3,1695057941092,20,6714,580
3,1695057941092,41,6654,621
3,1695057941092,20,6590,641
3,1695057941092,20,6526,661
3,1695057941092,41,6478,702
3,1695057941092,20,6410,722
3,1695057941092,20,6350,742
3,1695057941092,22,6302,764
3,1695057941092,19,6238,783
3,1695057941092,20,6190,803
3,1695057941092,20,6126,823
3,1695057941092,20,6070,843
3,1695057941092,21,6006,864
3,1695057941092,20,5966,884
3,1695057941092,20,5886,904
3,1695057941092,20,5854,924
3,1695057941092,20,5790,944
3,1695057941092,20,5726,964
3,1695057941092,23,5678,987
3,1695057941092,17,5598,1004
3,1695057941092,20,5534,1024
3,1695057941092,20,5486,1044
3,1695057941092,27,5422,1071
3,1695057941092,13,5358,1084
3,1695057941092,20,5302,1104
3,1695057941092,20,5246,1124
3,1695057941092,27,5178,1151
3,1695057941092,13,5130,1164
3,1695057941092,20,5078,1184
3,1695057941092,20,5018,1204
3,1695057941092,41,4940,1245
3,1695057941092,20,4878,1265
3,1695057941092,20,4814,1285
3,1695057941092,24,4750,1309
3,1695057941092,16,4702,1325
3,1695057941092,20,4638,1345
3,1695057941092,20,4574,1365
3,1695057941092,21,4510,1386
3,1695057941092,19,4462,1405
3,1695057941092,20,4406,1425
3,1695057941092,20,4342,1445
3,1695057941092,20,4270,1465
3,1695057941092,20,4214,1485
3,1695057941092,20,4126,1505
3,1695057941092,20,4086,1525
3,1695057941092,20,4014,1545
3,1695057941092,20,3934,1565
3,1695057941092,20,3910,1585
3,1695057941092,23,3846,1608
3,1695057941092,17,3798,1625
3,1695057941092,20,3726,1645
3,1695057941092,20,3662,1665
3,1695057941092,27,3598,1692
3,1695057941092,13,3550,1705
3,1695057941092,20,3498,1725
3,1695057941092,20,3422,1745
3,1695057941092,27,3374,1772
3,1695057941092,13,3326,1785
3,1695057941092,20,3262,1805
3,1695057941092,20,3214,1825
3,1695057941092,41,3150,1866
3,1695057941092,20,3094,1886
3,1695057941092,20,3030,1906
3,1695057941092,24,2974,1930
3,1695057941092,16,2910,1946
3,1695057941092,20,2846,1966
3,1695057941092,20,2814,1986
3,1695057941092,21,2762,2007
3,1695057941092,19,2686,2026
3,1695057941092,20,2630,2046
3,1695057941092,20,2574,2066
3,1695057941092,20,2510,2086
3,1695057941092,20,2478,2106
3,1695057941092,20,2478,2126
3,1695057941092,20,2494,2146
3,1695057941092,20,2486,2166
3,1695057941092,20,2478,2186
3,1695057941092,20,2510,2206
3,1695057941092,21,2494,2227
3,1695057941092,19,2518,2246
3,1695057941092,20,2510,2266
3,1695057941092,20,2518,2286
3,1695057941092,27,2518,2313
3,1695057941092,13,2518,2326
3,1695057941092,20,2526,2346
3,1695057941092,20,2526,2366
3,1695057941092,27,2526,2393
3,1695057941092,13,2526,2406
3,1695057941092,20,2542,2426
3,1695057941092,20,2542,2446
3,1695057941092,41,2550,2487
3,1695057941092,20,2558,2507
3,1695057941092,20,2558,2527
3,1695057941092,24,2558,2551
3,1695057941092,16,2582,2567
3,1695057941092,20,2590,2587
3,1695057941092,20,2590,2607
3,1695057941092,22,2590,2629
3,1695057941092,18,2602,2647
3,1695057941092,21,2606,2668
3,1695057941092,20,2634,2688
3,1695057941092,20,2622,2708
3,1695057941092,20,2622,2728
3,1695057941092,20,2638,2748
3,1695057941092,20,2650,2768
3,1695057941092,20,2654,2788
3,1695057941092,20,2654,2808
3,1695057941092,20,2654,2828
3,1695057941092,23,2666,2851
3,1695057941092,17,2670,2868
3,1695057941092,20,2666,2888
3,1695057941092,20,2666,2908
3,1695057941092,27,2670,2935
3,1695057941092,13,2670,2948
3,1695057941092,20,2670,2968
3,1695057941092,20,2678,2988
3,1695057941092,27,2670,3015
3,1695057941092,13,2670,3028
3,1695057941092,20,2670,3048
3,1695057941092,20,2686,3068
3,1695057941092,41,2678,3109
3,1695057941092,20,2686,3129
3,1695057941092,20,2686,3149
3,1695057941092,24,2702,3173
3,1695057941092,17,2686,3190
3,1695057941092,20,2710,3210
3,1695057941092,20,2702,3230
3,1695057941092,41,2726,3271
3,1695057941092,20,2718,3291
3,1695057941092,20,2710,3311
3,1695057941092,20,2718,3331
3,1695057941092,20,2726,3351
3,1695057941092,20,2734,3371
3,1695057941092,20,2750,3391
3,1695057941092,20,2750,3411
3,1695057941092,20,2750,3431
3,1695057941092,20,2772,3451
3,1695057941092,23,2782,3474
3,1695057941092,18,2782,3492
3,1695057941092,20,2782,3512
3,1695057941092,20,2798,3532
3,1695057941092,27,2814,3559
3,1695057941092,14,2806,3573
3,1695057941092,20,2814,3593
3,1695057941092,21,2814,3614
3,1695057941092,26,2814,3640
3,1695057941092,13,2838,3653
3,1695057941092,20,2842,3673
3,1695057941092,20,2854,3693
3,1695057941092,41,2862,3734
3,1695057941092,20,2862,3754
3,1695057941092,20,2878,3774
3,1695057941092,24,2878,3798
3,1695057941092,17,2894,3815
3,1695057941092,20,2910,3835
3,1695057941092,20,2910,3855
3,1695057941092,21,2934,3876
3,1695057941092,19,2910,3895
3,1695057941092,20,2926,3915
3,1695057941092,20,2926,3935
3,1695057941092,20,2934,3955
3,1695057941092,20,2942,3975
3,1695057941092,20,2942,3995
3,1695057941092,20,2942,4015
3,1695057941092,20,2942,4035
3,1695057941092,20,2958,4055
3,1695057941092,20,2958,4075
3,1695057941092,24,2942,4099
3,1695057941092,17,2970,4116
3,1695057941092,20,2974,4136
3,1695057941092,20,2966,4156
3,1695057941092,21,2990,4177
3,1695057941092,19,2986,4196
3,1695057941092,20,2974,4216
3,1695057941092,20,2990,4236
3,1695057941092,27,2990,4263
3,1695057941092,13,2990,4276
3,1695057941092,20,3006,4296
3,1695057941092,20,3006,4316
3,1695057941092,41,3022,4357
3,1695057941092,20,3022,4377
3,1695057941092,20,3006,4397
3,1695057941092,24,3030,4421
3,1695057941092,17,3030,4438
3,1695057941092,20,3030,4458
3,1695057941092,21,3038,4479
3,1695057941092,50,3054,4529
3,1695057941092,12,3054,4541
3,1695057941092,18,3062,4559
3,1695057941092,20,3070,4579
3,1695057941092,20,3062,4599
3,1695057941092,20,3054,4619
3,1695057941092,20,3066,4639
3,1695057941092,20,3070,4659
3,1695057941092,20,3070,4679
3,1695057941092,20,3070,4699
3,1695057941092,23,3070,4722
3,1695057941092,17,3070,4739
3,1695057941092,20,3070,4759
3,1695057941092,20,3070,4779
3,1695057941092,27,3070,4806
3,1695057941092,13,3070,4819
3,1695057941092,20,3070,4839
3,1695057941092,20,3070,4859
3,1695057941092,27,3070,4886
3,1695057941092,13,3070,4899
3,1695057941092,20,3070,4919
3,1695057941092,20,3070,4939
3,1695057941092,41,3070,4980
3,1695057941092,20,3070,5000
3,1695057941092,20,3070,5020
3,1695057941092,23,3110,5043
3,1695057941092,17,3118,5060
3,1695057941092,20,3118,5080
3,1695057941092,20,3134,5100
3,1695057941092,21,3126,5121
3,1695057941092,19,3134,5140
3,1695057941092,20,3134,5160
3,1695057941092,20,3150,5180
3,1695057941092,20,3150,5200
3,1695057941092,20,3166,5220
3,1695057941092,20,3150,5240
3,1695057941092,23,3166,5263
3,1695057941092,17,3166,5280
3,1695057941092,20,3182,5300
3,1695057941092,20,3190,5320
3,1695057941092,23,3182,5343
3,1695057941092,17,3198,5360
3,1695057941092,21,3198,5381
3,1695057941092,20,3198,5401
3,1695057941092,28,3182,5429
3,1695057941092,12,3198,5441
3,1695057941092,20,3198,5461
3,1695057941092,21,3214,5482
3,1695057941092,37,3214,5519
3,1695057941092,7,3222,5526
3,1695057941092,15,3222,5541
3,1695057941092,20,3222,5561
3,1695057941092,41,3222,5602
3,1695057941092,20,3214,5622
3,1695057941092,20,3230,5642
3,1695057941092,23,3222,5665
3,1695057941092,17,3222,5682
3,1695057941092,20,3230,5702
3,1695057941092,20,3230,5722
3,1695057941092,21,3230,5743
3,1695057941092,20,3246,5763
3,1695057941092,20,3246,5783
3,1695057941092,20,3242,5803
3,1695057941092,21,3254,5824
3,1695057941092,20,3262,5844
3,1695057941092,20,3262,5864
3,1695057941092,23,3278,5887
3,1695057941092,18,3286,5905
3,1695057941092,20,3294,5925
3,1695057941092,20,3294,5945
3,1695057941092,23,3310,5968
3,1695057941092,17,3310,5985
3,1695057941092,20,3310,6005
3,1695057941092,20,3326,6025
3,1695057941092,27,3326,6052
3,1695057941092,13,3326,6065
3,1695057941092,20,3342,6085
3,1695057941092,20,3358,6105
3,1695057941092,27,3366,6132
3,1695057941092,13,3370,6145
3,1695057941092,20,3374,6165
3,1695057941092,20,3374,6185
3,1695057941092,40,3382,6225
3,1695057941092,20,3382,6245
3,1695057941092,20,3390,6265
3,1695057941092,23,3390,6288
3,1695057941092,17,3390,6305
3,1695057941092,20,3390,6325
3,1695057941092,20,3406,6345
3,1695057941092,21,3390,6366
3,1695057941092,20,3414,6386
3,1695057941092,20,3414,6406
3,1695057941092,21,3414,6427
3,1695057941092,37,3422,6464
3,1695057941092,7,3422,6471
3,1695057941092,15,3422,6486
3,1695057941092,23,3438,6509
3,1695057941092,17,3438,6526
3,1695057941092,20,3446,6546
3,1695057941092,20,3438,6566
3,1695057941092,23,3438,6589
3,1695057941092,17,3438,6606
3,1695057941092,20,3446,6626
3,1695057941092,20,3454,6646
3,1695057941092,27,3454,6673
3,1695057941092,13,3478,6686
3,1695057941092,20,3486,6706
3,1695057941092,20,3502,6726
3,1695057941092,27,3502,6753
3,1695057941092,13,3518,6766
3,1695057941092,20,3518,6786
3,1695057941092,20,3534,6806
3,1695057941092,41,3550,6847
3,1695057941092,20,3566,6867
3,1695057941092,20,3566,6887
3,1695057941092,23,3574,6910
3,1695057941092,18,3578,6928
3,1695057941092,20,3582,6948
3,1695057941092,20,3578,6968
3,1695057941092,20,3582,6988
3,1695057941092,20,3582,7008
3,1695057941092,21,3582,7029
3,1695057941092,28,3606,7057
3,1695057941092,13,3614,7070
3,1695057941092,19,3614,7089
3,1695057941092,20,3614,7109
3,1695057941092,24,3626,7133
3,1695057941092,17,3630,7150
3,1695057941092,20,3630,7170
3,1695057941092,21,3626,7191
3,1695057941092,22,3630,7213
3,1695057941092,18,3630,7231
3,1695057941092,20,3638,7251
3,1695057941092,20,3646,7271
3,1695057941092,27,3646,7298
3,1695057941092,13,3646,7311
3,1695057941092,20,3646,7331
3,1695057941092,20,3662,7351
3,1695057941092,27,3646,7378
3,1695057941092,13,3646,7391
3,1695057941092,20,3662,7411
3,1695057941092,20,3662,7431
3,1695057941092,41,3670,7472
3,1695057941092,20,3678,7492
3,1695057941092,20,3678,7512
3,1695057941092,23,3694,7535
3,1695057941092,17,3710,7552
3,1695057941092,20,3710,7572
3,1695057941092,20,3726,7592
3,1695057941092,20,3742,7612
3,1695057941092,20,3742,7632
3,1695057941092,20,3774,7652
3,1695057941092,20,3766,7672
3,1695057941092,20,3774,7692
3,1695057941092,20,3774,7712
3,1695057941092,20,3774,7732
3,1695057941092,23,3790,7755
3,1695057941092,17,3790,7772
3,1695057941092,20,3806,7792
3,1695057941092,20,3806,7812
3,1695057941092,23,3806,7835
3,1695057941092,17,3806,7852
3,1695057941092,20,3822,7872
3,1695057941092,20,3822,7892
3,1695057941092,27,3830,7919
3,1695057941092,13,3822,7932
3,1695057941092,20,3838,7952
3,1695057941092,21,3838,7973
3,1695057941092,37,3838,8010
3,1695057941092,7,3838,8017
3,1695057941092,15,3838,8032
3,1695057941092,20,3838,8052
3,1695057941092,20,3838,8072
3,1695057941092,21,3838,8093
3,1695057941092,20,3838,8113
3,1695057941092,20,3870,8133
3,1695057941092,23,3838,8156
3,1695057941092,17,3838,8173
3,1695057941092,20,3838,8193
3,1695057941092,20,3838,8213
3,1695057941092,21,3838,8234
3,1695057941092,19,3838,8253
3,1695057941092,20,3838,8273
3,1695057941092,20,3838,8293
3,1695057941092,20,3838,8313
3,1695057941092,20,3838,8333
3,1695057941092,20,3862,8353
3,1695057941092,23,3886,8376
3,1695057941092,17,3886,8393
3,1695057941092,21,3886,8414
3,1695057941092,20,3886,8434
3,1695057941092,23,3886,8457
3,1695057941092,17,3886,8474
3,1695057941092,20,3882,8494
3,1695057941092,20,3894,8514
3,1695057941092,27,3902,8541
3,1695057941092,13,3902,8554
3,1695057941092,20,3926,8574
3,1695057941092,20,3934,8594
3,1695057941092,27,3934,8621
3,1695057941092,13,3934,8634
3,1695057941092,20,3934,8654
3,1695057941092,20,3950,8674
3,1695057941092,41,3966,8715
3,1695057941092,26,3950,8741
3,1695057941092,14,3966,8755
3,1695057941092,23,3966,8778
3,1695057941092,18,3966,8796
3,1695057941092,20,3966,8816
3,1695057941092,20,3966,8836
3,1695057941092,20,3966,8856
3,1695057941092,20,3966,8876
3,1695057941092,20,3990,8896
3,1695057941092,20,3990,8916
3,1695057941092,20,3994,8936
3,1695057941092,20,3990,8956
3,1695057941092,20,3982,8976
3,1695057941092,23,3998,8999
3,1695057941092,17,3990,9016
3,1695057941092,20,3990,9036
3,1695057941092,20,3998,9056
3,1695057941092,23,3990,9079
3,1695057941092,17,3998,9096
3,1695057941092,20,3998,9116
3,1695057941092,20,3998,9136
3,1695057941092,27,4014,9163
3,1695057941092,13,3998,9176
3,1695057941092,20,3998,9196
3,1695057941092,20,4010,9216
3,1695057941092,28,3990,9244
3,1695057941092,13,3982,9257
3,1695057941092,20,3990,9277
3,1695057941092,20,3990,9297
3,1695057941092,41,3998,9338
3,1695057941092,20,4022,9358
3,1695057941092,20,4014,9378
3,1695057941092,23,4014,9401
3,1695057941092,18,4014,9419
3,1695057941092,20,4030,9439
3,1695057941092,20,4030,9459
3,1695057941092,20,4030,9479
3,1695057941092,20,4030,9499
3,1695057941092,20,4030,9519
3,1695057941092,20,4046,9539
3,1695057941092,20,4054,9559
3,1695057941092,20,4054,9579
3,1695057941092,20,4062,9599
3,1695057941092,24,4054,9623
3,1695057941092,18,4062,9641
3,1695057941092,20,4054,9661
3,1695057941092,26,4062,9687
3,1695057941092,17,4062,9704
3,1695057941092,17,4062,9721
3,1695057941092,20,4062,9741
3,1695057941092,20,4078,9761
3,1695057941092,27,4078,9788
3,1695057941092,13,4078,9801
3,1695057941092,20,4078,9821
3,1695057941092,20,4062,9841
3,1695057941092,27,4062,9868
3,1695057941092,13,4078,9881
3,1695057941092,21,4078,9902
3,1695057941092,20,4078,9922
3,1695057941092,20,4062,9942
3,1695057941092,20,4062,9962
3,1695057941092,20,4078,9982
3,1695057941092,20,4062,10002
3,1695057941092,22,4062,10024
3,1695057941092,18,4062,10042
3,1695057941092,20,4078,10062
3,1695057941092,20,4078,10082
3,1695057941092,20,4062,10102
3,1695057941092,20,4062,10122
3,1695057941092,20,4062,10142
3,1695057941092,20,4054,10162
3,1695057941092,21,4062,10183
3,1695057941092,20,4074,10203
3,1695057941092,20,4062,10223
3,1695057941092,23,4078,10246
3,1695057941092,18,4078,10264
3,1695057941092,20,4078,10284
3,1695057941092,20,4078,10304
3,1695057941092,23,4078,10327
3,1695057941092,18,4086,10345
3,1695057941092,20,4094,10365
3,1695057941092,20,4094,10385
3,1695057941092,27,4094,10412
3,1695057941092,13,4094,10425
3,1695057941092,20,4094,10445
3,1695057941092,20,4094,10465
3,1695057941092,27,4094,10492
3,1695057941092,13,4094,10505
3,1695057941092,20,4094,10525
3,1695057941092,20,4094,10545
3,1695057941092,41,4094,10586
3,1695057941092,26,4094,10612
3,1695057941092,14,4094,10626
3,1695057941092,23,4094,10649
3,1695057941092,17,4094,10666
3,1695057941092,20,4094,10686
3,1695057941092,20,4094,10706
3,1695057941092,20,4094,10726
3,1695057941092,20,4094,10746
3,1695057941092,20,4086,10766
3,1695057941092,20,4086,10786
3,1695057941092,21,4086,10807
3,1695057941092,20,4086,10827
3,1695057941092,20,4094,10847
3,1695057941092,23,4094,10870
3,1695057941092,18,4078,10888
3,1695057941092,20,4078,10908
3,1695057941092,20,4078,10928
3,1695057941092,23,4078,10951
3,1695057941092,18,4078,10969
3,1695057941092,20,4062,10989
3,1695057941092,20,4062,11009
3,1695057941092,28,4062,11037
3,1695057941092,13,4062,11050
3,1695057941092,20,4062,11070
3,1695057941092,20,4058,11090
3,1695057941092,27,4054,11117
3,1695057941092,13,4062,11130
3,1695057941092,20,4054,11150
3,1695057941092,20,4062,11170
3,1695057941092,41,4062,11211
3,1695057941092,20,4062,11231
3,1695057941092,20,4054,11251
3,1695057941092,22,4030,11273
3,1695057941092,18,4054,11291
3,1695057941092,20,4054,11311
3,1695057941092,20,4054,11331
3,1695057941092,20,4046,11351
3,1695057941092,20,4030,11371
3,1695057941092,20,4046,11391
3,1695057941092,20,4030,11411
3,1695057941092,21,4046,11432
3,1695057941092,20,4030,11452
3,1695057941092,20,4030,11472
3,1695057941092,23,4030,11495
3,1695057941092,18,4030,11513
3,1695057941092,20,4026,11533
3,1695057941092,21,4022,11554
3,1695057941092,38,4014,11592
3,1695057941092,8,4014,11600
3,1695057941092,14,4014,11614
3,1695057941092,20,4014,11634
3,1695057941092,27,4014,11661
3,1695057941092,13,3998,11674
3,1695057941092,20,4014,11694
3,1695057941092,21,3998,11715
3,1695057941092,27,3998,11742
3,1695057941092,13,3998,11755
3,1695057941092,20,3998,11775
3,1695057941092,20,3990,11795
3,1695057941092,41,3966,11836
3,1695057941092,20,3966,11856
3,1695057941092,20,3966,11876
3,1695057941092,20,3966,11896
3,1695057941092,20,3966,11916
3,1695057941092,20,3950,11936
3,1695057941092,20,3966,11956
3,1695057941092,20,3966,11976
3,1695057941092,20,3966,11996
3,1695057941092,20,3962,12016
3,1695057941092,20,3966,12036
3,1695057941092,20,3966,12056
3,1695057941092,20,3966,12076
3,1695057941092,20,3958,12096
3,1695057941092,24,3950,12120
3,1695057941092,17,3958,12137
3,1695057941092,19,3966,12156
3,1695057941092,20,3958,12176
3,1695057941092,27,3966,12203
3,1695057941092,13,3966,12216
3,1695057941092,20,3966,12236
3,1695057941092,20,3966,12256
3,1695057941092,27,3966,12283
3,1695057941092,14,3966,12297
3,1695057941092,26,3966,12323
3,1695057941092,14,3958,12337
3,1695057941092,27,3950,12364
3,1695057941092,13,3950,12377
3,1695057941092,20,3950,12397
3,1695057941092,20,3958,12417
3,1695057941092,41,3946,12458
3,1695057941092,20,3934,12478
3,1695057941092,20,3950,12498
3,1695057941092,22,3950,12520
3,1695057941092,18,3934,12538
3,1695057941092,20,3934,12558
3,1695057941092,20,3934,12578
3,1695057941092,20,3926,12598
3,1695057941092,20,3934,12618
3,1695057941092,20,3934,12638
3,1695057941092,20,3926,12658
3,1695057941092,20,3926,12678
3,1695057941092,20,3918,12698
3,1695057941092,20,3902,12718
3,1695057941092,23,3918,12741
3,1695057941092,18,3902,12759
3,1695057941092,20,3902,12779
3,1695057941092,20,3902,12799
3,1695057941092,27,3902,12826
3,1695057941092,13,3894,12839
3,1695057941092,41,3894,12880
3,1695057941092,27,3894,12907
3,1695057941092,13,3894,12920
3,1695057941092,20,3894,12940
3,1695057941092,20,3894,12960
3,1695057941092,27,3894,12987
3,1695057941092,13,3902,13000
3,1695057941092,20,3902,13020
3,1695057941092,20,3902,13040
3,1695057941092,41,3902,13081
3,1695057941092,20,3902,13101
3,1695057941092,20,3898,13121
3,1695057941092,23,3886,13144
3,1695057941092,17,3894,13161
3,1695057941092,20,3886,13181
3,1695057941092,21,3886,13202
3,1695057941092,38,3886,13240
3,1695057941092,8,3898,13248
3,1695057941092,14,3886,13262
3,1695057941092,20,3894,13282
3,1695057941092,20,3886,13302
3,1695057941092,20,3886,13322
3,1695057941092,20,3886,13342
3,1695057941092,23,3886,13365
3,1695057941092,17,3886,13382
3,1695057941092,20,3886,13402
3,1695057941092,20,3886,13422
3,1695057941092,27,3886,13449
3,1695057941092,13,3886,13462
3,1695057941092,20,3882,13482
3,1695057941092,20,3870,13502
3,1695057941092,27,3870,13529
3,1695057941092,13,3870,13542
3,1695057941092,20,3870,13562
3,1695057941092,20,3870,13582
3,1695057941092,41,3838,13623
3,1695057941092,20,3838,13643
3,1695057941092,20,3838,13663
3,1695057941092,41,3838,13704
3,1695057941092,20,3838,13724
3,1695057941092,20,3838,13744
3,1695057941092,22,3838,13766
3,1695057941092,18,3838,13784
3,1695057941092,20,3838,13804
3,1695057941092,20,3838,13824
3,1695057941092,20,3838,13844
3,1695057941092,20,3838,13864
3,1695057941092,20,3838,13884
3,1695057941092,20,3838,13904
3,1695057941092,21,3838,13925
3,1695057941092,19,3838,13944
3,1695057941092,20,3838,13964
3,1695057941092,23,3838,13987
3,1695057941092,17,3838,14004
3,1695057941092,20,3838,14024
3,1695057941092,20,3838,14044
3,1695057941092,27,3838,14071
3,1695057941092,13,3838,14084
3,1695057941092,20,3838,14104
3,1695057941092,20,3838,14124
3,1695057941092,27,3838,14151
3,1695057941092,13,3838,14164
3,1695057941092,21,3838,14185
3,1695057941092,26,3838,14211
3,1695057941092,34,3838,14245
3,1695057941092,20,3830,14265
3,1695057941092,20,3838,14285
3,1695057941092,24,3838,14309
3,1695057941092,16,3830,14325
3,1695057941092,20,3822,14345
3,1695057941092,20,3830,14365
3,1695057941092,22,3822,14387
3,1695057941092,18,3822,14405
3,1695057941092,21,3822,14426
3,1695057941092,20,3822,14446
3,1695057941092,21,3822,14467
3,1695057941092,19,3822,14486
3,1695057941092,20,3806,14506
3,1695057941092,20,3806,14526
3,1695057941092,20,3806,14546
3,1695057941092,20,3822,14566
3,1695057941092,20,3806,14586
3,1695057941092,23,3806,14609
3,1695057941092,17,3798,14626
3,1695057941092,20,3798,14646
3,1695057941092,20,3806,14666
3,1695057941092,27,3806,14693
3,1695057941092,13,3798,14706
3,1695057941092,20,3798,14726
3,1695057941092,20,3822,14746
3,1695057941092,27,3806,14773
3,1695057941092,14,3822,14787
3,1695057941092,20,3822,14807
3,1695057941092,20,3806,14827
3,1695057941092,41,3806,14868
3,1695057941092,20,3822,14888
3,1695057941092,20,3822,14908
3,1695057941092,41,3806,14949
3,1695057941092,20,3822,14969
3,1695057941092,21,3822,14990
3,1695057941092,38,3822,15028
3,1695057941092,8,3822,15036
3,1695057941092,14,3822,15050
3,1695057941092,21,3834,15071
3,1695057941092,20,3822,15091
3,1695057941092,20,3830,15111
3,1695057941092,20,3822,15131
3,1695057941092,20,3834,15151
3,1695057941092,20,3830,15171
3,1695057941092,20,3822,15191
3,1695057941092,20,3822,15211
3,1695057941092,23,3822,15234
3,1695057941092,17,3830,15251
3,1695057941092,20,3806,15271
3,1695057941092,20,3806,15291
3,1695057941092,27,3806,15318
3,1695057941092,14,3822,15332
3,1695057941092,20,3822,15352
3,1695057941092,20,3806,15372
3,1695057941092,27,3822,15399
3,1695057941092,14,3806,15413
3,1695057941092,20,3822,15433
3,1695057941092,20,3822,15453
3,1695057941092,41,3806,15494
3,1695057941092,20,3806,15514
3,1695057941092,20,3806,15534
3,1695057941092,24,3798,15558
3,1695057941092,16,3806,15574
3,1695057941092,20,3806,15594
3,1695057941092,20,3802,15614
3,1695057941092,22,3806,15636
3,1695057941092,19,3822,15655
3,1695057941092,20,3806,15675
3,1695057941092,20,3806,15695
3,1695057941092,20,3822,15715
3,1695057941092,20,3806,15735
3,1695057941092,20,3822,15755
3,1695057941092,20,3806,15775
3,1695057941092,20,3822,15795
3,1695057941092,20,3806,15815
3,1695057941092,20,3806,15835
3,1695057941092,23,3822,15858
3,1695057941092,17,3822,15875
3,1695057941092,20,3806,15895
3,1695057941092,20,3822,15915
3,1695057941092,27,3822,15942
3,1695057941092,13,3822,15955
3,1695057941092,20,3830,15975
3,1695057941092,20,3822,15995
3,1695057941092,27,3822,16022
3,1695057941092,13,3822,16035
3,1695057941092,20,3822,16055
3,1695057941092,21,3818,16076
3,1695057941092,40,3806,16116
3,1695057941092,20,3806,16136
3,1695057941092,20,3806,16156
3,1695057941092,24,3798,16180
3,1695057941092,16,3798,16196
3,1695057941092,20,3806,16216
3,1695057941092,21,3798,16237
3,1695057941092,21,3798,16258
3,1695057941092,19,3790,16277
3,1695057941092,20,3790,16297
3,1695057941092,20,3798,16317
3,1695057941092,20,3798,16337
3,1695057941092,20,3774,16357
3,1695057941092,20,3774,16377
3,1695057941092,20,3774,16397
3,1695057941092,20,3774,16417
3,1695057941092,20,3774,16437
3,1695057941092,20,3790,16457
3,1695057941092,24,3774,16481
3,1695057941092,18,3774,16499
3,1695057941092,19,3774,16518
3,1695057941092,20,3774,16538
3,1695057941092,27,3790,16565
3,1695057941092,13,3790,16578
3,1695057941092,20,3790,16598
3,1695057941092,20,3774,16618
3,1695057941092,27,3802,16645
3,1695057941092,13,3798,16658
3,1695057941092,20,3798,16678
3,1695057941092,20,3798,16698
3,1695057941092,41,3798,16739
3,1695057941092,20,3790,16759
3,1695057941092,20,3798,16779
3,1695057941092,24,3798,16803
3,1695057941092,16,3798,16819
3,1695057941092,20,3790,16839
3,1695057941092,20,3790,16859
3,1695057941092,22,3798,16881
3,1695057941092,19,3774,16900
3,1695057941092,20,3790,16920
3,1695057941092,20,3774,16940
3,1695057941092,38,3774,16978
3,1695057941092,8,3790,16986
3,1695057941092,14,3774,17000
3,1695057941092,20,3774,17020
3,1695057941092,20,3790,17040
3,1695057941092,20,3774,17060
3,1695057941092,20,3774,17080
3,1695057941092,23,3774,17103
3,1695057941092,18,3774,17121
3,1695057941092,21,3774,17142
3,1695057941092,20,3774,17162
3,1695057941092,27,3774,17189
3,1695057941092,13,3766,17202
3,1695057941092,20,3766,17222
3,1695057941092,20,3774,17242
3,1695057941092,28,3758,17270
3,1695057941092,13,3758,17283
3,1695057941092,19,3758,17302
3,1695057941092,20,3758,17322
3,1695057941092,41,3758,17363
3,1695057941092,20,3758,17383
3,1695057941092,20,3758,17403
3,1695057941092,24,3766,17427
3,1695057941092,16,3766,17443
3,1695057941092,20,3774,17463
3,1695057941092,20,3774,17483
3,1695057941092,21,3774,17504
3,1695057941092,19,3774,17523
3,1695057941092,20,3774,17543
3,1695057941092,20,3774,17563
3,1695057941092,20,3790,17583
3,1695057941092,20,3774,17603
3,1695057941092,20,3774,17623
3,1695057941092,21,3798,17644
3,1695057941092,19,3774,17663
3,1695057941092,20,3774,17683
3,1695057941092,20,3774,17703
3,1695057941092,23,3774,17726
3,1695057941092,18,3774,17744
3,1695057941092,20,3790,17764
3,1695057941092,20,3774,17784
3,1695057941092,27,3774,17811
3,1695057941092,14,3774,17825
3,1695057941092,26,3774,17851
3,1695057941092,13,3766,17864
3,1695057941092,27,3766,17891
3,1695057941092,13,3774,17904
3,1695057941092,20,3774,17924
3,1695057941092,20,3758,17944
3,1695057941092,41,3770,17985
3,1695057941092,20,3766,18005
3,1695057941092,20,3758,18025
3,1695057941092,25,3758,18050
3,1695057941092,16,3758,18066
3,1695057941092,20,3758,18086
3,1695057941092,20,3754,18106
3,1695057941092,21,3758,18127
3,1695057941092,19,3758,18146
3,1695057941092,20,3742,18166
3,1695057941092,20,3742,18186
3,1695057941092,20,3742,18206
3,1695057941092,20,3742,18226
3,1695057941092,20,3742,18246
3,1695057941092,23,3742,18269
3,1695057941092,18,3742,18287
3,1695057941092,20,3758,18307
3,1695057941092,44,3758,18351
3,1695057941092,17,3742,18368
3,1695057941092,20,3758,18388
3,1695057941092,20,3758,18408
3,1695057941092,27,3758,18435
3,1695057941092,13,3742,18448
3,1695057941092,20,3754,18468
3,1695057941092,19,3758,18487
3,1695057941092,28,3758,18515
3,1695057941092,13,3758,18528
3,1695057941092,20,3758,18548
3,1695057941092,21,3758,18569
3,1695057941092,40,3758,18609
3,1695057941092,20,3758,18629
3,1695057941092,20,3758,18649
3,1695057941092,24,3758,18673
3,1695057941092,16,3758,18689
3,1695057941092,20,3742,18709
3,1695057941092,20,3742,18729
3,1695057941092,21,3742,18750
3,1695057941092,19,3742,18769
3,1695057941092,20,3734,18789
3,1695057941092,20,3742,18809
3,1695057941092,20,3742,18829
3,1695057941092,20,3742,18849
3,1695057941092,20,3742,18869
3,1695057941092,24,3742,18893
3,1695057941092,18,3726,18911
3,1695057941092,19,3734,18930
3,1695057941092,21,3726,18951
3,1695057941092,22,3710,18973
3,1695057941092,18,3734,18991
3,1695057941092,20,3726,19011
3,1695057941092,20,3726,19031
3,1695057941092,27,3710,19058
3,1695057941092,13,3710,19071
3,1695057941092,20,3710,19091
3,1695057941092,20,3710,19111
3,1695057941092,27,3710,19138
3,1695057941092,13,3710,19151
3,1695057941092,19,3710,19170
3,1695057941092,20,3710,19190
3,1695057941092,41,3710,19231
3,1695057941092,20,3710,19251
3,1695057941092,20,3710,19271
3,1695057941092,25,3710,19296
3,1695057941092,16,3710,19312
3,1695057941092,20,3710,19332
3,1695057941092,20,3726,19352
3,1695057941092,21,3710,19373
3,1695057941092,19,3710,19392
3,1695057941092,20,3710,19412
3,1695057941092,20,3710,19432
3,1695057941092,20,3710,19452
3,1695057941092,21,3710,19473
3,1695057941092,26,3710,19499
3,1695057941092,17,3710,19516
3,1695057941092,18,3710,19534
3,1695057941092,18,3710,19552
3,1695057941092,20,3710,19572
3,1695057941092,21,3710,19593
3,1695057941092,19,3710,19612
3,1695057941092,20,3710,19632
3,1695057941092,20,3710,19652
3,1695057941092,27,3710,19679
3,1695057941092,13,3710,19692
3,1695057941092,20,3694,19712
3,1695057941092,20,3702,19732
3,1695057941092,27,3702,19759
3,1695057941092,13,3694,19772
3,1695057941092,20,3702,19792
3,1695057941092,20,3694,19812
3,1695057941092,41,3694,19853
3,1695057941092,20,3694,19873
3,1695057941092,20,3694,19893
3,1695057941092,41,3678,19934
3,1695057941092,20,3678,19954
3,1695057941092,20,3694,19974
3,1695057941092,21,3678,19995
3,1695057941092,19,3678,20014
3,1695057941092,20,3678,20034
3,1695057941092,20,3678,20054
3,1695057941092,20,3678,20074
3,1695057941092,20,3678,20094
3,1695057941092,20,3678,20114
3,1695057941092,23,3694,20137
3,1695057941092,18,3678,20155
3,1695057941092,20,3694,20175
3,1695057941092,20,3694,20195
3,1695057941092,23,3694,20218
3,1695057941092,18,3678,20236
3,1695057941092,20,3694,20256
3,1695057941092,20,3694,20276
3,1695057941092,27,3690,20303
3,1695057941092,13,3694,20316
3,1695057941092,20,3694,20336
3,1695057941092,20,3694,20356
3,1695057941092,27,3694,20383
3,1695057941092,13,3694,20396
3,1695057941092,21,3678,20417
3,1695057941092,27,3694,20444
3,1695057941092,34,3694,20478
3,1695057941092,20,3690,20498
3,1695057941092,20,3678,20518
3,1695057941092,24,3694,20542
3,1695057941092,17,3678,20559
3,1695057941092,20,3678,20579
3,1695057941092,20,3678,20599
3,1695057941092,21,3678,20620
3,1695057941092,19,3678,20639
3,1695057941092,20,3678,20659
3,1695057941092,20,3678,20679
3,1695057941092,20,3678,20699
3,1695057941092,20,3670,20719
3,1695057941092,20,3670,20739
3,1695057941092,23,3678,20762
3,1695057941092,18,3678,20780
3,1695057941092,19,3678,20799
3,1695057941092,20,3670,20819
3,1695057941092,23,3678,20842
3,1695057941092,18,3670,20860
3,1695057941092,20,3678,20880
3,1695057941092,20,3662,20900
3,1695057941092,28,3670,20928
3,1695057941092,13,3670,20941
3,1695057941092,19,3674,20960
3,1695057941092,20,3662,20980
3,1695057941092,27,3678,21007
3,1695057941092,34,3674,21041
3,1695057941092,20,3670,21061
3,1695057941092,41,3678,21102
3,1695057941092,20,3674,21122
3,1695057941092,20,3678,21142
3,1695057941092,24,3670,21166
3,1695057941092,17,3662,21183
3,1695057941092,20,3678,21203
3,1695057941092,20,3670,21223
3,1695057941092,21,3670,21244
3,1695057941092,19,3670,21263
3,1695057941092,20,3662,21283
3,1695057941092,20,3662,21303
3,1695057941092,21,3670,21324
3,1695057941092,19,3662,21343
3,1695057941092,20,3670,21363
3,1695057941092,23,3662,21386
3,1695057941092,18,3662,21404
3,1695057941092,20,3662,21424
3,1695057941092,20,3646,21444
3,1695057941092,23,3662,21467
3,1695057941092,17,3646,21484
3,1695057941092,20,3646,21504
3,1695057941092,21,3646,21525
3,1695057941092,28,3646,21553
3,1695057941092,14,3646,21567
3,1695057941092,19,3646,21586
3,1695057941092,20,3638,21606
3,1695057941092,27,3638,21633
3,1695057941092,35,3630,21668
3,1695057941092,20,3638,21688
3,1695057941092,40,3626,21728
3,1695057941092,20,3630,21748
3,1695057941092,20,3614,21768
3,1695057941092,24,3626,21792
3,1695057941092,17,3630,21809
3,1695057941092,20,3626,21829
3,1695057941092,20,3626,21849
3,1695057941092,21,3630,21870
3,1695057941092,19,3630,21889
3,1695057941092,20,3630,21909
3,1695057941092,20,3626,21929
3,1695057941092,21,3626,21950
3,1695057941092,19,3630,21969
3,1695057941092,20,3630,21989
3,1695057941092,23,3630,22012
3,1695057941092,18,3630,22030
3,1695057941092,20,3630,22050
3,1695057941092,20,3628,22070
3,1695057941092,23,3630,22093
3,1695057941092,17,3626,22110
3,1695057941092,20,3626,22130
3,1695057941092,20,3614,22150
3,1695057941092,27,3610,22177
3,1695057941092,34,3614,22211
3,1695057941092,21,3614,22232
3,1695057941092,38,3606,22270
3,1695057941092,8,3606,22278
3,1695057941092,14,3606,22292
3,1695057941092,19,3582,22311
3,1695057941092,41,3582,22352
3,1695057941092,20,3582,22372
3,1695057941092,20,3582,22392
3,1695057941092,24,3582,22416
3,1695057941092,17,3582,22433
3,1695057941092,20,3582,22453
3,1695057941092,20,3582,22473
3,1695057941092,21,3582,22494
3,1695057941092,19,3582,22513
3,1695057941092,20,3582,22533
3,1695057941092,20,3582,22553
3,1695057941092,20,3574,22573
3,1695057941092,20,3566,22593
3,1695057941092,20,3566,22613
3,1695057941092,23,3566,22636
3,1695057941092,18,3566,22654
3,1695057941092,20,3566,22674
3,1695057941092,20,3550,22694
3,1695057941092,24,3550,22718
3,1695057941092,17,3550,22735
3,1695057941092,20,3566,22755
3,1695057941092,20,3550,22775
3,1695057941092,27,3550,22802
3,1695057941092,14,3550,22816
3,1695057941092,20,3550,22836
3,1695057941092,20,3550,22856
3,1695057941092,27,3550,22883
3,1695057941092,34,3550,22917
3,1695057941092,20,3566,22937
3,1695057941092,41,3566,22978
3,1695057941092,20,3550,22998
3,1695057941092,20,3566,23018
3,1695057941092,24,3562,23042
3,1695057941092,17,3542,23059
3,1695057941092,20,3550,23079
3,1695057941092,21,3542,23100
3,1695057941092,40,3542,23140
3,1695057941092,9,3550,23149
3,1695057941092,14,3550,23163
3,1695057941092,18,3550,23181
3,1695057941092,21,3542,23202
3,1695057941092,20,3550,23222
3,1695057941092,20,3542,23242
3,1695057941092,23,3534,23265
3,1695057941092,18,3518,23283
3,1695057941092,20,3550,23303
3,1695057941092,20,3534,23323
3,1695057941092,23,3534,23346
3,1695057941092,18,3542,23364
3,1695057941092,20,3518,23384
3,1695057941092,20,3518,23404
3,1695057941092,27,3518,23431
3,1695057941092,34,3518,23465
3,1695057941092,21,3518,23486
3,1695057941092,26,3518,23512
3,1695057941092,34,3518,23546
3,1695057941092,20,3518,23566
3,1695057941092,20,3518,23586
3,1695057941092,20,3518,23606
3,1695057941092,20,3514,23626
3,1695057941092,20,3502,23646
3,1695057941092,23,3518,23669
3,1695057941092,17,3518,23686
3,1695057941092,20,3518,23706
3,1695057941092,20,3518,23726
3,1695057941092,21,3518,23747
3,1695057941092,20,3518,23767
3,1695057941092,20,3518,23787
3,1695057941092,20,3518,23807
3,1695057941092,22,3518,23829
3,1695057941092,19,3518,23848
3,1695057941092,20,3534,23868
3,1695057941092,23,3534,23891
3,1695057941092,18,3518,23909
3,1695057941092,19,3534,23928
3,1695057941092,20,3534,23948
3,1695057941092,23,3534,23971
3,1695057941092,17,3542,23988
3,1695057941092,21,3534,24009
3,1695057941092,27,3534,24036
3,1695057941092,20,3534,24056
3,1695057941092,14,3518,24070
3,1695057941092,19,3518,24089
3,1695057941092,20,3518,24109
3,1695057941092,27,3534,24136
3,1695057941092,34,3534,24170
3,1695057941092,20,3534,24190
3,1695057941092,41,3534,24231
3,1695057941092,20,3542,24251
3,1695057941092,20,3542,24271
3,1695057941092,23,3518,24294
3,1695057941092,17,3542,24311
3,1695057941092,20,3542,24331
3,1695057941092,20,3534,24351
3,1695057941092,21,3534,24372
3,1695057941092,20,3542,24392
3,1695057941092,20,3542,24412
3,1695057941092,20,3542,24432
3,1695057941092,21,3542,24453
3,1695057941092,27,3542,24480
3,1695057941092,14,3518,24494
3,1695057941092,21,3542,24515
3,1695057941092,18,3542,24533
3,1695057941092,20,3542,24553
3,1695057941092,20,3550,24573
3,1695057941092,23,3534,24596
3,1695057941092,17,3542,24613
3,1695057941092,20,3542,24633
3,1695057941092,20,3550,24653
3,1695057941092,27,3550,24680
3,1695057941092,34,3550,24714
3,1695057941092,20,3550,24734
3,1695057941092,28,3550,24762
3,1695057941092,14,3550,24776
3,1695057941092,19,3550,24795
3,1695057941092,20,3550,24815
3,1695057941092,41,3550,24856
3,1695057941092,20,3550,24876
3,1695057941092,20,3566,24896
3,1695057941092,24,3562,24920
3,1695057941092,32,3566,24952
3,1695057941092,9,3550,24961
3,1695057941092,16,3566,24977
3,1695057941092,21,3566,24998
3,1695057941092,20,3550,25018
3,1695057941092,20,3566,25038
3,1695057941092,20,3574,25058
3,1695057941092,21,3574,25079
3,1695057941092,20,3566,25099
3,1695057941092,20,3574,25119
3,1695057941092,23,3566,25142
3,1695057941092,18,3566,25160
3,1695057941092,20,3574,25180
3,1695057941092,20,3566,25200
3,1695057941092,23,3566,25223
3,1695057941092,17,3574,25240
3,1695057941092,20,3566,25260
3,1695057941092,20,3582,25280
3,1695057941092,27,3566,25307
3,1695057941092,14,3566,25321
3,1695057941092,19,3566,25340
3,1695057941092,20,3566,25360
3,1695057941092,27,3578,25387
3,1695057941092,14,3582,25401
3,1695057941092,19,3578,25420
3,1695057941092,20,3574,25440
3,1695057941092,41,3582,25481
3,1695057941092,20,3582,25501
3,1695057941092,20,3582,25521
3,1695057941092,23,3582,25544
3,1695057941092,17,3582,25561
3,1695057941092,20,3582,25581
3,1695057941092,20,3582,25601
3,1695057941092,21,3582,25622
3,1695057941092,20,3582,25642
3,1695057941092,20,3582,25662
3,1695057941092,20,3582,25682
3,1695057941092,21,3582,25703
3,1695057941092,20,3582,25723
3,1695057941092,20,3582,25743
3,1695057941092,23,3582,25766
3,1695057941092,18,3582,25784
3,1695057941092,19,3582,25803
3,1695057941092,21,3582,25824
3,1695057941092,39,3582,25863
3,1695057941092,9,3582,25872
3,1695057941092,14,3582,25886
3,1695057941092,19,3582,25905
3,1695057941092,27,3582,25932
3,1695057941092,34,3582,25966
3,1695057941092,20,3582,25986
3,1695057941092,28,3582,26014
3,1695057941092,14,3582,26028
3,1695057941092,19,3582,26047
3,1695057941092,20,3582,26067
3,1695057941092,41,3582,26108
3,1695057941092,20,3582,26128
3,1695057941092,20,3582,26148
3,1695057941092,23,3582,26171
3,1695057941092,17,3582,26188
3,1695057941092,21,3582,26209
3,1695057941092,35,3582,26244
3,1695057941092,9,3614,26253
3,1695057941092,16,3614,26269
3,1695057941092,20,3626,26289
3,1695057941092,20,3630,26309
3,1695057941092,21,3638,26330
3,1695057941092,20,3638,26350
3,1695057941092,20,3630,26370
3,1695057941092,23,3646,26393
3,1695057941092,18,3646,26411
3,1695057941092,20,3646,26431
3,1695057941092,20,3662,26451
3,1695057941092,23,3646,26474
3,1695057941092,18,3662,26492
3,1695057941092,20,3662,26512
3,1695057941092,20,3662,26532
3,1695057941092,27,3662,26559
3,1695057941092,34,3674,26593
3,1695057941092,20,3670,26613
3,1695057941092,27,3670,26640
3,1695057941092,34,3670,26674
3,1695057941092,20,3670,26694
3,1695057941092,41,3678,26735
3,1695057941092,20,3662,26755
3,1695057941092,20,3670,26775
3,1695057941092,23,3674,26798
3,1695057941092,18,3678,26816
3,1695057941092,20,3678,26836
3,1695057941092,20,3662,26856
3,1695057941092,21,3674,26877
3,1695057941092,19,3678,26896
3,1695057941092,20,3678,26916
3,1695057941092,20,3678,26936
3,1695057941092,22,3678,26958
3,1695057941092,27,3670,26985
3,1695057941092,14,3678,26999
3,1695057941092,22,3678,27021
3,1695057941092,18,3694,27039
3,1695057941092,19,3694,27058
3,1695057941092,20,3702,27078
3,1695057941092,23,3710,27101
3,1695057941092,18,3710,27119
3,1695057941092,20,3710,27139
3,1695057941092,20,3726,27159
3,1695057941092,27,3742,27186
3,1695057941092,34,3742,27220
3,1695057941092,20,3738,27240
3,1695057941092,27,3734,27267
3,1695057941092,34,3742,27301
3,1695057941092,20,3758,27321
3,1695057941092,20,3742,27341
3,1695057941092,20,3758,27361
3,1695057941092,20,3758,27381
3,1695057941092,20,3758,27401
3,1695057941092,23,3766,27424
3,1695057941092,18,3766,27442
3,1695057941092,20,3774,27462
3,1695057941092,21,3770,27483
3,1695057941092,39,3774,27522
3,1695057941092,9,3774,27531
3,1695057941092,14,3774,27545
3,1695057941092,18,3774,27563
3,1695057941092,22,3766,27585
3,1695057941092,18,3758,27603
3,1695057941092,21,3774,27624
3,1695057941092,22,3774,27646
3,1695057941092,18,3774,27664
3,1695057941092,19,3790,27683
3,1695057941092,20,3774,27703
3,1695057941092,23,3774,27726
3,1695057941092,18,3774,27744
3,1695057941092,20,3774,27764
3,1695057941092,20,3774,27784
3,1695057941092,27,3774,27811
3,1695057941092,34,3774,27845
3,1695057941092,20,3790,27865
3,1695057941092,27,3798,27892
3,1695057941092,34,3806,27926
3,1695057941092,20,3806,27946
3,1695057941092,41,3806,27987
3,1695057941092,20,3822,28007
3,1695057941092,21,3822,28028
3,1695057941092,22,3838,28050
3,1695057941092,18,3838,28068
3,1695057941092,20,3830,28088
3,1695057941092,20,3830,28108
3,1695057941092,21,3838,28129
3,1695057941092,19,3838,28148
3,1695057941092,20,3838,28168
3,1695057941092,20,3838,28188
3,1695057941092,21,3838,28209
3,1695057941092,19,3838,28228
3,1695057941092,20,3838,28248
3,1695057941092,24,3862,28272
3,1695057941092,18,3838,28290
3,1695057941092,18,3862,28308
3,1695057941092,20,3862,28328
3,1695057941092,23,3862,28351
3,1695057941092,18,3862,28369
3,1695057941092,27,3838,28396
3,1695057941092,14,3838,28410
3,1695057941092,25,3838,28435
3,1695057941092,14,3838,28449
3,1695057941092,20,3862,28469
3,1695057941092,20,3838,28489
3,1695057941092,27,3838,28516
3,1695057941092,14,3838,28530
3,1695057941092,20,3862,28550
3,1695057941092,20,3838,28570
3,1695057941092,41,3838,28611
3,1695057941092,20,3838,28631
3,1695057941092,20,3838,28651
3,1695057941092,23,3838,28674
3,1695057941092,18,3838,28692
3,1695057941092,20,3838,28712
3,1695057941092,20,3838,28732
3,1695057941092,21,3870,28753
3,1695057941092,19,3870,28772
3,1695057941092,20,3870,28792
3,1695057941092,20,3870,28812
3,1695057941092,21,3870,28833
3,1695057941092,19,3870,28852
3,1695057941092,20,3886,28872
3,1695057941092,24,3886,28896
3,1695057941092,18,3886,28914
3,1695057941092,19,3886,28933
3,1695057941092,20,3902,28953
3,1695057941092,23,3886,28976
3,1695057941092,18,3886,28994
3,1695057941092,20,3902,29014
3,1695057941092,20,3902,29034
3,1695057941092,27,3898,29061
3,1695057941092,14,3902,29075
3,1695057941092,20,3902,29095
3,1695057941092,20,3902,29115
3,1695057941092,27,3902,29142
3,1695057941092,14,3894,29156
3,1695057941092,20,3894,29176
3,1695057941092,21,3902,29197
3,1695057941092,28,3902,29225
3,1695057941092,14,3894,29239
3,1695057941092,18,3902,29257
3,1695057941092,20,3902,29277
3,1695057941092,22,3894,29299
3,1695057941092,18,3902,29317
3,1695057941092,20,3894,29337
3,1695057941092,20,3902,29357
3,1695057941092,21,3902,29378
3,1695057941092,19,3886,29397
3,1695057941092,20,3894,29417
3,1695057941092,20,3886,29437
3,1695057941092,21,3886,29458
3,1695057941092,20,3886,29478
3,1695057941092,20,3886,29498
3,1695057941092,23,3886,29521
3,1695057941092,18,3886,29539
3,1695057941092,19,3886,29558
3,1695057941092,20,3870,29578
3,1695057941092,23,3886,29601
3,1695057941092,17,3886,29618
3,1695057941092,20,3894,29638
3,1695057941092,20,3886,29658
3,1695057941092,27,3894,29685
3,1695057941092,14,3902,29699
3,1695057941092,20,3886,29719
3,1695057941092,20,3894,29739
3,1695057941092,27,3902,29766
3,1695057941092,14,3902,29780
3,1695057941092,19,3902,29799
3,1695057941092,20,3894,29819
3,1695057941092,41,3902,29860
3,1695057941092,20,3902,29880
3,1695057941092,20,3902,29900
3,1695057941092,22,3902,29922
3,1695057941092,19,3902,29941
3,1695057941092,27,3902,29968
3,1695057941092,14,3918,29982
3,1695057941092,21,3902,30003
3,1695057941092,18,3898,30021
3,1695057941092,20,3902,30041
3,1695057941092,20,3902,30061
3,1695057941092,21,3902,30082
3,1695057941092,19,3902,30101
3,1695057941092,20,3902,30121
3,1695057941092,23,3902,30144
3,1695057941092,18,3902,30162
3,1695057941092,19,3894,30181
3,1695057941092,20,3894,30201
3,1695057941092,23,3886,30224
3,1695057941092,17,3886,30241
3,1695057941092,20,3886,30261
3,1695057941092,20,3886,30281
3,1695057941092,27,3886,30308
3,1695057941092,14,3886,30322
3,1695057941092,19,3886,30341
3,1695057941092,20,3870,30361
3,1695057941092,27,3886,30388
3,1695057941092,14,3870,30402
3,1695057941092,19,3870,30421
3,1695057941092,20,3870,30441
3,1695057941092,41,3870,30482
3,1695057941092,20,3870,30502
3,1695057941092,20,3870,30522
3,1695057941092,22,3886,30544
3,1695057941092,18,3886,30562
3,1695057941092,20,3870,30582
3,1695057941092,20,3882,30602
3,1695057941092,21,3870,30623
3,1695057941092,19,3870,30642
3,1695057941092,20,3870,30662
3,1695057941092,20,3886,30682
3,1695057941092,21,3886,30703
3,1695057941092,19,3878,30722
3,1695057941092,21,3870,30743
3,1695057941092,22,3886,30765
3,1695057941092,18,3886,30783
3,1695057941092,19,3882,30802
3,1695057941092,21,3870,30823
3,1695057941092,39,3882,30862
3,1695057941092,9,3870,30871
3,1695057941092,14,3882,30885
3,1695057941092,18,3886,30903
3,1695057941092,27,3870,30930
3,1695057941092,14,3878,30944
3,1695057941092,19,3870,30963
3,1695057941092,20,3870,30983
3,1695057941092,27,3838,31010
3,1695057941092,14,3870,31024
3,1695057941092,19,3862,31043
3,1695057941092,20,3866,31063
3,1695057941092,41,3838,31104
3,1695057941092,20,3838,31124
3,1695057941092,20,3838,31144
3,1695057941092,20,3838,31164
3,1695057941092,20,3838,31184
3,1695057941092,20,3838,31204
3,1695057941092,20,3838,31224
3,1695057941092,22,3838,31246
3,1695057941092,18,3838,31264
3,1695057941092,20,3838,31284
3,1695057941092,20,3838,31304
3,1695057941092,21,3838,31325
3,1695057941092,19,3838,31344
3,1695057941092,20,3838,31364
3,1695057941092,23,3830,31387
3,1695057941092,18,3838,31405
3,1695057941092,19,3830,31424
3,1695057941092,20,3830,31444
3,1695057941092,23,3838,31467
3,1695057941092,17,3830,31484
3,1695057941092,20,3830,31504
3,1695057941092,20,3838,31524
3,1695057941092,27,3838,31551
3,1695057941092,14,3830,31565
3,1695057941092,19,3838,31584
3,1695057941092,20,3838,31604
3,1695057941092,28,3830,31632
3,1695057941092,14,3838,31646
3,1695057941092,18,3838,31664
3,1695057941092,20,3838,31684
3,1695057941092,41,3838,31725
3,1695057941092,20,3838,31745
3,1695057941092,20,3822,31765
3,1695057941092,22,3822,31787
3,1695057941092,18,3830,31805
3,1695057941092,20,3822,31825
3,1695057941092,20,3834,31845
3,1695057941092,22,3822,31867
3,1695057941092,27,3838,31894
3,1695057941092,14,3822,31908
3,1695057941092,21,3822,31929
3,1695057941092,19,3822,31948
3,1695057941092,18,3822,31966
3,1695057941092,20,3822,31986
3,1695057941092,23,3806,32009
3,1695057941092,18,3806,32027
3,1695057941092,19,3822,32046
3,1695057941092,20,3806,32066
3,1695057941092,27,3822,32093
3,1695057941092,14,3806,32107
3,1695057941092,19,3806,32126
3,1695057941092,20,3806,32146
3,1695057941092,27,3798,32173
3,1695057941092,14,3798,32187
3,1695057941092,19,3806,32206
3,1695057941092,20,3790,32226
3,1695057941092,27,3806,32253
3,1695057941092,14,3806,32267
3,1695057941092,19,3798,32286
3,1695057941092,20,3798,32306
3,1695057941092,41,3798,32347
3,1695057941092,20,3798,32367
3,1695057941092,20,3802,32387
3,1695057941092,23,3798,32410
3,1695057941092,18,3806,32428
3,1695057941092,20,3806,32448
3,1695057941092,20,3806,32468
3,1695057941092,21,3806,32489
3,1695057941092,19,3806,32508
3,1695057941092,20,3806,32528
3,1695057941092,23,3806,32551
3,1695057941092,19,3806,32570
3,1695057941092,19,3806,32589
3,1695057941092,20,3806,32609
3,1695057941092,23,3806,32632
3,1695057941092,19,3806,32651
3,1695057941092,19,3806,32670
3,1695057941092,20,3822,32690
3,1695057941092,28,3798,32718
3,1695057941092,32,3806,32750
3,1695057941092,21,3806,32771
3,1695057941092,27,3822,32798
3,1695057941092,14,3806,32812
3,1695057941092,19,3806,32831
3,1695057941092,20,3806,32851
3,1695057941092,41,3806,32892
3,1695057941092,20,3798,32912
3,1695057941092,20,3806,32932
3,1695057941092,41,3802,32973
3,1695057941092,20,3806,32993
3,1695057941092,20,3798,33013
3,1695057941092,20,3790,33033
3,1695057941092,20,3798,33053
3,1695057941092,20,3798,33073
3,1695057941092,20,3798,33093
3,1695057941092,21,3798,33114
3,1695057941092,19,3774,33133
3,1695057941092,20,3798,33153
3,1695057941092,23,3774,33176
3,1695057941092,19,3798,33195
3,1695057941092,19,3798,33214
3,1695057941092,20,3790,33234
3,1695057941092,23,3798,33257
3,1695057941092,19,3798,33276
3,1695057941092,19,3798,33295
3,1695057941092,20,3806,33315
3,1695057941092,27,3806,33342
3,1695057941092,14,3806,33356
3,1695057941092,19,3806,33375
3,1695057941092,20,3806,33395
3,1695057941092,27,3806,33422
3,1695057941092,14,3806,33436
3,1695057941092,20,3806,33456
3,1695057941092,20,3806,33476
3,1695057941092,41,3822,33517
3,1695057941092,20,3806,33537
3,1695057941092,21,3806,33558
3,1695057941092,40,3806,33598
3,1695057941092,20,3806,33618
3,1695057941092,20,3806,33638
3,1695057941092,22,3806,33660
3,1695057941092,19,3806,33679
3,1695057941092,20,3806,33699
3,1695057941092,20,3822,33719
3,1695057941092,21,3806,33740
3,1695057941092,19,3806,33759
3,1695057941092,20,3822,33779
3,1695057941092,23,3806,33802
3,1695057941092,19,3806,33821
3,1695057941092,19,3806,33840
3,1695057941092,20,3806,33860
3,1695057941092,23,3806,33883
3,1695057941092,17,3806,33900
3,1695057941092,20,3806,33920
3,1695057941092,20,3806,33940
3,1695057941092,27,3806,33967
3,1695057941092,14,3790,33981
3,1695057941092,19,3806,34000
3,1695057941092,20,3806,34020
3,1695057941092,27,3806,34047
3,1695057941092,14,3806,34061
3,1695057941092,19,3806,34080
3,1695057941092,20,3806,34100
3,1695057941092,41,3806,34141
3,1695057941092,20,3806,34161
3,1695057941092,20,3806,34181
3,1695057941092,24,3806,34205
3,1695057941092,16,3806,34221
3,1695057941092,20,3806,34241
3,1695057941092,20,3822,34261
3,1695057941092,22,3822,34283
3,1695057941092,18,3806,34301
3,1695057941092,20,3822,34321
3,1695057941092,20,3830,34341
3,1695057941092,22,3822,34363
3,1695057941092,18,3830,34381
3,1695057941092,20,3830,34401
3,1695057941092,23,3830,34424
3,1695057941092,19,3830,34443
3,1695057941092,19,3822,34462
3,1695057941092,20,3838,34482
3,1695057941092,23,3830,34505
3,1695057941092,17,3822,34522
3,1695057941092,20,3830,34542
3,1695057941092,21,3830,34563
3,1695057941092,39,3822,34602
3,1695057941092,9,3838,34611
3,1695057941092,14,3822,34625
3,1695057941092,17,3822,34642
3,1695057941092,27,3834,34669
3,1695057941092,14,3830,34683
3,1695057941092,19,3822,34702
3,1695057941092,20,3838,34722
3,1695057941092,41,3822,34763
3,1695057941092,20,3822,34783
3,1695057941092,20,3830,34803
3,1695057941092,41,3830,34844
3,1695057941092,20,3838,34864
3,1695057941092,20,3822,34884
3,1695057941092,22,3838,34906
3,1695057941092,18,3838,34924
3,1695057941092,20,3838,34944
3,1695057941092,20,3838,34964
3,1695057941092,20,3838,34984
3,1695057941092,20,3838,35004
3,1695057941092,20,3838,35024
3,1695057941092,22,3838,35046
3,1695057941092,19,3838,35065
3,1695057941092,19,3870,35084
3,1695057941092,20,3866,35104
3,1695057941092,23,3870,35127
3,1695057941092,17,3870,35144
3,1695057941092,20,3866,35164
3,1695057941092,20,3870,35184
3,1695057941092,28,3870,35212
3,1695057941092,14,3870,35226
3,1695057941092,18,3886,35244
3,1695057941092,21,3878,35265
3,1695057941092,27,3894,35292
3,1695057941092,33,3886,35325
3,1695057941092,21,3902,35346
3,1695057941092,41,3902,35387
3,1695057941092,20,3894,35407
3,1695057941092,20,3894,35427
3,1695057941092,24,3902,35451
3,1695057941092,16,3902,35467
3,1695057941092,20,3902,35487
3,1695057941092,20,3902,35507
3,1695057941092,21,3898,35528
3,1695057941092,19,3902,35547
3,1695057941092,20,3902,35567
3,1695057941092,20,3902,35587
3,1695057941092,21,3902,35608
3,1695057941092,19,3902,35627
3,1695057941092,20,3902,35647
3,1695057941092,23,3902,35670
3,1695057941092,19,3918,35689
3,1695057941092,19,3918,35708
3,1695057941092,20,3902,35728
3,1695057941092,23,3926,35751
3,1695057941092,18,3918,35769
3,1695057941092,20,3918,35789
3,1695057941092,20,3934,35809
3,1695057941092,27,3926,35836
3,1695057941092,14,3926,35850
3,1695057941092,19,3934,35869
3,1695057941092,20,3934,35889
3,1695057941092,28,3950,35917
3,1695057941092,14,3950,35931
3,1695057941092,18,3934,35949
3,1695057941092,20,3950,35969
3,1695057941092,41,3950,36010
3,1695057941092,20,3950,36030
3,1695057941092,20,3966,36050
3,1695057941092,24,3966,36074
3,1695057941092,16,3958,36090
3,1695057941092,20,3958,36110
3,1695057941092,21,3966,36131
3,1695057941092,21,3966,36152
3,1695057941092,19,3966,36171
3,1695057941092,20,3966,36191
3,1695057941092,20,3966,36211
3,1695057941092,21,3966,36232
3,1695057941092,19,3966,36251
3,1695057941092,21,3966,36272
3,1695057941092,39,3966,36311
3,1695057941092,9,3990,36320
3,1695057941092,15,3990,36335
3,1695057941092,17,3966,36352
3,1695057941092,23,3982,36375
3,1695057941092,17,3982,36392
3,1695057941092,20,3966,36412
3,1695057941092,20,3982,36432
3,1695057941092,27,3990,36459
3,1695057941092,15,3990,36474
3,1695057941092,19,3990,36493
3,1695057941092,20,3998,36513
3,1695057941092,27,3998,36540
3,1695057941092,15,3998,36555
3,1695057941092,19,4014,36574
3,1695057941092,20,4014,36594
3,1695057941092,41,4014,36635
3,1695057941092,20,4030,36655
3,1695057941092,20,4030,36675
3,1695057941092,41,4030,36716
3,1695057941092,20,4030,36736
3,1695057941092,20,4030,36756
3,1695057941092,21,4030,36777
3,1695057941092,19,4030,36796
3,1695057941092,20,4046,36816
3,1695057941092,20,4046,36836
3,1695057941092,21,4054,36857
3,1695057941092,19,4054,36876
3,1695057941092,20,4054,36896
3,1695057941092,21,4054,36917
3,1695057941092,19,4054,36936
3,1695057941092,20,4062,36956
3,1695057941092,20,4054,36976
3,1695057941092,23,4062,36999
3,1695057941092,17,4062,37016
3,1695057941092,20,4078,37036
3,1695057941092,20,4062,37056
3,1695057941092,27,4062,37083
3,1695057941092,15,4078,37098
3,1695057941092,19,4078,37117
3,1695057941092,20,4078,37137
3,1695057941092,27,4078,37164
3,1695057941092,15,4078,37179
3,1695057941092,20,4078,37199
3,1695057941092,28,4078,37227
3,1695057941092,33,4078,37260
3,1695057941092,20,4086,37280
3,1695057941092,20,4094,37300
3,1695057941092,41,4086,37341
3,1695057941092,20,4094,37361
3,1695057941092,20,4094,37381
3,1695057941092,22,4094,37403
3,1695057941092,19,4094,37422
3,1695057941092,20,4094,37442
3,1695057941092,20,4094,37462
3,1695057941092,22,4094,37484
3,1695057941092,19,4094,37503
3,1695057941092,20,4094,37523
3,1695057941092,23,4142,37546
3,1695057941092,19,4150,37565
3,1695057941092,19,4142,37584
3,1695057941092,20,4158,37604
3,1695057941092,23,4158,37627
3,1695057941092,17,4158,37644
3,1695057941092,20,4158,37664
3,1695057941092,20,4174,37684
3,1695057941092,27,4182,37711
3,1695057941092,15,4174,37726
3,1695057941092,19,4190,37745
3,1695057941092,20,4190,37765
3,1695057941092,27,4182,37792
3,1695057941092,15,4190,37807
3,1695057941092,19,4190,37826
3,1695057941092,20,4190,37846
3,1695057941092,41,4190,37887
3,1695057941092,28,4190,37915
3,1695057941092,15,4186,37930
3,1695057941092,21,4190,37951
3,1695057941092,16,4190,37967
3,1695057941092,21,4206,37988
3,1695057941092,20,4190,38008
3,1695057941092,22,4190,38030
3,1695057941092,19,4206,38049
3,1695057941092,20,4206,38069
3,1695057941092,20,4214,38089
3,1695057941092,22,4222,38111
3,1695057941092,19,4222,38130
3,1695057941092,20,4222,38150
3,1695057941092,23,4222,38173
3,1695057941092,19,4238,38192
3,1695057941092,19,4222,38211
3,1695057941092,20,4246,38231
3,1695057941092,23,4254,38254
3,1695057941092,17,4254,38271
3,1695057941092,20,4254,38291
3,1695057941092,20,4270,38311
3,1695057941092,27,4266,38338
3,1695057941092,15,4270,38353
3,1695057941092,19,4278,38372
3,1695057941092,20,4278,38392
3,1695057941092,27,4286,38419
3,1695057941092,15,4270,38434
3,1695057941092,19,4286,38453
3,1695057941092,20,4286,38473
3,1695057941092,41,4286,38514
3,1695057941092,20,4286,38534
3,1695057941092,20,4286,38554
3,1695057941092,24,4286,38578
3,1695057941092,16,4310,38594
3,1695057941092,20,4310,38614
3,1695057941092,20,4302,38634
3,1695057941092,22,4302,38656
3,1695057941092,19,4310,38675
3,1695057941092,20,4310,38695
3,1695057941092,20,4310,38715
3,1695057941092,22,4302,38737
3,1695057941092,18,4310,38755
3,1695057941092,21,4310,38776
3,1695057941092,40,4318,38816
3,1695057941092,10,4318,38826
3,1695057941092,15,4318,38841
3,1695057941092,16,4334,38857
3,1695057941092,21,4334,38878
3,1695057941092,20,4334,38898
3,1695057941092,20,4334,38918
3,1695057941092,20,4350,38938
3,1695057941092,27,4350,38965
3,1695057941092,15,4350,38980
3,1695057941092,19,4350,38999
3,1695057941092,20,4350,39019
3,1695057941092,27,4382,39046
3,1695057941092,15,4382,39061
3,1695057941092,19,4382,39080
3,1695057941092,20,4382,39100
3,1695057941092,41,4382,39141
3,1695057941092,20,4398,39161
3,1695057941092,20,4398,39181
3,1695057941092,41,4398,39222
3,1695057941092,20,4414,39242
3,1695057941092,20,4406,39262
3,1695057941092,22,4414,39284
3,1695057941092,19,4414,39303
3,1695057941092,20,4414,39323
3,1695057941092,20,4414,39343
3,1695057941092,22,4414,39365
3,1695057941092,19,4430,39384
3,1695057941092,20,4414,39404
3,1695057941092,23,4414,39427
3,1695057941092,19,4430,39446
3,1695057941092,19,4430,39465
3,1695057941092,21,4430,39486
3,1695057941092,22,4430,39508
3,1695057941092,17,4438,39525
3,1695057941092,20,4438,39545
3,1695057941092,21,4430,39566
3,1695057941092,40,4430,39606
3,1695057941092,10,4438,39616
3,1695057941092,15,4438,39631
3,1695057941092,16,4446,39647
3,1695057941092,27,4446,39674
3,1695057941092,15,4442,39689
3,1695057941092,19,4462,39708
3,1695057941092,20,4462,39728
3,1695057941092,41,4478,39769
3,1695057941092,20,4470,39789
3,1695057941092,21,4478,39810
3,1695057941092,23,4478,39833
3,1695057941092,16,4478,39849
3,1695057941092,20,4478,39869
3,1695057941092,20,4478,39889
3,1695057941092,22,4510,39911
3,1695057941092,19,4510,39930
3,1695057941092,20,4526,39950
3,1695057941092,20,4526,39970
3,1695057941092,22,4526,39992
3,1695057941092,19,4526,40011
3,1695057941092,20,4526,40031
3,1695057941092,23,4526,40054
3,1695057941092,19,4526,40073
3,1695057941092,19,4526,40092
3,1695057941092,20,4542,40112
3,1695057941092,24,4542,40136
3,1695057941092,17,4534,40153
3,1695057941092,20,4542,40173
3,1695057941092,20,4542,40193
3,1695057941092,28,4542,40221
3,1695057941092,33,4542,40254
3,1695057941092,20,4542,40274
3,1695057941092,27,4542,40301
3,1695057941092,15,4542,40316
3,1695057941092,19,4542,40335
3,1695057941092,20,4558,40355
3,1695057941092,41,4542,40396
3,1695057941092,20,4542,40416
3,1695057941092,20,4542,40436
3,1695057941092,24,4542,40460
3,1695057941092,16,4542,40476
3,1695057941092,20,4542,40496
3,1695057941092,20,4542,40516
3,1695057941092,22,4558,40538
3,1695057941092,19,4558,40557
3,1695057941092,20,4574,40577
3,1695057941092,20,4570,40597
3,1695057941092,22,4574,40619
3,1695057941092,18,4574,40637
3,1695057941092,20,4590,40657
3,1695057941092,23,4590,40680
3,1695057941092,19,4590,40699
3,1695057941092,19,4590,40718
3,1695057941092,20,4598,40738
3,1695057941092,21,4606,40759
3,1695057941092,19,4606,40778
3,1695057941092,20,4606,40798
3,1695057941092,20,4606,40818
3,1695057941092,27,4606,40845
3,1695057941092,15,4606,40860
3,1695057941092,19,4606,40879
3,1695057941092,20,4606,40899
3,1695057941092,27,4606,40926
3,1695057941092,15,4606,40941
3,1695057941092,19,4606,40960
3,1695057941092,20,4606,40980
3,1695057941092,41,4606,41021
3,1695057941092,20,4638,41041
3,1695057941092,21,4606,41062
3,1695057941092,40,4606,41102
3,1695057941092,15,4638,41117
3,1695057941092,10,4606,41127
3,1695057941092,16,4606,41143
3,1695057941092,22,4606,41165
3,1695057941092,19,4606,41184
3,1695057941092,20,4606,41204
3,1695057941092,20,4638,41224
3,1695057941092,22,4606,41246
3,1695057941092,19,4606,41265
3,1695057941092,20,4606,41285
3,1695057941092,23,4606,41308
3,1695057941092,19,4606,41327
3,1695057941092,19,4606,41346
3,1695057941092,20,4606,41366
3,1695057941092,23,4606,41389
3,1695057941092,17,4606,41406
3,1695057941092,20,4606,41426
3,1695057941092,20,4606,41446
3,1695057941092,27,4638,41473
3,1695057941092,15,4606,41488
3,1695057941092,19,4638,41507
3,1695057941092,20,4638,41527
3,1695057941092,27,4654,41554
3,1695057941092,15,4638,41569
3,1695057941092,19,4662,41588
3,1695057941092,20,4662,41608
3,1695057941092,41,4670,41649
3,1695057941092,20,4670,41669
3,1695057941092,20,4662,41689
3,1695057941092,24,4654,41713
3,1695057941092,16,4670,41729
3,1695057941092,20,4670,41749
3,1695057941092,20,4670,41769
3,1695057941092,22,4670,41791
3,1695057941092,18,4670,41809
3,1695057941092,20,4670,41829
3,1695057941092,21,4670,41850
3,1695057941092,41,4670,41891
3,1695057941092,15,4670,41906
3,1695057941092,10,4670,41916
3,1695057941092,35,4654,41951
3,1695057941092,20,4670,41971
3,1695057941092,20,4662,41991
3,1695057941092,23,4670,42014
3,1695057941092,18,4670,42032
3,1695057941092,20,4654,42052
3,1695057941092,20,4654,42072
3,1695057941092,27,4654,42099
3,1695057941092,15,4654,42114
3,1695057941092,18,4654,42132
3,1695057941092,20,4654,42152
3,1695057941092,27,4654,42179
3,1695057941092,15,4654,42194
3,1695057941092,19,4654,42213
3,1695057941092,20,4654,42233
3,1695057941092,41,4638,42274
3,1695057941092,20,4638,42294
3,1695057941092,20,4606,42314
3,1695057941092,41,4638,42355
3,1695057941092,20,4638,42375
3,1695057941092,20,4606,42395
3,1695057941092,22,4638,42417
3,1695057941092,18,4638,42435
3,1695057941092,21,4638,42456
3,1695057941092,20,4638,42476
3,1695057941092,22,4638,42498
3,1695057941092,18,4654,42516
3,1695057941092,21,4638,42537
3,1695057941092,22,4638,42559
3,1695057941092,19,4638,42578
3,1695057941092,18,4654,42596
3,1695057941092,20,4638,42616
3,1695057941092,23,4654,42639
3,1695057941092,18,4654,42657
3,1695057941092,21,4654,42678
3,1695057941092,28,4638,42706
3,1695057941092,16,4654,42722
3,1695057941092,16,4638,42738
3,1695057941092,20,4654,42758
3,1695057941092,20,4638,42778
3,1695057941092,27,4606,42805
3,1695057941092,15,4638,42820
3,1695057941092,18,4606,42838
3,1695057941092,20,4606,42858
3,1695057941092,41,4606,42899
3,1695057941092,20,4606,42919
3,1695057941092,20,4606,42939
3,1695057941092,24,4606,42963
3,1695057941092,17,4606,42980
3,1695057941092,20,4606,43000
3,1695057941092,20,4606,43020
3,1695057941092,22,4606,43042
3,1695057941092,18,4606,43060
3,1695057941092,20,4606,43080
3,1695057941092,20,4606,43100
3,1695057941092,22,4606,43122
3,1695057941092,18,4606,43140
3,1695057941092,20,4598,43160
3,1695057941092,23,4590,43183
3,1695057941092,20,4590,43203
3,1695057941092,18,4590,43221
3,1695057941092,20,4590,43241
3,1695057941092,23,4590,43264
3,1695057941092,17,4574,43281
3,1695057941092,20,4574,43301
3,1695057941092,20,4574,43321
3,1695057941092,27,4574,43348
3,1695057941092,15,4574,43363
3,1695057941092,19,4574,43382
3,1695057941092,20,4574,43402
3,1695057941092,27,4574,43429
3,1695057941092,15,4574,43444
3,1695057941092,19,4574,43463
3,1695057941092,20,4574,43483
3,1695057941092,41,4574,43524
3,1695057941092,20,4574,43544
3,1695057941092,20,4574,43564
3,1695057941092,40,4574,43604
3,1695057941092,21,4566,43625
3,1695057941092,36,4566,43661
3,1695057941092,10,4566,43671
3,1695057941092,15,4570,43686
3,1695057941092,19,4574,43705
3,1695057941092,20,4566,43725
3,1695057941092,22,4558,43747
3,1695057941092,18,4558,43765
3,1695057941092,20,4542,43785
3,1695057941092,23,4542,43808
3,1695057941092,19,4542,43827
3,1695057941092,18,4542,43845
3,1695057941092,20,4542,43865
3,1695057941092,23,4542,43888
3,1695057941092,18,4558,43906
3,1695057941092,20,4542,43926
3,1695057941092,20,4542,43946
3,1695057941092,27,4542,43973
3,1695057941092,15,4526,43988
3,1695057941092,19,4542,44007
3,1695057941092,20,4526,44027
3,1695057941092,27,4526,44054
3,1695057941092,15,4510,44069
3,1695057941092,19,4526,44088
3,1695057941092,20,4526,44108
3,1695057941092,41,4510,44149
3,1695057941092,20,4510,44169
3,1695057941092,20,4510,44189
3,1695057941092,41,4510,44230
3,1695057941092,20,4502,44250
3,1695057941092,20,4510,44270
3,1695057941092,22,4510,44292
3,1695057941092,18,4506,44310
3,1695057941092,20,4510,44330
3,1695057941092,21,4510,44351
3,1695057941092,22,4510,44373
3,1695057941092,18,4510,44391
3,1695057941092,20,4510,44411
3,1695057941092,23,4510,44434
3,1695057941092,19,4502,44453
3,1695057941092,18,4510,44471
3,1695057941092,20,4502,44491
3,1695057941092,23,4510,44514
3,1695057941092,17,4502,44531
3,1695057941092,21,4502,44552
3,1695057941092,28,4510,44580
3,1695057941092,16,4502,44596
3,1695057941092,16,4502,44612
3,1695057941092,20,4478,44632
3,1695057941092,20,4502,44652
3,1695057941092,27,4502,44679
3,1695057941092,15,4510,44694
3,1695057941092,18,4510,44712
3,1695057941092,20,4510,44732
3,1695057941092,41,4502,44773
3,1695057941092,20,4502,44793
3,1695057941092,20,4478,44813
3,1695057941092,24,4478,44837
3,1695057941092,17,4478,44854
3,1695057941092,20,4478,44874
3,1695057941092,20,4478,44894
3,1695057941092,22,4478,44916
3,1695057941092,18,4478,44934
3,1695057941092,21,4478,44955
3,1695057941092,40,4478,44995
3,1695057941092,15,4478,45010
3,1695057941092,10,4478,45020
3,1695057941092,39,4478,45059
3,1695057941092,20,4462,45079
3,1695057941092,17,4446,45096
3,1695057941092,20,4462,45116
3,1695057941092,23,4462,45139
3,1695057941092,17,4462,45156
3,1695057941092,20,4470,45176
3,1695057941092,20,4462,45196
3,1695057941092,27,4462,45223
3,1695057941092,15,4462,45238
3,1695057941092,19,4462,45257
3,1695057941092,20,4478,45277
3,1695057941092,27,4478,45304
3,1695057941092,15,4478,45319
3,1695057941092,18,4462,45337
3,1695057941092,20,4470,45357
3,1695057941092,41,4478,45398
3,1695057941092,20,4470,45418
3,1695057941092,20,4478,45438
3,1695057941092,24,4470,45462
3,1695057941092,17,4478,45479
3,1695057941092,21,4478,45500
3,1695057941092,36,4462,45536
3,1695057941092,10,4478,45546
3,1695057941092,15,4470,45561
3,1695057941092,19,4478,45580
3,1695057941092,20,4478,45600
3,1695057941092,22,4462,45622
3,1695057941092,18,4462,45640
3,1695057941092,20,4470,45660
3,1695057941092,23,4478,45683
3,1695057941092,19,4462,45702
3,1695057941092,18,4478,45720
3,1695057941092,20,4462,45740
3,1695057941092,23,4478,45763
3,1695057941092,18,4462,45781
3,1695057941092,20,4478,45801
3,1695057941092,21,4462,45822
3,1695057941092,40,4462,45862
3,1695057941092,15,4462,45877
3,1695057941092,10,4470,45887
3,1695057941092,42,4462,45929
3,1695057941092,15,4462,45944
3,1695057941092,18,4462,45962
3,1695057941092,20,4462,45982
3,1695057941092,41,4462,46023
3,1695057941092,20,4462,46043
3,1695057941092,20,4462,46063
3,1695057941092,24,4446,46087
3,1695057941092,16,4446,46103
3,1695057941092,20,4462,46123
3,1695057941092,20,4462,46143
3,1695057941092,22,4446,46165
3,1695057941092,18,4462,46183
3,1695057941092,20,4462,46203
3,1695057941092,20,4462,46223
3,1695057941092,22,4446,46245
3,1695057941092,18,4446,46263
3,1695057941092,20,4446,46283
3,1695057941092,23,4446,46306
3,1695057941092,19,4446,46325
3,1695057941092,18,4446,46343
3,1695057941092,20,4462,46363
3,1695057941092,23,4462,46386
3,1695057941092,17,4462,46403
3,1695057941092,20,4462,46423
3,1695057941092,20,4446,46443
3,1695057941092,28,4446,46471
3,1695057941092,15,4462,46486
3,1695057941092,17,4462,46503
3,1695057941092,20,4462,46523
3,1695057941092,27,4470,46550
3,1695057941092,16,4462,46566
3,1695057941092,33,4462,46599
3,1695057941092,10,4470,46609
3,1695057941092,35,4470,46644
3,1695057941092,20,4462,46664
3,1695057941092,20,4462,46684
3,1695057941092,24,4462,46708
3,1695057941092,17,4478,46725
3,1695057941092,20,4478,46745
3,1695057941092,20,4462,46765
3,1695057941092,22,4470,46787
3,1695057941092,18,4462,46805
3,1695057941092,20,4470,46825
3,1695057941092,20,4478,46845
3,1695057941092,22,4478,46867
3,1695057941092,19,4478,46886
3,1695057941092,20,4478,46906
3,1695057941092,23,4478,46929
3,1695057941092,20,4478,46949
3,1695057941092,18,4478,46967
3,1695057941092,20,4470,46987
3,1695057941092,24,4478,47011
3,1695057941092,17,4478,47028
3,1695057941092,20,4478,47048
3,1695057941092,21,4478,47069
3,1695057941092,26,4478,47095
3,1695057941092,15,4478,47110
3,1695057941092,18,4478,47128
3,1695057941092,20,4502,47148
3,1695057941092,27,4478,47175
3,1695057941092,15,4478,47190
3,1695057941092,18,4502,47208
3,1695057941092,20,4478,47228
3,1695057941092,41,4510,47269
3,1695057941092,21,4494,47290
3,1695057941092,36,4510,47326
3,1695057941092,19,4510,47345
3,1695057941092,10,4510,47355
3,1695057941092,35,4510,47390
3,1695057941092,22,4510,47412
3,1695057941092,18,4526,47430
3,1695057941092,20,4526,47450
3,1695057941092,20,4526,47470
3,1695057941092,22,4526,47492
3,1695057941092,18,4526,47510
3,1695057941092,20,4526,47530
3,1695057941092,24,4526,47554
3,1695057941092,20,4526,47574
3,1695057941092,17,4526,47591
3,1695057941092,20,4526,47611
3,1695057941092,23,4526,47634
3,1695057941092,17,4526,47651
3,1695057941092,20,4526,47671
3,1695057941092,20,4526,47691
3,1695057941092,27,4510,47718
3,1695057941092,15,4526,47733
3,1695057941092,18,4526,47751
3,1695057941092,20,4526,47771
3,1695057941092,27,4526,47798
3,1695057941092,15,4526,47813
3,1695057941092,18,4526,47831
3,1695057941092,20,4510,47851
3,1695057941092,41,4526,47892
3,1695057941092,20,4510,47912
3,1695057941092,20,4526,47932
3,1695057941092,24,4526,47956
3,1695057941092,17,4526,47973
3,1695057941092,20,4526,47993
3,1695057941092,20,4526,48013
3,1695057941092,22,4534,48035
3,1695057941092,18,4534,48053
3,1695057941092,20,4542,48073
3,1695057941092,20,4542,48093
3,1695057941092,23,4542,48116
3,1695057941092,17,4542,48133
3,1695057941092,20,4542,48153
3,1695057941092,23,4566,48176
3,1695057941092,20,4558,48196
3,1695057941092,18,4566,48214
3,1695057941092,20,4566,48234
3,1695057941092,23,4566,48257
3,1695057941092,18,4574,48275
3,1695057941092,20,4574,48295
3,1695057941092,20,4574,48315
3,1695057941092,27,4574,48342
3,1695057941092,15,4574,48357
3,1695057941092,18,4574,48375
3,1695057941092,20,4590,48395
3,1695057941092,28,4590,48423
3,1695057941092,33,4590,48456
3,1695057941092,19,4590,48475
3,1695057941092,41,4598,48516
3,1695057941092,20,4590,48536
3,1695057941092,20,4606,48556
3,1695057941092,24,4606,48580
3,1695057941092,17,4606,48597
3,1695057941092,20,4606,48617
3,1695057941092,20,4606,48637
3,1695057941092,22,4606,48659
3,1695057941092,18,4606,48677
3,1695057941092,20,4606,48697
3,1695057941092,20,4606,48717
3,1695057941092,23,4606,48740
3,1695057941092,18,4606,48758
3,1695057941092,20,4638,48778
3,1695057941092,23,4638,48801
3,1695057941092,20,4638,48821
3,1695057941092,18,4654,48839
3,1695057941092,20,4670,48859
3,1695057941092,23,4670,48882
3,1695057941092,17,4670,48899
3,1695057941092,20,4694,48919
3,1695057941092,20,4686,48939
3,1695057941092,27,4702,48966
3,1695057941092,15,4702,48981
3,1695057941092,18,4702,48999
3,1695057941092,20,4702,49019
3,1695057941092,27,4702,49046
3,1695057941092,15,4726,49061
3,1695057941092,18,4718,49079
3,1695057941092,20,4726,49099
3,1695057941092,41,4734,49140
3,1695057941092,20,4734,49160
3,1695057941092,20,4734,49180
3,1695057941092,24,4758,49204
3,1695057941092,17,4766,49221
3,1695057941092,20,4758,49241
3,1695057941092,20,4766,49261
3,1695057941092,22,4766,49283
3,1695057941092,18,4782,49301
3,1695057941092,21,4766,49322
3,1695057941092,41,4782,49363
3,1695057941092,19,4782,49382
3,1695057941092,20,4798,49402
3,1695057941092,23,4782,49425
3,1695057941092,20,4798,49445
3,1695057941092,18,4798,49463
3,1695057941092,20,4798,49483
3,1695057941092,23,4798,49506
3,1695057941092,18,4798,49524
3,1695057941092,20,4798,49544
3,1695057941092,20,4798,49564
3,1695057941092,27,4798,49591
3,1695057941092,15,4830,49606
3,1695057941092,18,4830,49624
3,1695057941092,20,4830,49644
3,1695057941092,27,4830,49671
3,1695057941092,15,4858,49686
3,1695057941092,18,4846,49704
3,1695057941092,20,4862,49724
3,1695057941092,41,4862,49765
3,1695057941092,21,4862,49786
3,1695057941092,20,4862,49806
3,1695057941092,24,4894,49830
3,1695057941092,17,4862,49847
3,1695057941092,20,4862,49867
3,1695057941092,20,4890,49887
3,1695057941092,22,4894,49909
3,1695057941092,18,4910,49927
3,1695057941092,20,4910,49947
3,1695057941092,20,4926,49967
3,1695057941092,22,4926,49989
3,1695057941092,18,4918,50007
3,1695057941092,20,4910,50027
3,1695057941092,24,4926,50051
3,1695057941092,21,4926,50072
3,1695057941092,34,4926,50106
3,1695057941092,10,4926,50116
3,1695057941092,27,4926,50143
3,1695057941092,10,4926,50153
3,1695057941092,36,4926,50189
3,1695057941092,27,4942,50216
3,1695057941092,15,4942,50231
3,1695057941092,18,4950,50249
3,1695057941092,20,4926,50269
3,1695057941092,27,4954,50296
3,1695057941092,15,4950,50311
3,1695057941092,18,4958,50329
3,1695057941092,20,4958,50349
3,1695057941092,20,4958,50369
3,1695057941092,20,4958,50389
3,1695057941092,20,4982,50409
3,1695057941092,20,4990,50429
3,1695057941092,23,4990,50452
3,1695057941092,17,4990,50469
3,1695057941092,20,4990,50489
3,1695057941092,20,5022,50509
3,1695057941092,22,5022,50531
3,1695057941092,18,5038,50549
3,1695057941092,20,5046,50569
3,1695057941092,20,5038,50589
3,1695057941092,22,5038,50611
3,1695057941092,18,5054,50629
3,1695057941092,20,5054,50649
3,1695057941092,24,5054,50673
3,1695057941092,20,5054,50693
3,1695057941092,17,5070,50710
3,1695057941092,20,5070,50730
3,1695057941092,23,5078,50753
3,1695057941092,17,5070,50770
3,1695057941092,21,5078,50791
3,1695057941092,29,5086,50820
3,1695057941092,27,5086,50847
3,1695057941092,10,5086,50857
3,1695057941092,15,5086,50872
3,1695057941092,18,5078,50890
3,1695057941092,27,5102,50917
3,1695057941092,16,5086,50933
3,1695057941092,18,5086,50951
3,1695057941092,20,5102,50971
3,1695057941092,41,5086,51012
3,1695057941092,20,5102,51032
3,1695057941092,20,5086,51052
3,1695057941092,23,5102,51075
3,1695057941092,17,5118,51092
3,1695057941092,20,5118,51112
3,1695057941092,20,5118,51132
3,1695057941092,22,5118,51154
3,1695057941092,18,5118,51172
3,1695057941092,20,5118,51192
3,1695057941092,20,5150,51212
3,1695057941092,22,5166,51234
3,1695057941092,18,5174,51252
3,1695057941092,20,5182,51272
3,1695057941092,24,5198,51296
3,1695057941092,20,5206,51316
3,1695057941092,16,5214,51332
3,1695057941092,20,5214,51352
3,1695057941092,23,5230,51375
3,1695057941092,17,5230,51392
3,1695057941092,20,5238,51412
3,1695057941092,20,5246,51432
3,1695057941092,27,5246,51459
3,1695057941092,16,5246,51475
3,1695057941092,18,5246,51493
3,1695057941092,20,5270,51513
3,1695057941092,27,5270,51540
3,1695057941092,16,5270,51556
3,1695057941092,18,5246,51574
3,1695057941092,21,5270,51595
3,1695057941092,40,5278,51635
3,1695057941092,20,5294,51655
3,1695057941092,20,5294,51675
3,1695057941092,24,5294,51699
3,1695057941092,17,5278,51716
3,1695057941092,20,5294,51736
3,1695057941092,20,5294,51756
3,1695057941092,22,5294,51778
3,1695057941092,18,5294,51796
3,1695057941092,34,5310,51830
3,1695057941092,13,5294,51843
3,1695057941092,16,5294,51859
3,1695057941092,17,5294,51876
3,1695057941092,20,5310,51896
3,1695057941092,23,5310,51919
3,1695057941092,20,5310,51939
3,1695057941092,18,5310,51957
3,1695057941092,20,5334,51977
3,1695057941092,23,5342,52000
3,1695057941092,18,5358,52018
3,1695057941092,20,5374,52038
3,1695057941092,20,5374,52058
3,1695057941092,27,5374,52085
3,1695057941092,16,5374,52101
3,1695057941092,18,5406,52119
3,1695057941092,20,5406,52139
3,1695057941092,28,5430,52167
3,1695057941092,16,5422,52183
3,1695057941092,17,5438,52200
3,1695057941092,20,5438,52220
3,1695057941092,41,5462,52261
3,1695057941092,20,5470,52281
3,1695057941092,20,5470,52301
3,1695057941092,20,5470,52321
3,1695057941092,20,5470,52341
3,1695057941092,20,5470,52361
3,1695057941092,20,5486,52381
3,1695057941092,23,5486,52404
3,1695057941092,18,5502,52422
3,1695057941092,20,5486,52442
3,1695057941092,23,5502,52465
3,1695057941092,38,5502,52503
3,1695057941092,16,5502,52519
3,1695057941092,11,5502,52530
3,1695057941092,18,5502,52548
3,1695057941092,36,5502,52584
3,1695057941092,20,5502,52604
3,1695057941092,23,5502,52627
3,1695057941092,18,5502,52645
3,1695057941092,20,5502,52665
3,1695057941092,20,5502,52685
3,1695057941092,27,5502,52712
3,1695057941092,16,5502,52728
3,1695057941092,18,5502,52746
3,1695057941092,20,5526,52766
3,1695057941092,27,5502,52793
3,1695057941092,16,5534,52809
3,1695057941092,18,5502,52827
3,1695057941092,20,5550,52847
3,1695057941092,41,5566,52888
3,1695057941092,20,5566,52908
3,1695057941092,20,5598,52928
3,1695057941092,24,5598,52952
3,1695057941092,16,5598,52968
3,1695057941092,20,5598,52988
3,1695057941092,20,5622,53008
3,1695057941092,23,5630,53031
3,1695057941092,18,5630,53049
3,1695057941092,20,5630,53069
3,1695057941092,20,5630,53089
3,1695057941092,23,5630,53112
3,1695057941092,18,5630,53130
3,1695057941092,20,5630,53150
3,1695057941092,23,5662,53173
3,1695057941092,20,5678,53193
3,1695057941092,17,5678,53210
3,1695057941092,20,5678,53230
3,1695057941092,23,5678,53253
3,1695057941092,34,5694,53287
3,1695057941092,11,5694,53298
3,1695057941092,16,5694,53314
3,1695057941092,24,5694,53338
3,1695057941092,16,5694,53354
3,1695057941092,18,5694,53372
3,1695057941092,20,5694,53392
3,1695057941092,28,5694,53420
3,1695057941092,16,5710,53436
3,1695057941092,16,5694,53452
3,1695057941092,20,5722,53472
3,1695057941092,41,5710,53513
3,1695057941092,20,5710,53533
3,1695057941092,20,5710,53553
3,1695057941092,23,5726,53576
3,1695057941092,17,5726,53593
3,1695057941092,20,5726,53613
3,1695057941092,20,5726,53633
3,1695057941092,23,5726,53656
3,1695057941092,18,5726,53674
3,1695057941092,20,5726,53694
3,1695057941092,20,5726,53714
3,1695057941092,23,5742,53737
3,1695057941092,18,5742,53755
3,1695057941092,20,5758,53775
3,1695057941092,23,5758,53798
3,1695057941092,20,5758,53818
3,1695057941092,18,5790,53836
3,1695057941092,20,5790,53856
3,1695057941092,24,5806,53880
3,1695057941092,17,5806,53897
3,1695057941092,21,5806,53918
3,1695057941092,20,5806,53938
3,1695057941092,27,5822,53965
3,1695057941092,16,5822,53981
3,1695057941092,18,5822,53999
3,1695057941092,20,5822,54019
3,1695057941092,27,5846,54046
3,1695057941092,16,5846,54062
3,1695057941092,18,5854,54080
3,1695057941092,20,5854,54100
3,1695057941092,41,5854,54141
3,1695057941092,21,5854,54162
3,1695057941092,37,5854,54199
3,1695057941092,11,5870,54210
3,1695057941092,16,5854,54226
3,1695057941092,17,5870,54243
3,1695057941092,20,5854,54263
3,1695057941092,20,5854,54283
3,1695057941092,20,5854,54303
3,1695057941092,21,5870,54324
3,1695057941092,20,5854,54344
3,1695057941092,23,5854,54367
3,1695057941092,18,5854,54385
3,1695057941092,20,5854,54405
3,1695057941092,23,5854,54428
3,1695057941092,20,5854,54448
3,1695057941092,18,5854,54466
3,1695057941092,20,5854,54486
3,1695057941092,23,5854,54509
3,1695057941092,18,5854,54527
3,1695057941092,20,5854,54547
3,1695057941092,20,5854,54567
3,1695057941092,27,5854,54594
3,1695057941092,16,5846,54610
3,1695057941092,18,5846,54628
3,1695057941092,20,5854,54648
3,1695057941092,27,5846,54675
3,1695057941092,16,5854,54691
3,1695057941092,17,5870,54708
3,1695057941092,20,5886,54728
3,1695057941092,41,5886,54769
3,1695057941092,20,5886,54789
3,1695057941092,20,5886,54809
3,1695057941092,24,5886,54833
3,1695057941092,16,5886,54849
3,1695057941092,20,5886,54869
3,1695057941092,20,5886,54889
3,1695057941092,23,5886,54912
3,1695057941092,18,5886,54930
3,1695057941092,20,5886,54950
3,1695057941092,23,5918,54973
3,1695057941092,20,5918,54993
3,1695057941092,18,5886,55011
3,1695057941092,20,5918,55031
3,1695057941092,23,5918,55054
3,1695057941092,20,5918,55074
3,1695057941092,18,5918,55092
3,1695057941092,21,5918,55113
3,1695057941092,41,5918,55154
3,1695057941092,20,5918,55174
3,1695057941092,20,5886,55194
3,1695057941092,27,5918,55221
3,1695057941092,16,5886,55237
3,1695057941092,18,5886,55255
3,1695057941092,20,5886,55275
3,1695057941092,27,5886,55302
3,1695057941092,16,5886,55318
3,1695057941092,18,5886,55336
3,1695057941092,20,5886,55356
3,1695057941092,41,5886,55397
3,1695057941092,20,5886,55417
3,1695057941092,20,5886,55437
3,1695057941092,24,5886,55461
3,1695057941092,16,5886,55477
3,1695057941092,20,5886,55497
3,1695057941092,20,5886,55517
3,1695057941092,23,5870,55540
3,1695057941092,18,5886,55558
3,1695057941092,20,5886,55578
3,1695057941092,23,5886,55601
3,1695057941092,20,5886,55621
3,1695057941092,18,5886,55639
3,1695057941092,20,5886,55659
3,1695057941092,23,5918,55682
3,1695057941092,20,5918,55702
3,1695057941092,18,5934,55720
3,1695057941092,20,5934,55740
3,1695057941092,23,5934,55763
3,1695057941092,17,5942,55780
3,1695057941092,20,5934,55800
3,1695057941092,20,5934,55820
3,1695057941092,27,5950,55847
3,1695057941092,16,5942,55863
3,1695057941092,18,5934,55881
3,1695057941092,20,5950,55901
3,1695057941092,28,5942,55929
3,1695057941092,34,5950,55963
3,1695057941092,20,5950,55983
3,1695057941092,41,5950,56024
3,1695057941092,20,5934,56044
3,1695057941092,20,5942,56064
3,1695057941092,23,5934,56087
3,1695057941092,17,5934,56104
3,1695057941092,20,5950,56124
3,1695057941092,21,5934,56145
3,1695057941092,23,5934,56168
3,1695057941092,17,5950,56185
3,1695057941092,20,5934,56205
3,1695057941092,23,5934,56228
3,1695057941092,20,5934,56248
3,1695057941092,18,5918,56266
3,1695057941092,20,5918,56286
3,1695057941092,21,5934,56307
3,1695057941092,19,5918,56326
3,1695057941092,20,5886,56346
3,1695057941092,20,5918,56366
3,1695057941092,23,5886,56389
3,1695057941092,18,5886,56407
3,1695057941092,20,5886,56427
3,1695057941092,20,5886,56447
3,1695057941092,28,5886,56475
3,1695057941092,16,5886,56491
3,1695057941092,17,5918,56508
3,1695057941092,20,5886,56528
3,1695057941092,27,5918,56555
3,1695057941092,16,5918,56571
3,1695057941092,18,5934,56589
3,1695057941092,20,5934,56609
3,1695057941092,41,5942,56650
3,1695057941092,20,5934,56670
3,1695057941092,20,5950,56690
3,1695057941092,23,5934,56713
3,1695057941092,17,5934,56730
3,1695057941092,20,5934,56750
3,1695057941092,20,5934,56770
3,1695057941092,23,5934,56793
3,1695057941092,17,5934,56810
3,1695057941092,20,5950,56830
3,1695057941092,23,5942,56853
3,1695057941092,20,5950,56873
3,1695057941092,17,5934,56890
3,1695057941092,20,5950,56910
3,1695057941092,24,5934,56934
3,1695057941092,34,5934,56968
3,1695057941092,23,5934,56991
3,1695057941092,23,5934,57014
3,1695057941092,17,5918,57031
3,1695057941092,21,5886,57052
3,1695057941092,20,5918,57072
3,1695057941092,27,5918,57099
3,1695057941092,16,5886,57115
3,1695057941092,18,5886,57133
3,1695057941092,20,5918,57153
3,1695057941092,27,5918,57180
3,1695057941092,16,5886,57196
3,1695057941092,18,5886,57214
3,1695057941092,20,5886,57234
3,1695057941092,41,5886,57275
3,1695057941092,20,5886,57295
3,1695057941092,20,5886,57315
3,1695057941092,24,5886,57339
3,1695057941092,16,5886,57355
3,1695057941092,20,5886,57375
3,1695057941092,20,5886,57395
3,1695057941092,23,5886,57418
3,1695057941092,17,5886,57435
3,1695057941092,20,5886,57455
3,1695057941092,23,5886,57478
3,1695057941092,20,5886,57498
3,1695057941092,17,5886,57515
3,1695057941092,20,5886,57535
3,1695057941092,23,5886,57558
3,1695057941092,20,5886,57578
3,1695057941092,17,5886,57595
3,1695057941092,20,5886,57615
3,1695057941092,23,5886,57638
3,1695057941092,18,5886,57656
3,1695057941092,20,5886,57676
3,1695057941092,21,5886,57697
3,1695057941092,41,5886,57738
3,1695057941092,19,5886,57757
3,1695057941092,20,5886,57777
3,1695057941092,27,5886,57804
3,1695057941092,16,5886,57820
3,1695057941092,18,5886,57838
3,1695057941092,20,5886,57858
3,1695057941092,41,5886,57899
3,1695057941092,20,5886,57919
3,1695057941092,20,5886,57939
3,1695057941092,23,5886,57962
3,1695057941092,17,5886,57979
3,1695057941092,20,5886,57999
3,1695057941092,20,5886,58019
3,1695057941092,23,5886,58042
3,1695057941092,17,5878,58059
3,1695057941092,20,5870,58079
3,1695057941092,23,5870,58102
3,1695057941092,20,5870,58122
3,1695057941092,17,5854,58139
3,1695057941092,20,5854,58159
3,1695057941092,23,5870,58182
3,1695057941092,20,5870,58202
3,1695057941092,17,5854,58219
3,1695057941092,20,5854,58239
3,1695057941092,23,5854,58262
3,1695057941092,18,5846,58280
3,1695057941092,20,5854,58300
3,1695057941092,20,5854,58320
3,1695057941092,21,5854,58341
3,1695057941092,19,5854,58360
3,1695057941092,20,5854,58380
3,1695057941092,20,5854,58400
3,1695057941092,28,5870,58428
3,1695057941092,16,5854,58444
3,1695057941092,16,5854,58460
3,1695057941092,20,5870,58480
3,1695057941092,20,5870,58500
3,1695057941092,20,5870,58520
3,1695057941092,20,5870,58540
3,1695057941092,20,5854,58560
3,1695057941092,23,5854,58583
3,1695057941092,17,5870,58600
3,1695057941092,20,5870,58620
3,1695057941092,20,5870,58640
3,1695057941092,23,5854,58663
3,1695057941092,17,5870,58680
3,1695057941092,21,5854,58701
3,1695057941092,41,5854,58742
3,1695057941092,19,5854,58761
3,1695057941092,20,5854,58781
3,1695057941092,23,5854,58804
3,1695057941092,20,5854,58824
3,1695057941092,17,5854,58841
3,1695057941092,21,5854,58862
3,1695057941092,22,5854,58884
3,1695057941092,17,5846,58901
3,1695057941092,20,5850,58921
3,1695057941092,20,5822,58941
3,1695057941092,28,5838,58969
3,1695057941092,16,5822,58985
3,1695057941092,16,5822,59001
3,1695057941092,20,5822,59021
3,1695057941092,27,5822,59048
3,1695057941092,16,5822,59064
3,1695057941092,18,5822,59082
3,1695057941092,20,5822,59102
3,1695057941092,41,5806,59143
3,1695057941092,20,5806,59163
3,1695057941092,20,5806,59183
3,1695057941092,23,5814,59206
3,1695057941092,17,5806,59223
3,1695057941092,20,5814,59243
3,1695057941092,20,5806,59263
3,1695057941092,23,5822,59286
3,1695057941092,17,5822,59303
3,1695057941092,20,5822,59323
3,1695057941092,23,5822,59346
3,1695057941092,20,5822,59366
3,1695057941092,17,5822,59383
3,1695057941092,20,5822,59403
3,1695057941092,23,5822,59426
3,1695057941092,20,5822,59446
3,1695057941092,17,5822,59463
3,1695057941092,21,5814,59484
3,1695057941092,41,5822,59525
3,1695057941092,19,5822,59544
3,1695057941092,20,5822,59564
3,1695057941092,28,5814,59592
3,1695057941092,16,5822,59608
3,1695057941092,17,5822,59625
3,1695057941092,20,5822,59645
3,1695057941092,27,5822,59672
3,1695057941092,16,5822,59688
3,1695057941092,17,5822,59705
3,1695057941092,20,5822,59725
3,1695057941092,41,5822,59766
3,1695057941092,20,5806,59786
3,1695057941092,20,5806,59806
3,1695057941092,23,5814,59829
3,1695057941092,17,5806,59846
3,1695057941092,21,5806,59867
3,1695057941092,20,5790,59887
3,1695057941092,23,5790,59910
3,1695057941092,17,5806,59927
3,1695057941092,20,5790,59947
3,1695057941092,24,5790,59971
3,1695057941092,20,5790,59991
3,1695057941092,17,5790,60008
3,1695057941092,20,5758,60028
3,1695057941092,23,5758,60051
3,1695057941092,20,5782,60071
3,1695057941092,17,5758,60088
3,1695057941092,20,5790,60108
3,1695057941092,23,5758,60131
3,1695057941092,18,5758,60149
3,1695057941092,20,5790,60169
3,1695057941092,20,5758,60189
3,1695057941092,27,5782,60216
3,1695057941092,16,5758,60232
3,1695057941092,17,5758,60249
3,1695057941092,20,5790,60269
3,1695057941092,27,5790,60296
3,1695057941092,16,5790,60312
3,1695057941092,17,5790,60329
3,1695057941092,20,5790,60349
3,1695057941092,20,5786,60369
3,1695057941092,20,5806,60389
3,1695057941092,20,5790,60409
3,1695057941092,20,5790,60429
3,1695057941092,24,5782,60453
3,1695057941092,34,5758,60487
3,1695057941092,23,5790,60510
3,1695057941092,24,5782,60534
3,1695057941092,17,5782,60551
3,1695057941092,20,5790,60571
3,1695057941092,23,5782,60594
3,1695057941092,21,5790,60615
3,1695057941092,17,5790,60632
3,1695057941092,20,5790,60652
3,1695057941092,23,5790,60675
3,1695057941092,17,5782,60692
3,1695057941092,20,5790,60712
3,1695057941092,20,5758,60732
3,1695057941092,23,5790,60755
3,1695057941092,17,5790,60772
3,1695057941092,20,5790,60792
3,1695057941092,20,5758,60812
3,1695057941092,27,5782,60839
3,1695057941092,16,5782,60855
3,1695057941092,17,5758,60872
3,1695057941092,20,5758,60892
3,1695057941092,27,5758,60919
3,1695057941092,16,5758,60935
3,1695057941092,17,5758,60952
3,1695057941092,20,5750,60972
3,1695057941092,40,5758,61012
3,1695057941092,20,5758,61032
3,1695057941092,20,5758,61052
3,1695057941092,24,5758,61076
3,1695057941092,16,5758,61092
3,1695057941092,20,5758,61112
3,1695057941092,20,5758,61132
3,1695057941092,23,5758,61155
3,1695057941092,17,5758,61172
3,1695057941092,20,5758,61192
3,1695057941092,23,5758,61215
3,1695057941092,20,5758,61235
3,1695057941092,17,5758,61252
3,1695057941092,20,5758,61272
3,1695057941092,23,5758,61295
3,1695057941092,17,5758,61312
3,1695057941092,20,5758,61332
3,1695057941092,20,5758,61352
3,1695057941092,22,5758,61374
3,1695057941092,18,5758,61392
3,1695057941092,20,5750,61412
3,1695057941092,20,5758,61432
3,1695057941092,27,5758,61459
3,1695057941092,16,5750,61475
3,1695057941092,18,5758,61493
3,1695057941092,37,5726,61530
3,1695057941092,20,5742,61550
3,1695057941092,11,5742,61561
3,1695057941092,16,5726,61577
3,1695057941092,57,5726,61634
3,1695057941092,20,5726,61654
3,1695057941092,20,5726,61674
3,1695057941092,23,5726,61697
3,1695057941092,17,5718,61714
3,1695057941092,20,5710,61734
3,1695057941092,20,5710,61754
3,1695057941092,23,5718,61777
3,1695057941092,17,5694,61794
3,1695057941092,20,5694,61814
3,1695057941092,24,5694,61838
3,1695057941092,20,5694,61858
3,1695057941092,16,5694,61874
3,1695057941092,20,5694,61894
3,1695057941092,23,5694,61917
3,1695057941092,17,5694,61934
3,1695057941092,20,5694,61954
3,1695057941092,20,5694,61974
3,1695057941092,23,5694,61997
3,1695057941092,17,5694,62014
3,1695057941092,20,5694,62034
3,1695057941092,20,5694,62054
3,1695057941092,27,5694,62081
3,1695057941092,17,5694,62098
3,1695057941092,17,5694,62115
3,1695057941092,20,5694,62135
3,1695057941092,27,5694,62162
3,1695057941092,16,5694,62178
3,1695057941092,17,5694,62195
3,1695057941092,21,5694,62216
3,1695057941092,35,5694,62251
3,1695057941092,11,5678,62262
3,1695057941092,16,5694,62278
3,1695057941092,17,5694,62295
3,1695057941092,23,5686,62318
3,1695057941092,17,5694,62335
3,1695057941092,20,5694,62355
3,1695057941092,20,5694,62375
3,1695057941092,23,5678,62398
3,1695057941092,17,5686,62415
3,1695057941092,20,5678,62435
3,1695057941092,24,5678,62459
3,1695057941092,20,5678,62479
3,1695057941092,37,5662,62516
3,1695057941092,23,5630,62539
3,1695057941092,17,5662,62556
3,1695057941092,20,5630,62576
3,1695057941092,20,5662,62596
3,1695057941092,23,5630,62619
3,1695057941092,17,5630,62636
3,1695057941092,20,5630,62656
3,1695057941092,20,5630,62676
3,1695057941092,27,5630,62703
3,1695057941092,16,5630,62719
3,1695057941092,17,5630,62736
3,1695057941092,20,5630,62756
3,1695057941092,27,5630,62783
3,1695057941092,16,5630,62799
3,1695057941092,17,5630,62816
3,1695057941092,20,5630,62836
3,1695057941092,41,5630,62877
3,1695057941092,20,5630,62897
3,1695057941092,20,5630,62917
3,1695057941092,23,5630,62940
3,1695057941092,17,5630,62957
3,1695057941092,20,5630,62977
3,1695057941092,20,5630,62997
3,1695057941092,23,5630,63020
3,1695057941092,17,5630,63037
3,1695057941092,20,5630,63057
3,1695057941092,23,5630,63080
3,1695057941092,21,5630,63101
3,1695057941092,17,5630,63118
3,1695057941092,20,5630,63138
3,1695057941092,23,5630,63161
3,1695057941092,17,5630,63178
3,1695057941092,41,5630,63219
3,1695057941092,24,5630,63243
3,1695057941092,17,5630,63260
3,1695057941092,21,5622,63281
3,1695057941092,37,5630,63318
3,1695057941092,20,5630,63338
3,1695057941092,16,5614,63354
3,1695057941092,11,5598,63365
3,1695057941092,42,5614,63407
3,1695057941092,16,5614,63423
3,1695057941092,17,5614,63440
3,1695057941092,20,5598,63460
3,1695057941092,41,5598,63501
3,1695057941092,20,5598,63521
3,1695057941092,20,5598,63541
3,1695057941092,24,5598,63565
3,1695057941092,17,5598,63582
3,1695057941092,20,5590,63602
3,1695057941092,20,5566,63622
3,1695057941092,23,5566,63645
3,1695057941092,17,5566,63662
3,1695057941092,20,5566,63682
3,1695057941092,23,5566,63705
3,1695057941092,21,5566,63726
3,1695057941092,17,5566,63743
3,1695057941092,20,5566,63763
3,1695057941092,23,5566,63786
3,1695057941092,17,5566,63803
3,1695057941092,20,5566,63823
3,1695057941092,20,5590,63843
3,1695057941092,23,5582,63866
3,1695057941092,18,5566,63884
3,1695057941092,20,5582,63904
3,1695057941092,21,5566,63925
3,1695057941092,26,5590,63951
3,1695057941092,16,5582,63967
3,1695057941092,17,5582,63984
3,1695057941092,20,5566,64004
3,1695057941092,27,5566,64031
3,1695057941092,16,5566,64047
3,1695057941092,17,5566,64064
3,1695057941092,20,5566,64084
3,1695057941092,41,5566,64125
3,1695057941092,20,5566,64145
3,1695057941092,20,5558,64165
3,1695057941092,23,5566,64188
3,1695057941092,17,5566,64205
3,1695057941092,20,5550,64225
3,1695057941092,20,5550,64245
3,1695057941092,21,5550,64266
3,1695057941092,30,5558,64296
3,1695057941092,33,5558,64329
3,1695057941092,21,5550,64350
3,1695057941092,17,5550,64367
3,1695057941092,20,5550,64387
3,1695057941092,24,5534,64411
3,1695057941092,17,5534,64428
3,1695057941092,20,5534,64448
3,1695057941092,20,5502,64468
3,1695057941092,23,5502,64491
3,1695057941092,18,5526,64509
3,1695057941092,20,5534,64529
3,1695057941092,20,5502,64549
3,1695057941092,27,5534,64576
3,1695057941092,16,5534,64592
3,1695057941092,17,5534,64609
3,1695057941092,20,5502,64629
3,1695057941092,27,5534,64656
3,1695057941092,17,5534,64673
3,1695057941092,17,5534,64690
3,1695057941092,20,5502,64710
3,1695057941092,41,5502,64751
3,1695057941092,20,5526,64771
3,1695057941092,20,5526,64791
3,1695057941092,23,5502,64814
3,1695057941092,17,5502,64831
3,1695057941092,20,5502,64851
3,1695057941092,20,5502,64871
3,1695057941092,23,5502,64894
3,1695057941092,17,5502,64911
3,1695057941092,20,5502,64931
3,1695057941092,23,5502,64954
3,1695057941092,21,5502,64975
3,1695057941092,17,5502,64992
3,1695057941092,20,5502,65012
3,1695057941092,24,5502,65036
3,1695057941092,37,5486,65073
3,1695057941092,20,5486,65093
3,1695057941092,23,5486,65116
3,1695057941092,18,5494,65134
3,1695057941092,35,5486,65169
3,1695057941092,11,5486,65180
3,1695057941092,28,5470,65208
3,1695057941092,11,5486,65219
3,1695057941092,16,5486,65235
3,1695057941092,18,5470,65253
3,1695057941092,27,5462,65280
3,1695057941092,16,5470,65296
3,1695057941092,17,5470,65313
3,1695057941092,20,5438,65333
3,1695057941092,41,5470,65374
3,1695057941092,20,5470,65394
3,1695057941092,20,5462,65414
3,1695057941092,23,5462,65437
3,1695057941092,16,5462,65453
3,1695057941092,20,5454,65473
3,1695057941092,20,5462,65493
3,1695057941092,23,5470,65516
3,1695057941092,17,5462,65533
3,1695057941092,20,5470,65553
3,1695057941092,23,5470,65576
3,1695057941092,21,5438,65597
3,1695057941092,17,5462,65614
3,1695057941092,20,5438,65634
3,1695057941092,24,5454,65658
3,1695057941092,16,5470,65674
3,1695057941092,20,5454,65694
3,1695057941092,20,5438,65714
3,1695057941092,23,5438,65737
3,1695057941092,17,5438,65754
3,1695057941092,21,5438,65775
3,1695057941092,20,5454,65795
3,1695057941092,28,5438,65823
3,1695057941092,35,5438,65858
3,1695057941092,19,5438,65877
3,1695057941092,27,5438,65904
3,1695057941092,16,5438,65920
3,1695057941092,17,5438,65937
3,1695057941092,20,5422,65957
3,1695057941092,41,5438,65998
3,1695057941092,20,5430,66018
3,1695057941092,20,5422,66038
3,1695057941092,23,5422,66061
3,1695057941092,17,5422,66078
3,1695057941092,20,5406,66098
3,1695057941092,20,5406,66118
3,1695057941092,24,5406,66142
3,1695057941092,17,5406,66159
3,1695057941092,20,5406,66179
3,1695057941092,22,5406,66201
3,1695057941092,18,5374,66219
3,1695057941092,20,5398,66239
3,1695057941092,20,5374,66259
3,1695057941092,23,5406,66282
3,1695057941092,17,5406,66299
3,1695057941092,20,5374,66319
3,1695057941092,20,5406,66339
3,1695057941092,23,5406,66362
3,1695057941092,18,5406,66380
3,1695057941092,20,5406,66400
3,1695057941092,20,5406,66420
3,1695057941092,27,5406,66447
3,1695057941092,17,5406,66464
3,1695057941092,17,5406,66481
3,1695057941092,20,5406,66501
3,1695057941092,27,5406,66528
3,1695057941092,17,5406,66545
3,1695057941092,37,5406,66582
3,1695057941092,41,5406,66623
3,1695057941092,20,5406,66643
3,1695057941092,20,5406,66663
3,1695057941092,23,5374,66686
3,1695057941092,17,5374,66703
3,1695057941092,20,5374,66723
3,1695057941092,20,5374,66743
3,1695057941092,23,5374,66766
3,1695057941092,17,5374,66783
3,1695057941092,20,5374,66803
3,1695057941092,23,5374,66826
3,1695057941092,21,5374,66847
3,1695057941092,17,5374,66864
3,1695057941092,21,5374,66885
3,1695057941092,22,5374,66907
3,1695057941092,18,5374,66925
3,1695057941092,35,5374,66960
3,1695057941092,11,5358,66971
3,1695057941092,29,5358,67000
3,1695057941092,11,5366,67011
3,1695057941092,17,5366,67028
3,1695057941092,17,5366,67045
3,1695057941092,27,5358,67072
3,1695057941092,17,5342,67089
3,1695057941092,17,5342,67106
3,1695057941092,20,5342,67126
3,1695057941092,27,5342,67153
3,1695057941092,17,5342,67170
3,1695057941092,17,5358,67187
3,1695057941092,20,5342,67207
3,1695057941092,41,5358,67248
3,1695057941092,20,5342,67268
3,1695057941092,20,5358,67288
3,1695057941092,24,5358,67312
3,1695057941092,17,5358,67329
3,1695057941092,20,5358,67349
3,1695057941092,20,5366,67369
3,1695057941092,24,5342,67393
3,1695057941092,17,5358,67410
3,1695057941092,20,5342,67430
3,1695057941092,23,5358,67453
3,1695057941092,22,5342,67475
3,1695057941092,37,5358,67512
3,1695057941092,23,5342,67535
3,1695057941092,17,5358,67552
3,1695057941092,20,5342,67572
3,1695057941092,20,5342,67592
3,1695057941092,24,5342,67616
3,1695057941092,37,5342,67653
3,1695057941092,20,5342,67673
3,1695057941092,27,5342,67700
3,1695057941092,17,5342,67717
3,1695057941092,17,5342,67734
3,1695057941092,20,5334,67754
3,1695057941092,27,5334,67781
3,1695057941092,17,5326,67798
3,1695057941092,17,5326,67815
3,1695057941092,21,5326,67836
3,1695057941092,40,5310,67876
3,1695057941092,20,5310,67896
3,1695057941092,21,5310,67917
3,1695057941092,23,5310,67940
3,1695057941092,37,5310,67977
3,1695057941092,20,5310,67997
3,1695057941092,24,5294,68021
3,1695057941092,37,5310,68058
3,1695057941092,23,5294,68081
3,1695057941092,21,5294,68102
3,1695057941092,17,5302,68119
3,1695057941092,20,5294,68139
3,1695057941092,21,5294,68160
3,1695057941092,19,5302,68179
3,1695057941092,20,5294,68199
3,1695057941092,20,5294,68219
3,1695057941092,23,5302,68242
3,1695057941092,17,5294,68259
3,1695057941092,20,5310,68279
3,1695057941092,20,5302,68299
3,1695057941092,27,5294,68326
3,1695057941092,17,5294,68343
3,1695057941092,17,5294,68360
3,1695057941092,20,5294,68380
3,1695057941092,27,5294,68407
3,1695057941092,17,5294,68424
3,1695057941092,17,5294,68441
3,1695057941092,32,5278,68473
3,1695057941092,28,5278,68501
3,1695057941092,20,5278,68521
3,1695057941092,20,5278,68541
3,1695057941092,24,5246,68565
3,1695057941092,17,5270,68582
3,1695057941092,20,5278,68602
3,1695057941092,20,5246,68622
3,1695057941092,24,5270,68646
3,1695057941092,17,5246,68663
3,1695057941092,20,5246,68683
3,1695057941092,23,5246,68706
3,1695057941092,21,5246,68727
3,1695057941092,17,5246,68744
3,1695057941092,20,5246,68764
3,1695057941092,23,5246,68787
3,1695057941092,17,5246,68804
3,1695057941092,21,5246,68825
3,1695057941092,20,5238,68845
3,1695057941092,42,5230,68887
3,1695057941092,18,5238,68905
3,1695057941092,20,5230,68925
3,1695057941092,27,5230,68952
3,1695057941092,17,5230,68969
3,1695057941092,17,5230,68986
3,1695057941092,20,5230,69006
3,1695057941092,27,5214,69033
3,1695057941092,17,5230,69050
3,1695057941092,17,5230,69067
3,1695057941092,20,5230,69087
3,1695057941092,41,5230,69128
3,1695057941092,20,5230,69148
3,1695057941092,20,5230,69168
3,1695057941092,24,5230,69192
3,1695057941092,37,5230,69229
3,1695057941092,20,5214,69249
3,1695057941092,24,5214,69273
3,1695057941092,37,5214,69310
3,1695057941092,23,5214,69333
3,1695057941092,39,5214,69372
3,1695057941092,19,5206,69391
3,1695057941092,23,5206,69414
3,1695057941092,17,5206,69431
3,1695057941092,20,5214,69451
3,1695057941092,20,5206,69471
3,1695057941092,23,5198,69494
3,1695057941092,17,5198,69511
3,1695057941092,20,5182,69531
3,1695057941092,20,5182,69551
3,1695057941092,27,5182,69578
3,1695057941092,17,5182,69595
3,1695057941092,17,5182,69612
3,1695057941092,20,5182,69632
3,1695057941092,27,5182,69659
3,1695057941092,17,5182,69676
3,1695057941092,17,5182,69693
3,1695057941092,20,5166,69713
3,1695057941092,41,5166,69754
3,1695057941092,20,5166,69774
3,1695057941092,20,5166,69794
3,1695057941092,41,5150,69835
3,1695057941092,20,5118,69855
3,1695057941092,20,5150,69875
3,1695057941092,24,5150,69899
3,1695057941092,37,5166,69936
3,1695057941092,23,5150,69959
3,1695057941092,21,5150,69980
3,1695057941092,37,5150,70017
3,1695057941092,23,5166,70040
3,1695057941092,17,5150,70057
3,1695057941092,20,5150,70077
3,1695057941092,20,5118,70097
3,1695057941092,23,5150,70120
3,1695057941092,18,5150,70138
3,1695057941092,20,5150,70158
3,1695057941092,20,5150,70178
3,1695057941092,21,5150,70199
3,1695057941092,19,5118,70218
3,1695057941092,21,5118,70239
3,1695057941092,20,5150,70259
3,1695057941092,28,5118,70287
3,1695057941092,17,5150,70304
3,1695057941092,37,5118,70341
3,1695057941092,40,5118,70381
3,1695057941092,20,5118,70401
3,1695057941092,20,5118,70421
3,1695057941092,24,5118,70445
3,1695057941092,37,5118,70482
3,1695057941092,20,5118,70502
3,1695057941092,24,5118,70526
3,1695057941092,37,5118,70563
3,1695057941092,23,5118,70586
3,1695057941092,21,5118,70607
3,1695057941092,38,5118,70645
3,1695057941092,23,5102,70668
3,1695057941092,37,5102,70705
3,1695057941092,20,5118,70725
3,1695057941092,23,5102,70748
3,1695057941092,18,5110,70766
3,1695057941092,20,5102,70786
3,1695057941092,20,5102,70806
3,1695057941092,27,5118,70833
3,1695057941092,17,5118,70850
3,1695057941092,37,5118,70887
3,1695057941092,27,5118,70914
3,1695057941092,17,5118,70931
3,1695057941092,37,5118,70968
3,1695057941092,41,5118,71009
3,1695057941092,20,5118,71029
3,1695057941092,20,5118,71049
3,1695057941092,24,5102,71073
3,1695057941092,37,5118,71110
3,1695057941092,20,5118,71130
3,1695057941092,41,5102,71171
3,1695057941092,20,5110,71191
3,1695057941092,23,5118,71214
3,1695057941092,21,5110,71235
3,1695057941092,37,5102,71272
3,1695057941092,23,5110,71295
3,1695057941092,17,5102,71312
3,1695057941092,20,5102,71332
3,1695057941092,20,5102,71352
3,1695057941092,23,5110,71375
3,1695057941092,35,5102,71410
3,1695057941092,23,5102,71433
3,1695057941092,27,5102,71460
3,1695057941092,17,5102,71477
3,1695057941092,37,5102,71514
3,1695057941092,27,5102,71541
3,1695057941092,17,5086,71558
3,1695057941092,37,5086,71595
3,1695057941092,41,5086,71636
3,1695057941092,20,5086,71656
3,1695057941092,20,5086,71676
3,1695057941092,24,5102,71700
3,1695057941092,38,5086,71738
3,1695057941092,20,5086,71758
3,1695057941092,41,5102,71799
3,1695057941092,20,5102,71819
3,1695057941092,23,5102,71842
3,1695057941092,21,5102,71863
3,1695057941092,37,5102,71900
3,1695057941092,23,5102,71923
3,1695057941092,17,5110,71940
3,1695057941092,20,5114,71960
3,1695057941092,20,5102,71980
3,1695057941092,23,5118,72003
3,1695057941092,17,5102,72020
3,1695057941092,20,5102,72040
3,1695057941092,20,5110,72060
3,1695057941092,27,5110,72087
3,1695057941092,17,5118,72104
3,1695057941092,37,5118,72141
3,1695057941092,27,5102,72168
3,1695057941092,17,5102,72185
3,1695057941092,37,5102,72222
3,1695057941092,20,5102,72242
3,1695057941092,20,5102,72262
3,1695057941092,20,5086,72282
3,1695057941092,20,5102,72302
3,1695057941092,41,5102,72343
3,1695057941092,35,5102,72378
3,1695057941092,19,5086,72397
3,1695057941092,12,5086,72409
3,1695057941092,17,5086,72426
3,1695057941092,17,5086,72443
3,1695057941092,23,5086,72466
3,1695057941092,21,5086,72487
3,1695057941092,36,5086,72523
3,1695057941092,23,5086,72546
3,1695057941092,17,5086,72563
3,1695057941092,20,5078,72583
3,1695057941092,20,5086,72603
3,1695057941092,23,5086,72626
3,1695057941092,17,5086,72643
3,1695057941092,20,5086,72663
3,1695057941092,20,5086,72683
3,1695057941092,27,5086,72710
3,1695057941092,17,5086,72727
3,1695057941092,37,5086,72764
3,1695057941092,27,5102,72791
3,1695057941092,17,5086,72808
3,1695057941092,37,5102,72845
3,1695057941092,41,5086,72886
3,1695057941092,20,5086,72906
3,1695057941092,20,5086,72926
3,1695057941092,24,5078,72950
3,1695057941092,37,5086,72987
3,1695057941092,20,5086,73007
3,1695057941092,24,5070,73031
3,1695057941092,37,5086,73068
3,1695057941092,23,5086,73091
3,1695057941092,21,5054,73112
3,1695057941092,37,5070,73149
3,1695057941092,23,5054,73172
3,1695057941092,37,5054,73209
3,1695057941092,20,5054,73229
3,1695057941092,23,5054,73252
3,1695057941092,17,5054,73269
3,1695057941092,20,5054,73289
3,1695057941092,20,5054,73309
3,1695057941092,27,5054,73336
3,1695057941092,17,5054,73353
3,1695057941092,17,5054,73370
3,1695057941092,20,5054,73390
3,1695057941092,27,5054,73417
3,1695057941092,17,5054,73434
3,1695057941092,37,5054,73471
3,1695057941092,41,5054,73512
3,1695057941092,20,5054,73532
3,1695057941092,20,5054,73552
3,1695057941092,24,5054,73576
3,1695057941092,37,5070,73613
3,1695057941092,20,5070,73633
3,1695057941092,24,5070,73657
3,1695057941092,37,5054,73694
3,1695057941092,23,5054,73717
3,1695057941092,21,5054,73738
3,1695057941092,37,5054,73775
3,1695057941092,23,5054,73798
3,1695057941092,17,5054,73815
3,1695057941092,20,5054,73835
3,1695057941092,20,5070,73855
3,1695057941092,23,5054,73878
3,1695057941092,17,5054,73895
3,1695057941092,20,5054,73915
3,1695057941092,20,5054,73935
3,1695057941092,27,5054,73962
3,1695057941092,17,5054,73979
3,1695057941092,37,5046,74016
3,1695057941092,27,5054,74043
3,1695057941092,17,5054,74060
3,1695057941092,37,5038,74097
3,1695057941092,20,5038,74117
3,1695057941092,20,5046,74137
3,1695057941092,20,5038,74157
3,1695057941092,21,5038,74178
3,1695057941092,40,5038,74218
3,1695057941092,20,5038,74238
3,1695057941092,20,5022,74258
3,1695057941092,25,5046,74283
3,1695057941092,17,5054,74300
3,1695057941092,19,5046,74319
3,1695057941092,23,5038,74342
3,1695057941092,21,5038,74363
3,1695057941092,37,5054,74400
3,1695057941092,23,5054,74423
3,1695057941092,17,5054,74440
3,1695057941092,20,5054,74460
3,1695057941092,20,5054,74480
3,1695057941092,23,5054,74503
3,1695057941092,17,5054,74520
3,1695057941092,20,5054,74540
3,1695057941092,20,5054,74560
3,1695057941092,27,5054,74587
3,1695057941092,17,5054,74604
3,1695057941092,37,5054,74641
3,1695057941092,27,5054,74668
3,1695057941092,17,5054,74685
3,1695057941092,37,5054,74722
3,1695057941092,41,5054,74763
3,1695057941092,20,5038,74783
3,1695057941092,20,5038,74803
3,1695057941092,41,5038,74844
3,1695057941092,20,5038,74864
3,1695057941092,20,5038,74884
3,1695057941092,24,5038,74908
3,1695057941092,37,5038,74945
3,1695057941092,23,5022,74968
3,1695057941092,21,5022,74989
3,1695057941092,37,5014,75026
3,1695057941092,23,4990,75049
3,1695057941092,18,4990,75067
3,1695057941092,35,4990,75102
3,1695057941092,12,4990,75114
3,1695057941092,29,4990,75143
3,1695057941092,17,4990,75160
3,1695057941092,12,4990,75172
3,1695057941092,17,4990,75189
3,1695057941092,25,5014,75214
3,1695057941092,17,4990,75231
3,1695057941092,37,4990,75268
3,1695057941092,27,4990,75295
3,1695057941092,17,4990,75312
3,1695057941092,37,4990,75349
3,1695057941092,41,4990,75390
3,1695057941092,20,4990,75410
3,1695057941092,20,4990,75430
3,1695057941092,24,4990,75454
3,1695057941092,37,4990,75491
3,1695057941092,20,4990,75511
3,1695057941092,24,4990,75535
3,1695057941092,37,4990,75572
3,1695057941092,23,4990,75595
3,1695057941092,21,4990,75616
3,1695057941092,37,4990,75653
3,1695057941092,23,4974,75676
3,1695057941092,18,4974,75694
3,1695057941092,20,4974,75714
3,1695057941092,20,4982,75734
3,1695057941092,23,4982,75757
3,1695057941092,18,4974,75775
3,1695057941092,35,4990,75810
3,1695057941092,12,4974,75822
3,1695057941092,29,4974,75851
3,1695057941092,17,4974,75868
3,1695057941092,12,4958,75880
3,1695057941092,17,4958,75897
3,1695057941092,24,4974,75921
3,1695057941092,17,4958,75938
3,1695057941092,37,4950,75975
3,1695057941092,41,4958,76016
3,1695057941092,20,4950,76036
3,1695057941092,20,4958,76056
3,1695057941092,24,4958,76080
3,1695057941092,37,4958,76117
3,1695057941092,20,4958,76137
3,1695057941092,20,4958,76157
3,1695057941092,20,4958,76177
3,1695057941092,20,4958,76197
3,1695057941092,23,4958,76220
3,1695057941092,21,4942,76241
3,1695057941092,37,4942,76278
3,1695057941092,23,4950,76301
3,1695057941092,18,4958,76319
3,1695057941092,20,4942,76339
3,1695057941092,20,4942,76359
3,1695057941092,23,4942,76382
3,1695057941092,17,4926,76399
3,1695057941092,20,4926,76419
3,1695057941092,20,4926,76439
3,1695057941092,27,4926,76466
3,1695057941092,17,4926,76483
3,1695057941092,37,4910,76520
3,1695057941092,27,4918,76547
3,1695057941092,17,4910,76564
3,1695057941092,37,4910,76601
3,1695057941092,41,4910,76642
3,1695057941092,20,4910,76662
3,1695057941092,20,4910,76682
3,1695057941092,41,4894,76723
3,1695057941092,20,4894,76743
3,1695057941092,20,4894,76763
3,1695057941092,24,4894,76787
3,1695057941092,37,4862,76824
3,1695057941092,23,4894,76847
3,1695057941092,21,4862,76868
3,1695057941092,37,4862,76905
3,1695057941092,57,4862,76962
3,1695057941092,30,4862,76992
3,1695057941092,30,4862,77022
3,1695057941092,12,4862,77034
3,1695057941092,17,4862,77051
3,1695057941092,17,4862,77068
3,1695057941092,25,4862,77093
3,1695057941092,17,4862,77110
3,1695057941092,37,4862,77147
3,1695057941092,27,4862,77174
3,1695057941092,17,4862,77191
3,1695057941092,37,4862,77228
3,1695057941092,41,4862,77269
3,1695057941092,20,4862,77289
3,1695057941092,20,4862,77309
3,1695057941092,24,4862,77333
3,1695057941092,37,4862,77370
3,1695057941092,20,4862,77390
3,1695057941092,24,4862,77414
3,1695057941092,37,4854,77451
3,1695057941092,23,4854,77474
3,1695057941092,21,4846,77495
3,1695057941092,37,4830,77532
3,1695057941092,23,4846,77555
3,1695057941092,18,4846,77573
3,1695057941092,20,4830,77593
3,1695057941092,20,4846,77613
3,1695057941092,23,4830,77636
3,1695057941092,37,4830,77673
3,1695057941092,20,4830,77693
3,1695057941092,27,4830,77720
3,1695057941092,17,4822,77737
3,1695057941092,37,4822,77774
3,1695057941092,27,4798,77801
3,1695057941092,17,4798,77818
3,1695057941092,37,4798,77855
3,1695057941092,41,4798,77896
3,1695057941092,21,4798,77917
3,1695057941092,20,4798,77937
3,1695057941092,24,4814,77961
3,1695057941092,37,4798,77998
3,1695057941092,20,4798,78018
3,1695057941092,41,4798,78059
3,1695057941092,20,4798,78079
3,1695057941092,22,4798,78101
3,1695057941092,21,4798,78122
3,1695057941092,37,4798,78159
3,1695057941092,21,4798,78180
3,1695057941092,19,4798,78199
3,1695057941092,20,4798,78219
3,1695057941092,20,4798,78239
3,1695057941092,23,4798,78262
3,1695057941092,18,4798,78280
3,1695057941092,20,4798,78300
3,1695057941092,20,4798,78320
3,1695057941092,27,4790,78347
3,1695057941092,17,4782,78364
3,1695057941092,37,4782,78401
3,1695057941092,27,4782,78428
3,1695057941092,18,4782,78446
3,1695057941092,35,4766,78481
3,1695057941092,41,4766,78522
3,1695057941092,20,4766,78542
3,1695057941092,20,4766,78562
3,1695057941092,41,4758,78603
3,1695057941092,20,4734,78623
3,1695057941092,20,4734,78643
3,1695057941092,24,4734,78667
3,1695057941092,37,4734,78704
3,1695057941092,23,4726,78727
3,1695057941092,21,4734,78748
3,1695057941092,37,4726,78785
3,1695057941092,23,4734,78808
3,1695057941092,18,4734,78826
3,1695057941092,20,4734,78846
3,1695057941092,20,4734,78866
3,1695057941092,23,4718,78889
3,1695057941092,18,4734,78907
3,1695057941092,20,4726,78927
3,1695057941092,20,4726,78947
3,1695057941092,27,4726,78974
3,1695057941092,17,4726,78991
3,1695057941092,37,4718,79028
3,1695057941092,27,4718,79055
3,1695057941092,17,4718,79072
3,1695057941092,37,4702,79109
3,1695057941092,41,4702,79150
3,1695057941092,20,4718,79170
3,1695057941092,20,4702,79190
3,1695057941092,41,4702,79231
3,1695057941092,20,4694,79251
3,1695057941092,20,4702,79271
3,1695057941092,24,4686,79295
3,1695057941092,37,4670,79332
3,1695057941092,23,4670,79355
3,1695057941092,21,4670,79376
3,1695057941092,37,4670,79413
3,1695057941092,23,4662,79436
3,1695057941092,17,4670,79453
3,1695057941092,20,4666,79473
3,1695057941092,20,4654,79493
3,1695057941092,23,4654,79516
3,1695057941092,17,4654,79533
3,1695057941092,21,4654,79554
3,1695057941092,39,4638,79593
3,1695057941092,22,4638,79615
3,1695057941092,20,4606,79635
3,1695057941092,20,4606,79655
3,1695057941092,27,4606,79682
3,1695057941092,17,4606,79699
3,1695057941092,37,4606,79736
3,1695057941092,40,4606,79776
3,1695057941092,20,4606,79796
3,1695057941092,20,4606,79816
3,1695057941092,24,4606,79840
3,1695057941092,37,4606,79877
3,1695057941092,20,4606,79897
3,1695057941092,41,4606,79938
3,1695057941092,20,4606,79958
3,1695057941092,23,4606,79981
3,1695057941092,21,4606,80002
3,1695057941092,37,4606,80039
3,1695057941092,23,4598,80062
3,1695057941092,17,4590,80079
3,1695057941092,20,4590,80099
3,1695057941092,20,4590,80119
3,1695057941092,21,4602,80140
3,1695057941092,19,4590,80159
3,1695057941092,20,4590,80179
3,1695057941092,20,4574,80199
3,1695057941092,27,4574,80226
3,1695057941092,17,4590,80243
3,1695057941092,37,4574,80280
3,1695057941092,33,4574,80313
3,1695057941092,12,4558,80325
3,1695057941092,17,4566,80342
3,1695057941092,18,4542,80360
3,1695057941092,41,4558,80401
3,1695057941092,20,4542,80421
3,1695057941092,20,4542,80441
3,1695057941092,24,4534,80465
3,1695057941092,37,4526,80502
3,1695057941092,42,4526,80544
3,1695057941092,18,4526,80562
3,1695057941092,20,4510,80582
3,1695057941092,23,4526,80605
3,1695057941092,21,4510,80626
3,1695057941092,37,4510,80663
3,1695057941092,23,4510,80686
3,1695057941092,38,4510,80724
3,1695057941092,20,4502,80744
3,1695057941092,23,4510,80767
3,1695057941092,38,4502,80805
3,1695057941092,20,4510,80825
3,1695057941092,27,4478,80852
3,1695057941092,17,4478,80869
3,1695057941092,37,4478,80906
3,1695057941092,28,4478,80934
3,1695057941092,17,4478,80951
3,1695057941092,17,4478,80968
3,1695057941092,18,4494,80986
3,1695057941092,41,4478,81027
3,1695057941092,20,4478,81047
3,1695057941092,20,4478,81067
3,1695057941092,24,4478,81091
3,1695057941092,37,4470,81128
3,1695057941092,20,4478,81148
3,1695057941092,24,4478,81172
3,1695057941092,37,4462,81209
3,1695057941092,23,4462,81232
3,1695057941092,22,4470,81254
3,1695057941092,36,4462,81290
3,1695057941092,23,4462,81313
3,1695057941092,17,4462,81330
3,1695057941092,20,4462,81350
3,1695057941092,20,4446,81370
3,1695057941092,23,4446,81393
3,1695057941092,17,4446,81410
3,1695057941092,20,4446,81430
3,1695057941092,20,4446,81450
3,1695057941092,27,4446,81477
3,1695057941092,17,4446,81494
3,1695057941092,37,4438,81531
3,1695057941092,27,4430,81558
3,1695057941092,18,4438,81576
3,1695057941092,36,4438,81612
3,1695057941092,41,4438,81653
3,1695057941092,20,4446,81673
3,1695057941092,20,4446,81693
3,1695057941092,24,4446,81717
3,1695057941092,37,4430,81754
3,1695057941092,20,4446,81774
3,1695057941092,25,4430,81799
3,1695057941092,17,4442,81816
3,1695057941092,18,4438,81834
3,1695057941092,23,4438,81857
3,1695057941092,22,4446,81879
3,1695057941092,37,4446,81916
3,1695057941092,23,4430,81939
3,1695057941092,17,4414,81956
3,1695057941092,20,4414,81976
3,1695057941092,20,4414,81996
3,1695057941092,23,4430,82019
3,1695057941092,17,4414,82036
3,1695057941092,20,4414,82056
3,1695057941092,20,4414,82076
3,1695057941092,27,4414,82103
3,1695057941092,17,4414,82120
3,1695057941092,37,4398,82157
3,1695057941092,41,4406,82198
3,1695057941092,20,4390,82218
3,1695057941092,20,4398,82238
3,1695057941092,41,4382,82279
3,1695057941092,20,4382,82299
3,1695057941092,20,4398,82319
3,1695057941092,24,4382,82343
3,1695057941092,37,4350,82380
3,1695057941092,42,4350,82422
3,1695057941092,18,4350,82440
3,1695057941092,21,4350,82461
3,1695057941092,22,4350,82483
3,1695057941092,22,4350,82505
3,1695057941092,37,4350,82542
3,1695057941092,22,4350,82564
3,1695057941092,18,4350,82582
3,1695057941092,20,4350,82602
3,1695057941092,20,4350,82622
3,1695057941092,23,4350,82645
3,1695057941092,18,4350,82663
3,1695057941092,20,4350,82683
3,1695057941092,20,4350,82703
3,1695057941092,28,4350,82731
3,1695057941092,18,4350,82749
3,1695057941092,18,4350,82767
3,1695057941092,18,4350,82785
3,1695057941092,42,4350,82827
3,1695057941092,18,4350,82845
3,1695057941092,20,4350,82865
3,1695057941092,41,4334,82906
3,1695057941092,20,4342,82926
3,1695057941092,20,4350,82946
3,1695057941092,41,4318,82987
3,1695057941092,20,4334,83007
3,1695057941092,20,4334,83027
3,1695057941092,41,4318,83068
3,1695057941092,20,4318,83088
3,1695057941092,23,4318,83111
3,1695057941092,38,4310,83149
3,1695057941092,20,4310,83169
3,1695057941092,23,4318,83192
3,1695057941092,39,4302,83231
3,1695057941092,38,4310,83269
3,1695057941092,22,4302,83291
3,1695057941092,20,4302,83311
3,1695057941092,20,4286,83331
3,1695057941092,27,4286,83358
3,1695057941092,18,4286,83376
3,1695057941092,37,4302,83413
3,1695057941092,27,4286,83440
3,1695057941092,18,4286,83458
3,1695057941092,37,4286,83495
3,1695057941092,41,4286,83536
3,1695057941092,20,4286,83556
3,1695057941092,20,4286,83576
3,1695057941092,41,4302,83617
3,1695057941092,20,4302,83637
3,1695057941092,21,4302,83658
3,1695057941092,40,4286,83698
3,1695057941092,20,4302,83718
3,1695057941092,23,4286,83741
3,1695057941092,38,4286,83779
3,1695057941092,20,4286,83799
3,1695057941092,23,4286,83822
3,1695057941092,38,4286,83860
3,1695057941092,20,4286,83880
3,1695057941092,23,4302,83903
3,1695057941092,37,4286,83940
3,1695057941092,20,4278,83960
3,1695057941092,27,4286,83987
3,1695057941092,18,4286,84005
3,1695057941092,36,4286,84041
3,1695057941092,27,4278,84068
3,1695057941092,18,4278,84086
3,1695057941092,18,4286,84104
3,1695057941092,19,4286,84123
3,1695057941092,41,4286,84164
3,1695057941092,20,4286,84184
3,1695057941092,20,4286,84204
3,1695057941092,41,4286,84245
3,1695057941092,20,4270,84265
3,1695057941092,21,4270,84286
3,1695057941092,40,4270,84326
3,1695057941092,20,4286,84346
3,1695057941092,23,4278,84369
3,1695057941092,38,4286,84407
3,1695057941092,20,4286,84427
3,1695057941092,23,4286,84450
3,1695057941092,38,4278,84488
3,1695057941092,20,4286,84508
3,1695057941092,24,4286,84532
3,1695057941092,37,4286,84569
3,1695057941092,20,4286,84589
3,1695057941092,27,4286,84616
3,1695057941092,18,4286,84634
3,1695057941092,18,4286,84652
3,1695057941092,18,4286,84670
3,1695057941092,27,4286,84697
3,1695057941092,18,4286,84715
3,1695057941092,18,4286,84733
3,1695057941092,18,4286,84751
3,1695057941092,41,4286,84792
3,1695057941092,20,4286,84812
3,1695057941092,20,4286,84832
3,1695057941092,41,4286,84873
3,1695057941092,20,4286,84893
3,1695057941092,20,4286,84913
3,1695057941092,41,4286,84954
3,1695057941092,20,4286,84974
3,1695057941092,23,4286,84997
3,1695057941092,38,4282,85035
3,1695057941092,20,4286,85055
3,1695057941092,24,4286,85079
3,1695057941092,38,4282,85117
3,1695057941092,39,4286,85156
3,1695057941092,22,4278,85178
3,1695057941092,20,4278,85198
3,1695057941092,20,4286,85218
3,1695057941092,27,4286,85245
3,1695057941092,18,4286,85263
3,1695057941092,18,4286,85281
3,1695057941092,18,4286,85299
3,1695057941092,27,4286,85326
3,1695057941092,18,4286,85344
3,1695057941092,18,4286,85362
3,1695057941092,18,4278,85380
3,1695057941092,41,4286,85421
3,1695057941092,20,4286,85441
3,1695057941092,20,4302,85461
3,1695057941092,41,4286,85502
3,1695057941092,20,4286,85522
3,1695057941092,20,4286,85542
3,1695057941092,41,4286,85583
3,1695057941092,20,4286,85603
3,1695057941092,23,4286,85626
3,1695057941092,38,4286,85664
3,1695057941092,20,4286,85684
3,1695057941092,23,4286,85707
3,1695057941092,38,4270,85745
3,1695057941092,20,4286,85765
3,1695057941092,23,4286,85788
3,1695057941092,38,4270,85826
3,1695057941092,20,4270,85846
3,1695057941092,33,4278,85879
3,1695057941092,13,4278,85892
3,1695057941092,18,4270,85910
3,1695057941092,45,4270,85955
3,1695057941092,36,4270,85991
3,1695057941092,59,4286,86050
3,1695057941092,20,4270,86070
3,1695057941092,20,4254,86090
3,1695057941092,21,4270,86111
3,1695057941092,20,4270,86131
3,1695057941092,20,4270,86151
3,1695057941092,20,4270,86171
3,1695057941092,41,4270,86212
3,1695057941092,20,4270,86232
3,1695057941092,23,4286,86255
3,1695057941092,38,4278,86293
3,1695057941092,20,4270,86313
3,1695057941092,24,4270,86337
3,1695057941092,37,4270,86374
3,1695057941092,20,4270,86394
3,1695057941092,23,4270,86417
3,1695057941092,38,4270,86455
3,1695057941092,20,4270,86475
3,1695057941092,27,4270,86502
3,1695057941092,18,4254,86520
3,1695057941092,18,4254,86538
3,1695057941092,18,4254,86556
3,1695057941092,27,4270,86583
3,1695057941092,18,4254,86601
3,1695057941092,18,4254,86619
3,1695057941092,18,4254,86637
3,1695057941092,41,4254,86678
3,1695057941092,20,4254,86698
3,1695057941092,20,4254,86718
3,1695057941092,41,4254,86759
3,1695057941092,36,4254,86795
3,1695057941092,25,4246,86820
3,1695057941092,19,4246,86839
3,1695057941092,20,4254,86859
3,1695057941092,23,4238,86882
3,1695057941092,38,4246,86920
3,1695057941092,20,4254,86940
3,1695057941092,23,4246,86963
3,1695057941092,38,4246,87001
3,1695057941092,20,4254,87021
3,1695057941092,22,4254,87043
3,1695057941092,38,4254,87081
3,1695057941092,20,4254,87101
3,1695057941092,28,4254,87129
3,1695057941092,36,4254,87165
3,1695057941092,45,4246,87210
3,1695057941092,18,4254,87228
3,1695057941092,18,4270,87246
3,1695057941092,18,4254,87264
3,1695057941092,41,4270,87305
3,1695057941092,20,4254,87325
3,1695057941092,20,4254,87345
3,1695057941092,41,4254,87386
3,1695057941092,20,4254,87406
3,1695057941092,20,4254,87426
3,1695057941092,41,4254,87467
3,1695057941092,20,4254,87487
3,1695057941092,23,4254,87510
3,1695057941092,38,4254,87548
3,1695057941092,20,4238,87568
3,1695057941092,23,4254,87591
3,1695057941092,38,4222,87629
3,1695057941092,20,4238,87649
3,1695057941092,23,4222,87672
3,1695057941092,38,4238,87710
3,1695057941092,20,4254,87730
3,1695057941092,27,4254,87757
3,1695057941092,36,4246,87793
3,1695057941092,45,4254,87838
3,1695057941092,18,4266,87856
3,1695057941092,18,4270,87874
3,1695057941092,18,4246,87892
3,1695057941092,41,4254,87933
3,1695057941092,20,4254,87953
3,1695057941092,20,4270,87973
3,1695057941092,41,4254,88014
3,1695057941092,20,4270,88034
3,1695057941092,20,4270,88054
3,1695057941092,20,4270,88074
3,1695057941092,20,4270,88094
3,1695057941092,20,4270,88114
3,1695057941092,23,4270,88137
3,1695057941092,38,4270,88175
3,1695057941092,20,4270,88195
3,1695057941092,23,4270,88218
3,1695057941092,38,4270,88256
3,1695057941092,20,4270,88276
3,1695057941092,23,4270,88299
3,1695057941092,38,4254,88337
3,1695057941092,20,4254,88357
3,1695057941092,27,4270,88384
3,1695057941092,18,4254,88402
3,1695057941092,18,4254,88420
3,1695057941092,18,4254,88438
3,1695057941092,33,4270,88471
3,1695057941092,13,4254,88484
3,1695057941092,19,4254,88503
3,1695057941092,38,4270,88541
3,1695057941092,19,4254,88560
3,1695057941092,20,4254,88580
3,1695057941092,20,4270,88600
3,1695057941092,41,4270,88641
3,1695057941092,20,4266,88661
3,1695057941092,20,4270,88681
3,1695057941092,41,4270,88722
3,1695057941092,20,4266,88742
3,1695057941092,23,4270,88765
3,1695057941092,38,4270,88803
3,1695057941092,20,4270,88823
3,1695057941092,23,4270,88846
3,1695057941092,38,4270,88884
3,1695057941092,20,4270,88904
3,1695057941092,24,4254,88928
3,1695057941092,37,4270,88965
3,1695057941092,20,4270,88985
3,1695057941092,27,4270,89012
3,1695057941092,18,4270,89030
3,1695057941092,18,4254,89048
3,1695057941092,18,4254,89066
3,1695057941092,27,4254,89093
3,1695057941092,18,4246,89111
3,1695057941092,18,4254,89129
3,1695057941092,18,4254,89147
3,1695057941092,41,4254,89188
3,1695057941092,20,4254,89208
3,1695057941092,21,4254,89229
3,1695057941092,40,4246,89269
3,1695057941092,20,4238,89289
3,1695057941092,20,4222,89309
3,1695057941092,41,4222,89350
3,1695057941092,20,4246,89370
3,1695057941092,23,4222,89393
3,1695057941092,38,4222,89431
3,1695057941092,20,4222,89451
3,1695057941092,24,4222,89475
3,1695057941092,37,4222,89512
3,1695057941092,21,4222,89533
3,1695057941092,43,4246,89576
3,1695057941092,38,4246,89614
3,1695057941092,27,4246,89641
3,1695057941092,18,4238,89659
3,1695057941092,18,4246,89677
3,1695057941092,18,4254,89695
3,1695057941092,27,4246,89722
3,1695057941092,18,4254,89740
3,1695057941092,18,4246,89758
3,1695057941092,18,4254,89776
3,1695057941092,41,4254,89817
3,1695057941092,20,4254,89837
3,1695057941092,20,4254,89857
3,1695057941092,41,4254,89898
3,1695057941092,20,4254,89918
3,1695057941092,20,4254,89938
3,1695057941092,41,4254,89979
3,1695057941092,20,4254,89999
3,1695057941092,23,4246,90022
3,1695057941092,38,4246,90060
3,1695057941092,20,4254,90080
3,1695057941092,22,4238,90102
3,1695057941092,18,4238,90120
3,1695057941092,20,4254,90140
3,1695057941092,20,4238,90160
3,1695057941092,23,4238,90183
3,1695057941092,38,4222,90221
3,1695057941092,20,4238,90241
3,1695057941092,28,4222,90269
3,1695057941092,36,4238,90305
3,1695057941092,45,4222,90350
3,1695057941092,18,4222,90368
3,1695057941092,18,4222,90386
3,1695057941092,59,4222,90445
3,1695057941092,20,4222,90465
3,1695057941092,20,4222,90485
3,1695057941092,41,4222,90526
3,1695057941092,20,4222,90546
3,1695057941092,20,4222,90566
3,1695057941092,41,4222,90607
3,1695057941092,20,4254,90627
3,1695057941092,23,4238,90650
3,1695057941092,22,4246,90672
3,1695057941092,18,4246,90690
3,1695057941092,41,4246,90731
3,1695057941092,38,4238,90769
3,1695057941092,20,4222,90789
3,1695057941092,23,4246,90812
3,1695057941092,38,4238,90850
3,1695057941092,20,4222,90870
3,1695057941092,27,4222,90897
3,1695057941092,18,4222,90915
3,1695057941092,18,4222,90933
3,1695057941092,45,4222,90978
3,1695057941092,18,4222,90996
3,1695057941092,19,4222,91015
3,1695057941092,58,4222,91073
3,1695057941092,20,4222,91093
3,1695057941092,20,4222,91113
3,1695057941092,41,4222,91154
3,1695057941092,20,4222,91174
3,1695057941092,20,4222,91194
3,1695057941092,41,4222,91235
3,1695057941092,20,4222,91255
3,1695057941092,24,4222,91279
3,1695057941092,37,4222,91316
3,1695057941092,20,4222,91336
3,1695057941092,23,4222,91359
3,1695057941092,38,4222,91397
3,1695057941092,20,4222,91417
3,1695057941092,23,4222,91440
3,1695057941092,38,4222,91478
3,1695057941092,20,4222,91498
3,1695057941092,27,4222,91525
3,1695057941092,18,4222,91543
3,1695057941092,18,4222,91561
3,1695057941092,18,4238,91579
3,1695057941092,27,4222,91606
3,1695057941092,18,4238,91624
3,1695057941092,18,4238,91642
3,1695057941092,59,4254,91701
3,1695057941092,20,4246,91721
3,1695057941092,20,4222,91741
3,1695057941092,41,4222,91782
3,1695057941092,20,4222,91802
3,1695057941092,20,4222,91822
3,1695057941092,41,4222,91863
3,1695057941092,20,4246,91883
3,1695057941092,23,4222,91906
3,1695057941092,38,4222,91944
3,1695057941092,20,4222,91964
3,1695057941092,23,4238,91987
3,1695057941092,38,4222,92025
3,1695057941092,20,4222,92045
3,1695057941092,21,4222,92066
3,1695057941092,19,4222,92085
3,1695057941092,20,4222,92105
3,1695057941092,20,4222,92125
3,1695057941092,27,4222,92152
3,1695057941092,19,4222,92171
3,1695057941092,37,4222,92208
3,1695057941092,32,4222,92240
3,1695057941092,13,4222,92253
3,1695057941092,18,4222,92271
3,1695057941092,58,4222,92329
3,1695057941092,20,4222,92349
3,1695057941092,20,4222,92369
3,1695057941092,41,4238,92410
3,1695057941092,20,4246,92430
3,1695057941092,20,4222,92450
3,1695057941092,41,4238,92491
3,1695057941092,20,4222,92511
3,1695057941092,23,4238,92534
3,1695057941092,38,4222,92572
3,1695057941092,20,4246,92592
3,1695057941092,23,4238,92615
3,1695057941092,38,4238,92653
3,1695057941092,20,4222,92673
3,1695057941092,23,4246,92696
3,1695057941092,38,4222,92734
3,1695057941092,20,4222,92754
3,1695057941092,33,4222,92787
3,1695057941092,13,4222,92800
3,1695057941092,18,4222,92818
3,1695057941092,44,4222,92862
3,1695057941092,18,4222,92880
3,1695057941092,18,4222,92898
3,1695057941092,59,4222,92957
3,1695057941092,20,4222,92977
3,1695057941092,20,4222,92997
3,1695057941092,41,4222,93038
3,1695057941092,21,4222,93059
3,1695057941092,43,4222,93102
3,1695057941092,38,4246,93140
3,1695057941092,23,4238,93163
3,1695057941092,38,4254,93201
3,1695057941092,20,4246,93221
3,1695057941092,24,4246,93245
3,1695057941092,37,4254,93282
3,1695057941092,20,4246,93302
3,1695057941092,23,4246,93325
3,1695057941092,38,4254,93363
3,1695057941092,20,4254,93383
3,1695057941092,27,4246,93410
3,1695057941092,18,4254,93428
3,1695057941092,18,4254,93446
3,1695057941092,44,4254,93490
3,1695057941092,19,4254,93509
3,1695057941092,36,4254,93545
3,1695057941092,40,4246,93585
3,1695057941092,20,4254,93605
3,1695057941092,20,4254,93625
3,1695057941092,41,4246,93666
3,1695057941092,20,4222,93686
3,1695057941092,20,4246,93706
3,1695057941092,26,4246,93732
3,1695057941092,18,4254,93750
3,1695057941092,18,4254,93768
3,1695057941092,21,4246,93789
3,1695057941092,38,4238,93827
3,1695057941092,20,4254,93847
3,1695057941092,23,4254,93870
3,1695057941092,38,4246,93908
3,1695057941092,20,4254,93928
3,1695057941092,23,4254,93951
3,1695057941092,39,4266,93990
3,1695057941092,39,4270,94029
3,1695057941092,21,4270,94050
3,1695057941092,20,4270,94070
3,1695057941092,20,4270,94090
3,1695057941092,27,4270,94117
3,1695057941092,18,4270,94135
3,1695057941092,18,4270,94153
3,1695057941092,59,4270,94212
3,1695057941092,20,4270,94232
3,1695057941092,20,4286,94252
3,1695057941092,41,4270,94293
3,1695057941092,21,4286,94314
3,1695057941092,20,4286,94334
3,1695057941092,41,4286,94375
3,1695057941092,20,4286,94395
3,1695057941092,23,4286,94418
3,1695057941092,39,4286,94457
3,1695057941092,20,4286,94477
3,1695057941092,23,4286,94500
3,1695057941092,38,4286,94538
3,1695057941092,20,4286,94558
3,1695057941092,23,4286,94581
3,1695057941092,38,4286,94619
3,1695057941092,20,4278,94639
3,1695057941092,27,4286,94666
3,1695057941092,18,4286,94684
3,1695057941092,18,4286,94702
3,1695057941092,51,4286,94753
3,1695057941092,13,4310,94766
3,1695057941092,18,4314,94784
3,1695057941092,18,4302,94802
3,1695057941092,40,4314,94842
3,1695057941092,36,4318,94878
3,1695057941092,28,4318,94906
3,1695057941092,18,4318,94924
3,1695057941092,18,4330,94942
3,1695057941092,20,4334,94962
3,1695057941092,41,4334,95003
3,1695057941092,20,4334,95023
3,1695057941092,23,4334,95046
3,1695057941092,38,4334,95084
3,1695057941092,20,4334,95104
3,1695057941092,23,4342,95127
3,1695057941092,38,4334,95165
3,1695057941092,20,4350,95185
3,1695057941092,23,4342,95208
3,1695057941092,38,4334,95246
3,1695057941092,20,4350,95266
3,1695057941092,27,4350,95293
3,1695057941092,18,4350,95311
3,1695057941092,18,4350,95329
3,1695057941092,45,4350,95374
3,1695057941092,18,4350,95392
3,1695057941092,18,4350,95410
3,1695057941092,59,4350,95469
3,1695057941092,20,4350,95489
3,1695057941092,20,4350,95509
3,1695057941092,41,4382,95550
3,1695057941092,21,4382,95571
3,1695057941092,20,4382,95591
3,1695057941092,40,4382,95631
3,1695057941092,20,4398,95651
3,1695057941092,23,4398,95674
3,1695057941092,38,4398,95712
3,1695057941092,20,4398,95732
3,1695057941092,23,4414,95755
3,1695057941092,38,4414,95793
3,1695057941092,20,4414,95813
3,1695057941092,23,4414,95836
3,1695057941092,38,4414,95874
3,1695057941092,20,4414,95894
3,1695057941092,27,4414,95921
3,1695057941092,19,4438,95940
3,1695057941092,18,4414,95958
3,1695057941092,44,4430,96002
3,1695057941092,18,4414,96020
3,1695057941092,18,4430,96038
3,1695057941092,59,4414,96097
3,1695057941092,20,4438,96117
3,1695057941092,21,4430,96138
3,1695057941092,40,4438,96178
3,1695057941092,20,4438,96198
3,1695057941092,20,4430,96218
3,1695057941092,41,4438,96259
3,1695057941092,20,4446,96279
3,1695057941092,23,4446,96302
3,1695057941092,38,4446,96340
3,1695057941092,20,4462,96360
3,1695057941092,24,4462,96384
3,1695057941092,36,4462,96420
3,1695057941092,20,4478,96440
3,1695057941092,23,4478,96463
3,1695057941092,38,4478,96501
3,1695057941092,20,4478,96521
3,1695057941092,27,4478,96548
3,1695057941092,18,4478,96566
3,1695057941092,18,4478,96584
3,1695057941092,45,4510,96629
3,1695057941092,18,4502,96647
3,1695057941092,18,4510,96665
3,1695057941092,58,4510,96723
3,1695057941092,20,4510,96743
3,1695057941092,20,4502,96763
3,1695057941092,41,4510,96804
3,1695057941092,20,4510,96824
3,1695057941092,20,4510,96844
3,1695057941092,41,4510,96885
3,1695057941092,20,4510,96905
3,1695057941092,23,4506,96928
3,1695057941092,38,4502,96966
3,1695057941092,20,4506,96986
3,1695057941092,23,4510,97009
3,1695057941092,39,4502,97048
3,1695057941092,20,4510,97068
3,1695057941092,23,4510,97091
3,1695057941092,38,4526,97129
3,1695057941092,20,4526,97149
3,1695057941092,27,4542,97176
3,1695057941092,18,4542,97194
3,1695057941092,18,4542,97212
3,1695057941092,51,4542,97263
3,1695057941092,13,4558,97276
3,1695057941092,19,4542,97295
3,1695057941092,38,4542,97333
3,1695057941092,39,4566,97372
3,1695057941092,20,4566,97392
3,1695057941092,41,4574,97433
3,1695057941092,20,4558,97453
3,1695057941092,20,4574,97473
3,1695057941092,41,4566,97514
3,1695057941092,20,4574,97534
3,1695057941092,23,4570,97557
3,1695057941092,38,4574,97595
3,1695057941092,20,4566,97615
3,1695057941092,24,4574,97639
3,1695057941092,37,4566,97676
3,1695057941092,20,4566,97696
3,1695057941092,23,4566,97719
3,1695057941092,38,4574,97757
3,1695057941092,20,4558,97777
3,1695057941092,27,4566,97804
3,1695057941092,18,4566,97822
3,1695057941092,18,4566,97840
3,1695057941092,44,4574,97884
3,1695057941092,18,4574,97902
3,1695057941092,18,4574,97920
3,1695057941092,58,4598,97978
3,1695057941092,20,4606,97998
3,1695057941092,20,4606,98018
3,1695057941092,20,4606,98038
3,1695057941092,20,4606,98058
3,1695057941092,20,4606,98078
3,1695057941092,20,4606,98098
3,1695057941092,41,4606,98139
3,1695057941092,37,4606,98176
3,1695057941092,25,4638,98201
3,1695057941092,18,4638,98219
3,1695057941092,20,4638,98239
3,1695057941092,23,4638,98262
3,1695057941092,38,4638,98300
3,1695057941092,20,4638,98320
3,1695057941092,23,4638,98343
3,1695057941092,38,4606,98381
3,1695057941092,20,4638,98401
3,1695057941092,27,4638,98428
3,1695057941092,18,4606,98446
3,1695057941092,18,4638,98464
3,1695057941092,44,4638,98508
3,1695057941092,18,4606,98526
3,1695057941092,19,4606,98545
3,1695057941092,58,4606,98603
3,1695057941092,20,4606,98623
3,1695057941092,20,4606,98643
3,1695057941092,41,4606,98684
3,1695057941092,20,4606,98704
3,1695057941092,20,4606,98724
3,1695057941092,41,4606,98765
3,1695057941092,20,4638,98785
3,1695057941092,23,4606,98808
3,1695057941092,38,4654,98846
3,1695057941092,21,4654,98867
3,1695057941092,22,4654,98889
3,1695057941092,38,4654,98927
3,1695057941092,20,4654,98947
3,1695057941092,23,4670,98970
3,1695057941092,38,4670,99008
3,1695057941092,20,4670,99028
3,1695057941092,34,4670,99062
3,1695057941092,31,4670,99093
3,1695057941092,18,4670,99111
3,1695057941092,38,4670,99149
3,1695057941092,20,4670,99169
3,1695057941092,20,4670,99189
3,1695057941092,41,4670,99230
3,1695057941092,20,4670,99250
3,1695057941092,20,4670,99270
3,1695057941092,41,4654,99311
3,1695057941092,20,4666,99331
3,1695057941092,20,4662,99351
3,1695057941092,41,4654,99392
3,1695057941092,20,4654,99412
3,1695057941092,23,4654,99435
3,1695057941092,38,4638,99473
3,1695057941092,20,4654,99493
3,1695057941092,23,4638,99516
3,1695057941092,38,4638,99554
3,1695057941092,20,4606,99574
3,1695057941092,24,4638,99598
3,1695057941092,37,4606,99635
3,1695057941092,20,4638,99655
3,1695057941092,27,4638,99682
3,1695057941092,18,4638,99700
3,1695057941092,18,4654,99718
3,1695057941092,45,4654,99763
3,1695057941092,37,4654,99800
3,1695057941092,58,4654,99858
3,1695057941092,20,4654,99878
3,1695057941092,20,4654,99898
3,1695057941092,41,4654,99939
3,1695057941092,20,4654,99959
3,1695057941092,20,4654,99979
3,1695057941092,20,4638,99999
3,1695057941092,20,4638,100019
3,1695057941092,43,4638,100062
3,1695057941092,38,4638,100100
3,1695057941092,20,4638,100120
3,1695057941092,24,4606,100144
3,1695057941092,37,4606,100181
3,1695057941092,20,4606,100201
3,1695057941092,23,4606,100224
3,1695057941092,38,4606,100262
3,1695057941092,20,4606,100282
3,1695057941092,27,4606,100309
3,1695057941092,18,4606,100327
3,1695057941092,18,4606,100345
3,1695057941092,44,4590,100389
3,1695057941092,19,4606,100408
3,1695057941092,18,4590,100426
3,1695057941092,18,4590,100444
3,1695057941092,39,4590,100483
3,1695057941092,20,4574,100503
3,1695057941092,20,4574,100523
3,1695057941092,41,4574,100564
3,1695057941092,21,4590,100585
3,1695057941092,43,4574,100628
3,1695057941092,38,4574,100666
3,1695057941092,23,4574,100689
3,1695057941092,38,4590,100727
3,1695057941092,20,4574,100747
3,1695057941092,23,4574,100770
3,1695057941092,38,4574,100808
3,1695057941092,20,4558,100828
3,1695057941092,23,4574,100851
3,1695057941092,38,4558,100889
3,1695057941092,20,4558,100909
3,1695057941092,27,4566,100936
3,1695057941092,18,4542,100954
3,1695057941092,18,4566,100972
3,1695057941092,44,4558,101016
3,1695057941092,19,4542,101035
3,1695057941092,18,4542,101053
3,1695057941092,58,4534,101111
3,1695057941092,20,4542,101131
3,1695057941092,20,4534,101151
3,1695057941092,40,4510,101191
3,1695057941092,20,4526,101211
3,1695057941092,20,4510,101231
3,1695057941092,41,4510,101272
3,1695057941092,20,4526,101292
3,1695057941092,23,4526,101315
3,1695057941092,38,4510,101353
3,1695057941092,21,4510,101374
3,1695057941092,43,4510,101417
3,1695057941092,37,4502,101454
3,1695057941092,23,4510,101477
3,1695057941092,39,4510,101516
3,1695057941092,20,4510,101536
3,1695057941092,27,4510,101563
3,1695057941092,19,4510,101582
3,1695057941092,19,4526,101601
3,1695057941092,50,4522,101651
3,1695057941092,13,4510,101664
3,1695057941092,19,4510,101683
3,1695057941092,19,4526,101702
3,1695057941092,38,4510,101740
3,1695057941092,20,4526,101760
3,1695057941092,20,4526,101780
3,1695057941092,41,4526,101821
3,1695057941092,20,4526,101841
3,1695057941092,20,4510,101861
3,1695057941092,41,4510,101902
3,1695057941092,20,4510,101922
3,1695057941092,22,4526,101944
3,1695057941092,39,4510,101983
3,1695057941092,20,4510,102003
3,1695057941092,23,4510,102026
3,1695057941092,38,4522,102064
3,1695057941092,20,4510,102084
3,1695057941092,23,4510,102107
3,1695057941092,38,4510,102145
3,1695057941092,20,4510,102165
3,1695057941092,27,4510,102192
3,1695057941092,19,4502,102211
3,1695057941092,19,4510,102230
3,1695057941092,49,4510,102279
3,1695057941092,13,4494,102292
3,1695057941092,19,4510,102311
3,1695057941092,19,4510,102330
3,1695057941092,38,4506,102368
3,1695057941092,20,4510,102388
3,1695057941092,20,4510,102408
3,1695057941092,41,4510,102449
3,1695057941092,20,4510,102469
3,1695057941092,20,4510,102489
3,1695057941092,41,4510,102530
3,1695057941092,20,4502,102550
3,1695057941092,23,4510,102573
3,1695057941092,38,4510,102611
3,1695057941092,21,4510,102632
3,1695057941092,22,4510,102654
3,1695057941092,38,4522,102692
3,1695057941092,20,4526,102712
3,1695057941092,23,4526,102735
3,1695057941092,38,4502,102773
3,1695057941092,20,4510,102793
3,1695057941092,33,4510,102826
3,1695057941092,14,4510,102840
3,1695057941092,19,4502,102859
3,1695057941092,19,4510,102878
3,1695057941092,38,4502,102916
3,1695057941092,20,4510,102936
3,1695057941092,20,4502,102956
3,1695057941092,27,4510,102983
3,1695057941092,19,4510,103002
3,1695057941092,19,4510,103021
3,1695057941092,19,4502,103040
3,1695057941092,39,4502,103079
3,1695057941092,37,4478,103116
3,1695057941092,26,4502,103142
3,1695057941092,39,4502,103181
3,1695057941092,23,4478,103204
3,1695057941092,38,4502,103242
3,1695057941092,20,4502,103262
3,1695057941092,23,4510,103285
3,1695057941092,38,4510,103323
3,1695057941092,20,4510,103343
3,1695057941092,24,4502,103367
3,1695057941092,37,4502,103404
3,1695057941092,21,4510,103425
3,1695057941092,22,4510,103447
3,1695057941092,38,4510,103485
3,1695057941092,20,4510,103505
3,1695057941092,27,4510,103532
3,1695057941092,19,4502,103551
3,1695057941092,19,4526,103570
3,1695057941092,19,4526,103589
3,1695057941092,39,4510,103628
3,1695057941092,20,4502,103648
3,1695057941092,20,4510,103668
3,1695057941092,41,4502,103709
3,1695057941092,20,4478,103729
3,1695057941092,20,4502,103749
3,1695057941092,41,4478,103790
3,1695057941092,20,4502,103810
3,1695057941092,23,4494,103833
3,1695057941092,38,4478,103871
3,1695057941092,20,4478,103891
3,1695057941092,21,4478,103912
3,1695057941092,19,4478,103931
3,1695057941092,20,4478,103951
3,1695057941092,21,4478,103972
3,1695057941092,44,4478,104016
3,1695057941092,19,4478,104035
3,1695057941092,41,4478,104076
3,1695057941092,38,4478,104114
3,1695057941092,20,4478,104134
3,1695057941092,27,4478,104161
3,1695057941092,19,4478,104180
3,1695057941092,19,4478,104199
3,1695057941092,19,4478,104218
3,1695057941092,39,4478,104257
3,1695057941092,20,4478,104277
3,1695057941092,20,4478,104297
3,1695057941092,41,4478,104338
3,1695057941092,20,4502,104358
3,1695057941092,20,4478,104378
3,1695057941092,41,4478,104419
3,1695057941092,20,4478,104439
3,1695057941092,23,4478,104462
3,1695057941092,38,4478,104500
3,1695057941092,20,4478,104520
3,1695057941092,23,4478,104543
3,1695057941092,38,4478,104581
3,1695057941092,20,4478,104601
3,1695057941092,23,4478,104624
3,1695057941092,38,4478,104662
3,1695057941092,20,4494,104682
3,1695057941092,23,4478,104705
3,1695057941092,38,4478,104743
3,1695057941092,20,4478,104763
3,1695057941092,27,4478,104790
3,1695057941092,19,4478,104809
3,1695057941092,19,4478,104828
3,1695057941092,19,4478,104847
3,1695057941092,39,4478,104886
3,1695057941092,20,4478,104906
3,1695057941092,20,4494,104926
3,1695057941092,41,4502,104967
3,1695057941092,37,4502,105004
3,1695057941092,26,4510,105030
3,1695057941092,39,4510,105069
3,1695057941092,23,4478,105092
3,1695057941092,38,4510,105130
3,1695057941092,20,4510,105150
3,1695057941092,23,4510,105173
3,1695057941092,38,4526,105211
3,1695057941092,20,4526,105231
3,1695057941092,23,4510,105254
3,1695057941092,38,4510,105292
3,1695057941092,20,4526,105312
3,1695057941092,23,4510,105335
3,1695057941092,38,4510,105373
3,1695057941092,20,4510,105393
3,1695057941092,27,4510,105420
3,1695057941092,19,4510,105439
3,1695057941092,19,4510,105458
3,1695057941092,19,4510,105477
3,1695057941092,38,4494,105515
3,1695057941092,20,4478,105535
3,1695057941092,20,4502,105555
3,1695057941092,41,4494,105596
3,1695057941092,20,4478,105616
3,1695057941092,21,4494,105637
3,1695057941092,26,4502,105663
3,1695057941092,19,4478,105682
3,1695057941092,19,4502,105701
3,1695057941092,37,4502,105738
3,1695057941092,20,4510,105758
3,1695057941092,20,4502,105778
3,1695057941092,23,4510,105801
3,1695057941092,39,4502,105840
3,1695057941092,38,4510,105878
3,1695057941092,22,4526,105900
3,1695057941092,20,4510,105920
3,1695057941092,20,4526,105940
3,1695057941092,23,4526,105963
3,1695057941092,38,4526,106001
3,1695057941092,20,4542,106021
3,1695057941092,27,4526,106048
3,1695057941092,19,4542,106067
3,1695057941092,19,4534,106086
3,1695057941092,19,4542,106105
3,1695057941092,38,4542,106143
3,1695057941092,21,4542,106164
3,1695057941092,20,4542,106184
3,1695057941092,41,4542,106225
3,1695057941092,20,4542,106245
3,1695057941092,20,4542,106265
3,1695057941092,41,4542,106306
3,1695057941092,20,4542,106326
3,1695057941092,24,4542,106350
3,1695057941092,23,4542,106373
3,1695057941092,20,4542,106393
3,1695057941092,19,4542,106412
3,1695057941092,22,4542,106434
3,1695057941092,19,4542,106453
3,1695057941092,19,4542,106472
3,1695057941092,40,4558,106512
3,1695057941092,38,4542,106550
3,1695057941092,20,4542,106570
3,1695057941092,23,4542,106593
3,1695057941092,37,4566,106630
3,1695057941092,20,4566,106650
3,1695057941092,27,4574,106677
3,1695057941092,19,4590,106696
3,1695057941092,19,4574,106715
3,1695057941092,19,4574,106734
3,1695057941092,38,4574,106772
3,1695057941092,20,4574,106792
3,1695057941092,20,4590,106812
3,1695057941092,41,4590,106853
3,1695057941092,20,4606,106873
3,1695057941092,20,4598,106893
3,1695057941092,27,4606,106920
3,1695057941092,19,4606,106939
3,1695057941092,19,4606,106958
3,1695057941092,21,4598,106979
3,1695057941092,19,4606,106998
3,1695057941092,19,4606,107017
3,1695057941092,41,4606,107058
3,1695057941092,38,4606,107096
3,1695057941092,20,4606,107116
3,1695057941092,23,4606,107139
3,1695057941092,38,4606,107177
3,1695057941092,20,4602,107197
3,1695057941092,23,4606,107220
3,1695057941092,38,4606,107258
3,1695057941092,20,4590,107278
3,1695057941092,27,4606,107305
3,1695057941092,19,4598,107324
3,1695057941092,19,4606,107343
3,1695057941092,19,4598,107362
3,1695057941092,39,4606,107401
3,1695057941092,37,4598,107438
3,1695057941092,44,4606,107482
3,1695057941092,20,4606,107502
3,1695057941092,20,4590,107522
3,1695057941092,41,4606,107563
3,1695057941092,20,4606,107583
3,1695057941092,23,4606,107606
3,1695057941092,38,4606,107644
3,1695057941092,20,4606,107664
3,1695057941092,23,4606,107687
3,1695057941092,38,4606,107725
3,1695057941092,20,4606,107745
3,1695057941092,23,4606,107768
3,1695057941092,38,4606,107806
3,1695057941092,20,4606,107826
3,1695057941092,24,4638,107850
3,1695057941092,19,4638,107869
3,1695057941092,39,4638,107908
3,1695057941092,27,4654,107935
3,1695057941092,19,4638,107954
3,1695057941092,19,4606,107973
3,1695057941092,19,4654,107992
3,1695057941092,38,4654,108030
3,1695057941092,20,4654,108050
3,1695057941092,20,4654,108070
3,1695057941092,41,4638,108111
3,1695057941092,20,4654,108131
3,1695057941092,20,4638,108151
3,1695057941092,41,4654,108192
3,1695057941092,20,4654,108212
3,1695057941092,23,4638,108235
3,1695057941092,38,4638,108273
3,1695057941092,20,4638,108293
3,1695057941092,23,4638,108316
3,1695057941092,37,4638,108353
3,1695057941092,20,4606,108373
3,1695057941092,23,4606,108396
3,1695057941092,38,4638,108434
3,1695057941092,20,4654,108454
3,1695057941092,24,4638,108478
3,1695057941092,19,4654,108497
3,1695057941092,39,4662,108536
3,1695057941092,32,4670,108568
3,1695057941092,14,4670,108582
3,1695057941092,19,4662,108601
3,1695057941092,19,4670,108620
3,1695057941092,38,4670,108658
3,1695057941092,20,4670,108678
3,1695057941092,20,4694,108698
3,1695057941092,41,4670,108739
3,1695057941092,20,4694,108759
3,1695057941092,20,4694,108779
3,1695057941092,41,4702,108820
3,1695057941092,20,4702,108840
3,1695057941092,23,4702,108863
3,1695057941092,39,4702,108902
3,1695057941092,20,4702,108922
3,1695057941092,23,4702,108945
3,1695057941092,38,4694,108983
3,1695057941092,21,4702,109004
3,1695057941092,22,4694,109026
3,1695057941092,38,4694,109064
3,1695057941092,20,4670,109084
3,1695057941092,24,4686,109108
3,1695057941092,19,4702,109127
3,1695057941092,39,4702,109166
3,1695057941092,32,4694,109198
3,1695057941092,14,4702,109212
3,1695057941092,20,4702,109232
3,1695057941092,49,4702,109281
3,1695057941092,19,4694,109300
3,1695057941092,14,4694,109314
3,1695057941092,22,4702,109336
3,1695057941092,33,4702,109369
3,1695057941092,41,4718,109410
3,1695057941092,41,4718,109451
3,1695057941092,20,4726,109471
3,1695057941092,23,4734,109494
3,1695057941092,38,4718,109532
3,1695057941092,20,4734,109552
3,1695057941092,23,4734,109575
3,1695057941092,38,4734,109613
3,1695057941092,20,4734,109633
3,1695057941092,23,4734,109656
3,1695057941092,38,4734,109694
3,1695057941092,20,4734,109714
3,1695057941092,23,4734,109737
3,1695057941092,38,4734,109775
3,1695057941092,20,4734,109795
3,1695057941092,32,4734,109827
3,1695057941092,14,4758,109841
3,1695057941092,19,4734,109860
3,1695057941092,19,4734,109879
3,1695057941092,31,4750,109910
3,1695057941092,19,4734,109929
3,1695057941092,19,4758,109948
3,1695057941092,20,4734,109968
3,1695057941092,14,4734,109982
3,1695057941092,19,4734,110001
3,1695057941092,19,4734,110020
3,1695057941092,22,4734,110042
3,1695057941092,28,4734,110070
3,1695057941092,14,4734,110084
3,1695057941092,19,4734,110103
3,1695057941092,27,4734,110130
3,1695057941092,14,4734,110144
3,1695057941092,19,4734,110163
3,1695057941092,19,4734,110182
3,1695057941092,22,4734,110204
3,1695057941092,20,4734,110224
3,1695057941092,37,4734,110261
3,1695057941092,39,4734,110300
3,1695057941092,20,4734,110320
3,1695057941092,20,4766,110340
3,1695057941092,23,4766,110363
3,1695057941092,38,4766,110401
3,1695057941092,20,4782,110421
3,1695057941092,32,4766,110453
3,1695057941092,14,4782,110467
3,1695057941092,19,4790,110486
3,1695057941092,20,4782,110506
3,1695057941092,31,4782,110537
3,1695057941092,19,4790,110556
3,1695057941092,19,4790,110575
3,1695057941092,17,4798,110592
3,1695057941092,32,4798,110624
3,1695057941092,20,4798,110644
3,1695057941092,20,4798,110664
3,1695057941092,41,4798,110705
3,1695057941092,21,4798,110726
3,1695057941092,22,4798,110748
3,1695057941092,38,4798,110786
3,1695057941092,20,4798,110806
3,1695057941092,23,4798,110829
3,1695057941092,38,4798,110867
3,1695057941092,20,4798,110887
3,1695057941092,22,4798,110909
3,1695057941092,38,4798,110947
3,1695057941092,21,4798,110968
3,1695057941092,44,4798,111012
3,1695057941092,19,4798,111031
3,1695057941092,51,4798,111082
3,1695057941092,14,4798,111096
3,1695057941092,19,4798,111115
3,1695057941092,19,4798,111134
3,1695057941092,31,4798,111165
3,1695057941092,19,4798,111184
3,1695057941092,19,4830,111203
3,1695057941092,17,4830,111220
3,1695057941092,32,4830,111252
3,1695057941092,20,4830,111272
3,1695057941092,20,4846,111292
3,1695057941092,41,4846,111333
3,1695057941092,20,4846,111353
3,1695057941092,23,4846,111376
3,1695057941092,38,4862,111414
3,1695057941092,20,4862,111434
3,1695057941092,23,4862,111457
3,1695057941092,38,4862,111495
3,1695057941092,20,4862,111515
3,1695057941092,23,4862,111538
3,1695057941092,38,4894,111576
3,1695057941092,20,4862,111596
3,1695057941092,23,4862,111619
3,1695057941092,38,4894,111657
3,1695057941092,20,4894,111677
3,1695057941092,32,4910,111709
3,1695057941092,14,4910,111723
3,1695057941092,20,4894,111743
3,1695057941092,49,4894,111792
3,1695057941092,19,4910,111811
3,1695057941092,19,4894,111830
3,1695057941092,17,4894,111847
3,1695057941092,32,4894,111879
3,1695057941092,20,4894,111899
3,1695057941092,20,4894,111919
3,1695057941092,20,4894,111939
3,1695057941092,20,4894,111959
3,1695057941092,20,4910,111979
3,1695057941092,23,4910,112002
3,1695057941092,38,4926,112040
3,1695057941092,20,4950,112060
3,1695057941092,23,4950,112083
3,1695057941092,38,4958,112121
3,1695057941092,20,4974,112141
3,1695057941092,23,4974,112164
3,1695057941092,38,4974,112202
3,1695057941092,20,4990,112222
3,1695057941092,23,4990,112245
3,1695057941092,38,4990,112283
3,1695057941092,20,4990,112303
3,1695057941092,32,5006,112335
3,1695057941092,14,5014,112349
3,1695057941092,19,5022,112368
3,1695057941092,19,4990,112387
3,1695057941092,31,5018,112418
3,1695057941092,19,5022,112437
3,1695057941092,19,5038,112456
3,1695057941092,18,5022,112474
3,1695057941092,31,5022,112505
3,1695057941092,20,5022,112525
3,1695057941092,21,5022,112546
3,1695057941092,26,5022,112572
3,1695057941092,19,5038,112591
3,1695057941092,19,5038,112610
3,1695057941092,22,5038,112632
3,1695057941092,19,5022,112651
3,1695057941092,19,5038,112670
3,1695057941092,20,5022,112690
3,1695057941092,50,5022,112740
3,1695057941092,14,5038,112754
3,1695057941092,19,5038,112773
3,1695057941092,31,5038,112804
3,1695057941092,19,5054,112823
3,1695057941092,26,5054,112849
3,1695057941092,23,5054,112872
3,1695057941092,38,5078,112910
3,1695057941092,20,5086,112930
3,1695057941092,32,5086,112962
3,1695057941092,14,5086,112976
3,1695057941092,19,5086,112995
3,1695057941092,19,5086,113014
3,1695057941092,32,5102,113046
3,1695057941092,19,5118,113065
3,1695057941092,19,5118,113084
3,1695057941092,17,5118,113101
3,1695057941092,30,5118,113131
3,1695057941092,20,5118,113151
3,1695057941092,20,5118,113171
3,1695057941092,41,5118,113212
3,1695057941092,20,5118,113232
3,1695057941092,23,5118,113255
3,1695057941092,38,5118,113293
3,1695057941092,20,5118,113313
3,1695057941092,23,5118,113336
3,1695057941092,38,5118,113374
3,1695057941092,20,5118,113394
3,1695057941092,23,5118,113417
3,1695057941092,39,5118,113456
3,1695057941092,21,5118,113477
3,1695057941092,39,5118,113516
3,1695057941092,20,5118,113536
3,1695057941092,20,5118,113556
3,1695057941092,33,5118,113589
3,1695057941092,19,5118,113608
3,1695057941092,14,5118,113622
3,1695057941092,19,5118,113641
3,1695057941092,31,5118,113672
3,1695057941092,19,5150,113691
3,1695057941092,26,5166,113717
3,1695057941092,41,5182,113758
3,1695057941092,20,5182,113778
3,1695057941092,20,5182,113798
3,1695057941092,41,5182,113839
3,1695057941092,20,5206,113859
3,1695057941092,23,5182,113882
3,1695057941092,38,5198,113920
3,1695057941092,20,5198,113940
3,1695057941092,21,5198,113961
3,1695057941092,40,5206,114001
3,1695057941092,20,5206,114021
3,1695057941092,23,5214,114044
3,1695057941092,38,5214,114082
3,1695057941092,20,5214,114102
3,1695057941092,23,5214,114125
3,1695057941092,38,5214,114163
3,1695057941092,20,5214,114183
3,1695057941092,32,5214,114215
3,1695057941092,14,5214,114229
3,1695057941092,19,5214,114248
3,1695057941092,19,5214,114267
3,1695057941092,31,5206,114298
3,1695057941092,19,5206,114317
3,1695057941092,20,5198,114337
3,1695057941092,40,5182,114377
3,1695057941092,19,5182,114396
3,1695057941092,14,5206,114410
3,1695057941092,27,5206,114437
3,1695057941092,19,5214,114456
3,1695057941092,14,5206,114470
3,1695057941092,19,5214,114489
3,1695057941092,27,5214,114516
3,1695057941092,14,5230,114530
3,1695057941092,19,5246,114549
3,1695057941092,19,5230,114568
3,1695057941092,27,5246,114595
3,1695057941092,14,5246,114609
3,1695057941092,19,5246,114628
3,1695057941092,19,5246,114647
3,1695057941092,22,5246,114669
3,1695057941092,19,5270,114688
3,1695057941092,19,5278,114707
3,1695057941092,19,5278,114726
3,1695057941092,31,5262,114757
3,1695057941092,19,5278,114776
3,1695057941092,19,5294,114795
3,1695057941092,14,5278,114809
3,1695057941092,32,5278,114841
3,1695057941092,19,5278,114860
3,1695057941092,24,5278,114884
3,1695057941092,32,5294,114916
3,1695057941092,14,5294,114930
3,1695057941092,20,5294,114950
3,1695057941092,19,5294,114969
3,1695057941092,36,5294,115005
3,1695057941092,20,5278,115025
3,1695057941092,20,5278,115045
3,1695057941092,41,5278,115086
3,1695057941092,20,5278,115106
3,1695057941092,23,5270,115129
3,1695057941092,42,5278,115171
3,1695057941092,19,5278,115190
3,1695057941092,23,5278,115213
3,1695057941092,19,5278,115232
3,1695057941092,19,5278,115251
3,1695057941092,19,5294,115270
3,1695057941092,22,5294,115292
3,1695057941092,19,5310,115311
3,1695057941092,20,5310,115331
3,1695057941092,19,5310,115350
3,1695057941092,31,5310,115381
3,1695057941092,19,5334,115400
3,1695057941092,19,5342,115419
3,1695057941092,22,5342,115441
3,1695057941092,23,5342,115464
3,1695057941092,19,5342,115483
3,1695057941092,24,5342,115507
3,1695057941092,32,5342,115539
3,1695057941092,14,5358,115553
3,1695057941092,19,5342,115572
3,1695057941092,19,5358,115591
3,1695057941092,37,5358,115628
3,1695057941092,20,5358,115648
3,1695057941092,20,5358,115668
3,1695057941092,33,5342,115701
3,1695057941092,19,5358,115720
3,1695057941092,14,5342,115734
3,1695057941092,27,5358,115761
3,1695057941092,19,5358,115780
3,1695057941092,14,5342,115794
3,1695057941092,20,5358,115814
3,1695057941092,49,5342,115863
3,1695057941092,19,5358,115882
3,1695057941092,19,5342,115901
3,1695057941092,20,5342,115921
3,1695057941092,19,5358,115940
3,1695057941092,14,5358,115954
3,1695057941092,19,5342,115973
3,1695057941092,31,5342,116004
3,1695057941092,19,5358,116023
3,1695057941092,25,5342,116048
3,1695057941092,32,5342,116080
3,1695057941092,14,5342,116094
3,1695057941092,19,5358,116113
3,1695057941092,19,5342,116132
3,1695057941092,31,5342,116163
3,1695057941092,19,5358,116182
3,1695057941092,26,5374,116208
3,1695057941092,41,5374,116249
3,1695057941092,20,5374,116269
3,1695057941092,20,5374,116289
3,1695057941092,41,5422,116330
3,1695057941092,20,5406,116350
3,1695057941092,23,5406,116373
3,1695057941092,38,5406,116411
3,1695057941092,21,5422,116432
3,1695057941092,22,5422,116454
3,1695057941092,38,5422,116492
3,1695057941092,20,5406,116512
3,1695057941092,23,5422,116535
3,1695057941092,38,5422,116573
3,1695057941092,21,5406,116594
3,1695057941092,44,5406,116638
3,1695057941092,19,5406,116657
3,1695057941092,19,5406,116676
3,1695057941092,38,5406,116714
3,1695057941092,20,5406,116734
3,1695057941092,20,5406,116754
3,1695057941092,32,5374,116786
3,1695057941092,20,5406,116806
3,1695057941092,14,5374,116820
3,1695057941092,22,5406,116842
3,1695057941092,33,5374,116875
3,1695057941092,20,5374,116895
3,1695057941092,20,5374,116915
3,1695057941092,41,5406,116956
3,1695057941092,20,5374,116976
3,1695057941092,23,5374,116999
3,1695057941092,38,5406,117037
3,1695057941092,20,5406,117057
3,1695057941092,23,5406,117080
3,1695057941092,19,5406,117099
3,1695057941092,38,5406,117137
3,1695057941092,23,5422,117160
3,1695057941092,38,5422,117198
3,1695057941092,20,5430,117218
3,1695057941092,22,5406,117240
3,1695057941092,38,5422,117278
3,1695057941092,20,5422,117298
3,1695057941092,32,5422,117330
3,1695057941092,14,5422,117344
3,1695057941092,19,5406,117363
3,1695057941092,19,5422,117382
3,1695057941092,31,5406,117413
3,1695057941092,19,5406,117432
3,1695057941092,26,5422,117458
3,1695057941092,41,5406,117499
3,1695057941092,20,5406,117519
3,1695057941092,21,5406,117540
3,1695057941092,31,5374,117571
3,1695057941092,14,5406,117585
3,1695057941092,20,5374,117605
3,1695057941092,49,5406,117654
3,1695057941092,19,5374,117673
3,1695057941092,19,5374,117692
3,1695057941092,26,5374,117718
3,1695057941092,22,5374,117740
3,1695057941092,20,5374,117760
3,1695057941092,24,5374,117784
3,1695057941092,19,5374,117803
3,1695057941092,19,5374,117822
3,1695057941092,41,5374,117863
3,1695057941092,38,5374,117901
3,1695057941092,20,5374,117921
3,1695057941092,32,5406,117953
3,1695057941092,14,5374,117967
3,1695057941092,19,5374,117986
3,1695057941092,19,5406,118005
3,1695057941092,31,5406,118036
3,1695057941092,19,5406,118055
3,1695057941092,26,5406,118081
3,1695057941092,41,5374,118122
3,1695057941092,20,5406,118142
3,1695057941092,20,5374,118162
3,1695057941092,41,5374,118203
3,1695057941092,20,5374,118223
3,1695057941092,23,5374,118246
3,1695057941092,39,5374,118285
3,1695057941092,20,5374,118305
3,1695057941092,23,5374,118328
3,1695057941092,38,5374,118366
3,1695057941092,20,5374,118386
3,1695057941092,23,5366,118409
3,1695057941092,38,5374,118447
3,1695057941092,20,5374,118467
3,1695057941092,23,5358,118490
3,1695057941092,38,5342,118528
3,1695057941092,20,5358,118548
3,1695057941092,32,5358,118580
3,1695057941092,20,5358,118600
3,1695057941092,33,5358,118633
3,1695057941092,33,5342,118666
3,1695057941092,19,5326,118685
3,1695057941092,25,5326,118710
3,1695057941092,41,5310,118751
3,1695057941092,20,5342,118771
3,1695057941092,20,5334,118791
3,1695057941092,41,5334,118832
3,1695057941092,20,5342,118852
3,1695057941092,23,5342,118875
3,1695057941092,38,5342,118913
3,1695057941092,20,5342,118933
3,1695057941092,23,5334,118956
3,1695057941092,38,5342,118994
3,1695057941092,20,5342,119014
3,1695057941092,23,5334,119037
3,1695057941092,19,5334,119056
3,1695057941092,38,5310,119094
3,1695057941092,23,5310,119117
3,1695057941092,38,5310,119155
3,1695057941092,20,5310,119175
3,1695057941092,32,5326,119207
3,1695057941092,14,5310,119221
3,1695057941092,20,5310,119241
3,1695057941092,20,5310,119261
3,1695057941092,32,5310,119293
3,1695057941092,19,5310,119312
3,1695057941092,24,5310,119336
3,1695057941092,41,5310,119377
3,1695057941092,21,5310,119398
3,1695057941092,42,5310,119440
3,1695057941092,39,5294,119479
3,1695057941092,23,5302,119502
3,1695057941092,38,5294,119540
3,1695057941092,20,5294,119560
3,1695057941092,23,5294,119583
3,1695057941092,38,5278,119621
3,1695057941092,20,5294,119641
3,1695057941092,23,5278,119664
3,1695057941092,20,5278,119684
3,1695057941092,39,5302,119723
3,1695057941092,23,5294,119746
3,1695057941092,38,5310,119784
3,1695057941092,20,5302,119804
3,1695057941092,31,5302,119835
3,1695057941092,14,5294,119849
3,1695057941092,20,5294,119869
3,1695057941092,20,5294,119889
3,1695057941092,31,5294,119920
3,1695057941092,20,5310,119940
3,1695057941092,25,5302,119965
3,1695057941092,41,5294,120006
3,1695057941092,20,5302,120026
3,1695057941092,20,5294,120046
3,1695057941092,41,5278,120087
3,1695057941092,20,5294,120107
3,1695057941092,23,5294,120130
3,1695057941092,38,5278,120168
3,1695057941092,20,5278,120188
3,1695057941092,23,5278,120211
3,1695057941092,38,5278,120249
3,1695057941092,20,5278,120269
3,1695057941092,23,5270,120292
3,1695057941092,38,5278,120330
3,1695057941092,20,5278,120350
3,1695057941092,23,5246,120373
3,1695057941092,38,5278,120411
3,1695057941092,20,5246,120431
3,1695057941092,32,5246,120463
3,1695057941092,14,5246,120477
3,1695057941092,20,5246,120497
3,1695057941092,20,5246,120517
3,1695057941092,31,5246,120548
3,1695057941092,20,5246,120568
3,1695057941092,25,5246,120593
3,1695057941092,41,5246,120634
3,1695057941092,20,5246,120654
3,1695057941092,21,5246,120675
3,1695057941092,45,5246,120720
3,1695057941092,20,5246,120740
3,1695057941092,27,5246,120767
3,1695057941092,20,5246,120787
3,1695057941092,15,5246,120802
3,1695057941092,20,5246,120822
3,1695057941092,28,5246,120850
3,1695057941092,20,5246,120870
3,1695057941092,20,5246,120890
3,1695057941092,20,5246,120910
3,1695057941092,26,5246,120936
3,1695057941092,20,5246,120956
3,1695057941092,24,5246,120980
3,1695057941092,23,5246,121003
3,1695057941092,38,5230,121041
3,1695057941092,20,5230,121061
3,1695057941092,33,5214,121094
3,1695057941092,33,5230,121127
3,1695057941092,20,5214,121147
3,1695057941092,31,5214,121178
3,1695057941092,20,5214,121198
3,1695057941092,26,5214,121224
3,1695057941092,41,5206,121265
3,1695057941092,20,5206,121285
3,1695057941092,20,5214,121305
3,1695057941092,41,5182,121346
3,1695057941092,20,5198,121366
3,1695057941092,23,5198,121389
3,1695057941092,38,5198,121427
3,1695057941092,20,5198,121447
3,1695057941092,23,5198,121470
3,1695057941092,38,5198,121508
3,1695057941092,20,5198,121528
3,1695057941092,24,5198,121552
3,1695057941092,20,5182,121572
3,1695057941092,20,5198,121592
3,1695057941092,51,5182,121643
3,1695057941092,20,5182,121663
3,1695057941092,20,5182,121683
3,1695057941092,15,5182,121698
3,1695057941092,31,5182,121729
3,1695057941092,20,5182,121749
3,1695057941092,24,5182,121773
3,1695057941092,32,5182,121805
3,1695057941092,20,5182,121825
3,1695057941092,15,5182,121840
3,1695057941092,22,5182,121862
3,1695057941092,33,5182,121895
3,1695057941092,21,5182,121916
3,1695057941092,42,5182,121958
3,1695057941092,39,5182,121997
3,1695057941092,23,5166,122020
3,1695057941092,29,5166,122049
3,1695057941092,20,5166,122069
3,1695057941092,15,5166,122084
3,1695057941092,26,5150,122110
3,1695057941092,15,5166,122125
3,1695057941092,20,5166,122145
3,1695057941092,20,5150,122165
3,1695057941092,31,5166,122196
3,1695057941092,20,5118,122216
3,1695057941092,25,5118,122241
3,1695057941092,23,5118,122264
3,1695057941092,38,5118,122302
3,1695057941092,20,5118,122322
3,1695057941092,33,5118,122355
3,1695057941092,20,5118,122375
3,1695057941092,20,5166,122395
3,1695057941092,22,5118,122417
3,1695057941092,24,5150,122441
3,1695057941092,20,5150,122461
3,1695057941092,23,5118,122484
3,1695057941092,41,5118,122525
3,1695057941092,21,5118,122546
3,1695057941092,20,5118,122566
3,1695057941092,32,5118,122598
3,1695057941092,15,5118,122613
3,1695057941092,20,5118,122633
3,1695057941092,27,5118,122660
3,1695057941092,20,5118,122680
3,1695057941092,20,5118,122700
3,1695057941092,20,5118,122720
3,1695057941092,26,5118,122746
3,1695057941092,20,5118,122766
3,1695057941092,23,5118,122789
3,1695057941092,23,5102,122812
3,1695057941092,20,5118,122832
3,1695057941092,38,5118,122870
3,1695057941092,24,5102,122894
3,1695057941092,20,5102,122914
3,1695057941092,20,5102,122934
3,1695057941092,51,5086,122985
3,1695057941092,33,5086,123018
3,1695057941092,20,5086,123038
3,1695057941092,32,5086,123070
3,1695057941092,20,5086,123090
3,1695057941092,26,5086,123116
3,1695057941092,41,5086,123157
3,1695057941092,20,5086,123177
3,1695057941092,20,5086,123197
3,1695057941092,32,5086,123229
3,1695057941092,15,5102,123244
3,1695057941092,20,5102,123264
3,1695057941092,27,5102,123291
3,1695057941092,20,5102,123311
3,1695057941092,20,5102,123331
3,1695057941092,20,5102,123351
3,1695057941092,27,5102,123378
3,1695057941092,22,5086,123400
3,1695057941092,20,5102,123420
3,1695057941092,23,5086,123443
3,1695057941092,38,5086,123481
3,1695057941092,20,5086,123501
3,1695057941092,23,5086,123524
3,1695057941092,20,5086,123544
3,1695057941092,39,5086,123583
3,1695057941092,32,5078,123615
3,1695057941092,20,5078,123635
3,1695057941092,15,5054,123650
3,1695057941092,20,5078,123670
3,1695057941092,32,5054,123702
3,1695057941092,20,5070,123722
3,1695057941092,24,5046,123746
3,1695057941092,41,5038,123787
3,1695057941092,20,5022,123807
3,1695057941092,20,5022,123827
3,1695057941092,32,5022,123859
3,1695057941092,15,5014,123874
3,1695057941092,20,5014,123894
3,1695057941092,27,5014,123921
3,1695057941092,20,4990,123941
3,1695057941092,20,4990,123961
3,1695057941092,20,5014,123981
3,1695057941092,27,4990,124008
3,1695057941092,38,4990,124046
3,1695057941092,27,4990,124073
3,1695057941092,38,4990,124111
3,1695057941092,20,4990,124131
3,1695057941092,21,4990,124152
3,1695057941092,40,4974,124192
3,1695057941092,20,4990,124212
3,1695057941092,32,4990,124244
3,1695057941092,20,4990,124264
3,1695057941092,20,4974,124284
3,1695057941092,15,4974,124299
3,1695057941092,32,4958,124331
3,1695057941092,20,4958,124351
3,1695057941092,24,4958,124375
3,1695057941092,40,4958,124415
3,1695057941092,20,4942,124435
3,1695057941092,20,4926,124455
3,1695057941092,42,4926,124497
3,1695057941092,43,4926,124540
3,1695057941092,29,4926,124569
3,1695057941092,15,4926,124584
3,1695057941092,20,4926,124604
3,1695057941092,32,4926,124636
3,1695057941092,20,4926,124656
3,1695057941092,24,4926,124680
3,1695057941092,24,4926,124704
3,1695057941092,20,4918,124724
3,1695057941092,20,4926,124744
3,1695057941092,20,4910,124764
3,1695057941092,32,4910,124796
3,1695057941092,20,4910,124816
3,1695057941092,41,4894,124857
3,1695057941092,24,4910,124881
3,1695057941092,23,4926,124904
3,1695057941092,20,4910,124924
3,1695057941092,32,4918,124956
3,1695057941092,20,4910,124976
3,1695057941092,15,4926,124991
3,1695057941092,23,4926,125014
3,1695057941092,32,4926,125046
3,1695057941092,20,4926,125066
3,1695057941092,20,4926,125086
3,1695057941092,33,4926,125119
3,1695057941092,20,4926,125139
3,1695057941092,20,4918,125159
3,1695057941092,23,4926,125182
3,1695057941092,27,4926,125209
3,1695057941092,20,4926,125229
3,1695057941092,23,4926,125252
3,1695057941092,39,4910,125291
3,1695057941092,44,4910,125335
3,1695057941092,38,4910,125373
3,1695057941092,43,4894,125416
3,1695057941092,20,4910,125436
3,1695057941092,38,4894,125474
3,1695057941092,33,4894,125507
3,1695057941092,20,4894,125527
3,1695057941092,20,4894,125547
3,1695057941092,23,4894,125570
3,1695057941092,24,4862,125594
3,1695057941092,22,4862,125616
3,1695057941092,20,4862,125636
3,1695057941092,41,4862,125677
3,1695057941092,20,4862,125697
3,1695057941092,20,4862,125717
3,1695057941092,32,4862,125749
3,1695057941092,20,4862,125769
3,1695057941092,20,4862,125789
3,1695057941092,22,4862,125811
3,1695057941092,20,4862,125831
3,1695057941092,20,4862,125851
3,1695057941092,20,4894,125871
3,1695057941092,27,4862,125898
3,1695057941092,22,4862,125920
3,1695057941092,20,4862,125940
3,1695057941092,23,4862,125963
3,1695057941092,20,4862,125983
3,1695057941092,38,4862,126021
3,1695057941092,23,4862,126044
3,1695057941092,38,4862,126082
3,1695057941092,20,4862,126102
3,1695057941092,33,4862,126135
3,1695057941092,20,4862,126155
3,1695057941092,20,4862,126175
3,1695057941092,16,4862,126191
3,1695057941092,33,4862,126224
3,1695057941092,20,4862,126244
3,1695057941092,20,4862,126264
3,1695057941092,41,4862,126305
3,1695057941092,40,4862,126345
3,1695057941092,41,4846,126386
3,1695057941092,20,4854,126406
3,1695057941092,23,4846,126429
3,1695057941092,29,4846,126458
3,1695057941092,20,4830,126478
3,1695057941092,20,4846,126498
3,1695057941092,27,4846,126525
3,1695057941092,23,4830,126548
3,1695057941092,20,4830,126568
3,1695057941092,23,4846,126591
3,1695057941092,20,4830,126611
3,1695057941092,20,4846,126631
3,1695057941092,41,4854,126672
3,1695057941092,20,4846,126692
3,1695057941092,38,4854,126730
3,1695057941092,32,4846,126762
3,1695057941092,20,4854,126782
3,1695057941092,20,4846,126802
3,1695057941092,15,4846,126817
3,1695057941092,32,4846,126849
3,1695057941092,20,4846,126869
3,1695057941092,23,4862,126892
3,1695057941092,41,4846,126933
3,1695057941092,20,4854,126953
3,1695057941092,20,4854,126973
3,1695057941092,32,4846,127005
3,1695057941092,20,4854,127025
3,1695057941092,20,4854,127045
3,1695057941092,23,4846,127068
3,1695057941092,20,4846,127088
3,1695057941092,20,4830,127108
3,1695057941092,20,4846,127128
3,1695057941092,27,4830,127155
3,1695057941092,21,4830,127176
3,1695057941092,21,4830,127197
3,1695057941092,41,4822,127238
3,1695057941092,40,4822,127278
3,1695057941092,22,4830,127300
3,1695057941092,38,4822,127338
3,1695057941092,20,4822,127358
3,1695057941092,32,4814,127390
3,1695057941092,20,4798,127410
3,1695057941092,20,4814,127430
3,1695057941092,23,4798,127453
3,1695057941092,24,4822,127477
3,1695057941092,22,4830,127499
3,1695057941092,20,4822,127519
3,1695057941092,41,4822,127560
3,1695057941092,20,4814,127580
3,1695057941092,20,4814,127600
3,1695057941092,32,4830,127632
3,1695057941092,20,4830,127652
3,1695057941092,20,4830,127672
3,1695057941092,23,4814,127695
3,1695057941092,26,4822,127721
3,1695057941092,20,4822,127741
3,1695057941092,23,4798,127764
3,1695057941092,20,4822,127784
3,1695057941092,20,4814,127804
3,1695057941092,51,4798,127855
3,1695057941092,7,4798,127862
3,1695057941092,15,4814,127877
3,1695057941092,20,4798,127897
3,1695057941092,23,4798,127920
3,1695057941092,18,4798,127938
3,1695057941092,25,4798,127963
3,1695057941092,15,4798,127978
3,1695057941092,27,4798,128005
3,1695057941092,14,4798,128019
3,1695057941092,20,4822,128039
3,1695057941092,20,4798,128059
3,1695057941092,28,4798,128087
3,1695057941092,13,4798,128100
3,1695057941092,20,4798,128120
3,1695057941092,20,4798,128140
3,1695057941092,41,4798,128181
3,1695057941092,20,4798,128201
3,1695057941092,20,4798,128221
3,1695057941092,22,4798,128243
3,1695057941092,18,4798,128261
3,1695057941092,20,4798,128281
3,1695057941092,20,4798,128301
3,1695057941092,20,4798,128321
3,1695057941092,20,4814,128341
3,1695057941092,20,4814,128361
3,1695057941092,20,4814,128381
3,1695057941092,20,4822,128401
3,1695057941092,20,4814,128421
3,1695057941092,20,4822,128441
3,1695057941092,23,4822,128464
3,1695057941092,17,4822,128481
3,1695057941092,20,4830,128501
3,1695057941092,20,4830,128521
3,1695057941092,24,4830,128545
3,1695057941092,17,4822,128562
3,1695057941092,20,4830,128582
3,1695057941092,20,4822,128602
3,1695057941092,27,4826,128629
3,1695057941092,13,4830,128642
3,1695057941092,20,4830,128662
3,1695057941092,20,4830,128682
3,1695057941092,27,4830,128709
3,1695057941092,13,4830,128722
3,1695057941092,20,4830,128742
3,1695057941092,20,4830,128762
3,1695057941092,41,4846,128803
3,1695057941092,20,4830,128823
3,1695057941092,20,4830,128843
3,1695057941092,22,4830,128865
3,1695057941092,18,4830,128883
3,1695057941092,20,4830,128903
3,1695057941092,21,4830,128924
3,1695057941092,37,4830,128961
3,1695057941092,7,4830,128968
3,1695057941092,15,4822,128983
3,1695057941092,20,4830,129003
3,1695057941092,20,4822,129023
3,1695057941092,20,4822,129043
3,1695057941092,20,4830,129063
3,1695057941092,23,4822,129086
3,1695057941092,18,4830,129104
3,1695057941092,20,4830,129124
3,1695057941092,20,4830,129144
3,1695057941092,23,4830,129167
3,1695057941092,17,4846,129184
3,1695057941092,20,4846,129204
3,1695057941092,20,4846,129224
3,1695057941092,27,4846,129251
3,1695057941092,13,4854,129264
3,1695057941092,20,4854,129284
3,1695057941092,20,4854,129304
3,1695057941092,27,4854,129331
3,1695057941092,13,4854,129344
3,1695057941092,20,4854,129364
3,1695057941092,20,4862,129384
3,1695057941092,41,4862,129425
3,1695057941092,20,4862,129445
3,1695057941092,20,4862,129465
3,1695057941092,23,4862,129488
3,1695057941092,18,4862,129506
3,1695057941092,25,4862,129531
3,1695057941092,14,4862,129545
3,1695057941092,20,4862,129565
3,1695057941092,20,4862,129585
3,1695057941092,20,4862,129605
3,1695057941092,20,4862,129625
3,1695057941092,20,4862,129645
3,1695057941092,20,4862,129665
3,1695057941092,20,4862,129685
3,1695057941092,23,4862,129708
3,1695057941092,17,4862,129725
3,1695057941092,20,4846,129745
3,1695057941092,20,4862,129765
3,1695057941092,23,4862,129788
3,1695057941092,17,4862,129805
3,1695057941092,21,4854,129826
3,1695057941092,20,4862,129846
3,1695057941092,27,4862,129873
3,1695057941092,13,4862,129886
3,1695057941092,20,4862,129906
3,1695057941092,20,4862,129926
3,1695057941092,27,4862,129953
3,1695057941092,13,4894,129966
3,1695057941092,20,4894,129986
3,1695057941092,20,4894,130006
3,1695057941092,41,4910,130047
3,1695057941092,20,4910,130067
3,1695057941092,20,4910,130087
3,1695057941092,22,4926,130109
3,1695057941092,18,4918,130127
3,1695057941092,20,4910,130147
3,1695057941092,20,4926,130167
3,1695057941092,20,4910,130187
3,1695057941092,21,4910,130208
3,1695057941092,20,4910,130228
3,1695057941092,20,4918,130248
3,1695057941092,20,4918,130268
3,1695057941092,21,4910,130289
3,1695057941092,25,4910,130314
3,1695057941092,17,4918,130331
3,1695057941092,17,4910,130348
3,1695057941092,20,4910,130368
3,1695057941092,20,4910,130388
3,1695057941092,21,4910,130409
3,1695057941092,19,4926,130428
3,1695057941092,20,4910,130448
3,1695057941092,20,4910,130468
3,1695057941092,28,4910,130496
3,1695057941092,13,4894,130509
3,1695057941092,20,4910,130529
3,1695057941092,20,4910,130549
3,1695057941092,27,4910,130576
3,1695057941092,13,4910,130589
3,1695057941092,20,4910,130609
3,1695057941092,20,4910,130629
3,1695057941092,41,4910,130670
3,1695057941092,20,4910,130690
3,1695057941092,20,4910,130710
3,1695057941092,23,4922,130733
3,1695057941092,18,4926,130751
3,1695057941092,20,4926,130771
3,1695057941092,20,4926,130791
3,1695057941092,20,4926,130811
3,1695057941092,20,4926,130831
3,1695057941092,20,4926,130851
3,1695057941092,20,4926,130871
3,1695057941092,20,4926,130891
3,1695057941092,20,4926,130911
3,1695057941092,20,4926,130931
3,1695057941092,23,4926,130954
3,1695057941092,17,4942,130971
3,1695057941092,20,4942,130991
3,1695057941092,20,4950,131011
3,1695057941092,23,4926,131034
3,1695057941092,17,4926,131051
3,1695057941092,20,4926,131071
3,1695057941092,20,4926,131091
3,1695057941092,27,4926,131118
3,1695057941092,13,4926,131131
3,1695057941092,20,4926,131151
3,1695057941092,20,4926,131171
3,1695057941092,29,4926,131200
3,1695057941092,30,4918,131230
3,1695057941092,7,4926,131237
3,1695057941092,15,4926,131252
3,1695057941092,41,4918,131293
3,1695057941092,20,4918,131313
3,1695057941092,20,4910,131333
3,1695057941092,23,4910,131356
3,1695057941092,18,4910,131374
3,1695057941092,20,4894,131394
3,1695057941092,20,4894,131414
3,1695057941092,20,4894,131434
3,1695057941092,20,4894,131454
3,1695057941092,20,4894,131474
3,1695057941092,20,4894,131494
3,1695057941092,20,4894,131514
3,1695057941092,20,4894,131534
3,1695057941092,20,4894,131554
3,1695057941092,23,4894,131577
3,1695057941092,17,4894,131594
3,1695057941092,20,4894,131614
3,1695057941092,21,4894,131635
3,1695057941092,22,4910,131657
3,1695057941092,17,4894,131674
3,1695057941092,20,4894,131694
3,1695057941092,20,4894,131714
3,1695057941092,27,4894,131741
3,1695057941092,13,4894,131754
3,1695057941092,20,4894,131774
3,1695057941092,20,4894,131794
3,1695057941092,27,4894,131821
3,1695057941092,13,4894,131834
3,1695057941092,20,4894,131854
3,1695057941092,20,4894,131874
3,1695057941092,41,4862,131915
3,1695057941092,20,4862,131935
3,1695057941092,21,4862,131956
3,1695057941092,37,4862,131993
3,1695057941092,7,4862,132000
3,1695057941092,15,4862,132015
3,1695057941092,20,4862,132035
3,1695057941092,21,4862,132056
3,1695057941092,19,4862,132075
3,1695057941092,20,4862,132095
3,1695057941092,20,4854,132115
3,1695057941092,20,4846,132135
3,1695057941092,20,4846,132155
3,1695057941092,20,4846,132175
3,1695057941092,23,4830,132198
3,1695057941092,17,4846,132215
3,1695057941092,20,4830,132235
3,1695057941092,20,4846,132255
3,1695057941092,23,4830,132278
3,1695057941092,17,4846,132295
3,1695057941092,20,4830,132315
3,1695057941092,20,4846,132335
3,1695057941092,27,4846,132362
3,1695057941092,13,4846,132375
3,1695057941092,20,4846,132395
3,1695057941092,20,4854,132415
3,1695057941092,27,4846,132442
3,1695057941092,13,4846,132455
3,1695057941092,20,4846,132475
3,1695057941092,20,4862,132495
3,1695057941092,20,4846,132515
3,1695057941092,21,4846,132536
3,1695057941092,20,4854,132556
3,1695057941092,20,4854,132576
3,1695057941092,23,4854,132599
3,1695057941092,18,4854,132617
3,1695057941092,20,4854,132637
3,1695057941092,20,4862,132657
3,1695057941092,20,4854,132677
3,1695057941092,20,4846,132697
3,1695057941092,20,4830,132717
3,1695057941092,20,4846,132737
3,1695057941092,20,4846,132757
3,1695057941092,20,4846,132777
3,1695057941092,20,4830,132797
3,1695057941092,23,4846,132820
3,1695057941092,17,4830,132837
3,1695057941092,21,4830,132858
3,1695057941092,25,4830,132883
3,1695057941092,18,4830,132901
3,1695057941092,17,4830,132918
3,1695057941092,20,4814,132938
3,1695057941092,20,4822,132958
3,1695057941092,27,4822,132985
3,1695057941092,13,4814,132998
3,1695057941092,20,4798,133018
3,1695057941092,20,4798,133038
3,1695057941092,27,4790,133065
3,1695057941092,13,4798,133078
3,1695057941092,20,4782,133098
3,1695057941092,20,4782,133118
3,1695057941092,41,4790,133159
3,1695057941092,20,4782,133179
3,1695057941092,20,4790,133199
3,1695057941092,23,4790,133222
3,1695057941092,18,4782,133240
3,1695057941092,20,4798,133260
3,1695057941092,20,4798,133280
3,1695057941092,20,4798,133300
3,1695057941092,20,4798,133320
3,1695057941092,20,4790,133340
3,1695057941092,20,4798,133360
3,1695057941092,20,4790,133380
3,1695057941092,20,4798,133400
3,1695057941092,20,4782,133420
3,1695057941092,23,4790,133443
3,1695057941092,17,4782,133460
3,1695057941092,20,4782,133480
3,1695057941092,20,4782,133500
3,1695057941092,23,4782,133523
3,1695057941092,18,4766,133541
3,1695057941092,21,4782,133562
3,1695057941092,25,4766,133587
3,1695057941092,21,4766,133608
3,1695057941092,13,4766,133621
3,1695057941092,20,4766,133641
3,1695057941092,20,4766,133661
3,1695057941092,27,4766,133688
3,1695057941092,13,4758,133701
3,1695057941092,20,4758,133721
3,1695057941092,20,4734,133741
3,1695057941092,41,4758,133782
3,1695057941092,20,4734,133802
3,1695057941092,20,4734,133822
3,1695057941092,23,4750,133845
3,1695057941092,17,4726,133862
3,1695057941092,20,4734,133882
3,1695057941092,20,4734,133902
3,1695057941092,20,4734,133922
3,1695057941092,20,4718,133942
3,1695057941092,20,4718,133962
3,1695057941092,20,4718,133982
3,1695057941092,20,4726,134002
3,1695057941092,20,4702,134022
3,1695057941092,20,4718,134042
3,1695057941092,23,4734,134065
3,1695057941092,17,4726,134082
3,1695057941092,20,4734,134102
3,1695057941092,20,4718,134122
3,1695057941092,23,4718,134145
3,1695057941092,17,4718,134162
3,1695057941092,20,4734,134182
3,1695057941092,20,4718,134202
3,1695057941092,27,4734,134229
3,1695057941092,13,4718,134242
3,1695057941092,20,4718,134262
3,1695057941092,20,4726,134282
3,1695057941092,27,4718,134309
3,1695057941092,13,4718,134322
3,1695057941092,21,4702,134343
3,1695057941092,20,4718,134363
3,1695057941092,20,4702,134383
3,1695057941092,21,4702,134404
3,1695057941092,26,4702,134430
3,1695057941092,14,4702,134444
3,1695057941092,23,4694,134467
3,1695057941092,17,4702,134484
3,1695057941092,20,4694,134504
3,1695057941092,20,4686,134524
3,1695057941092,20,4670,134544
3,1695057941092,20,4670,134564
3,1695057941092,20,4670,134584
3,1695057941092,20,4670,134604
3,1695057941092,20,4670,134624
3,1695057941092,20,4662,134644
3,1695057941092,20,4670,134664
3,1695057941092,23,4654,134687
3,1695057941092,17,4654,134704
3,1695057941092,20,4654,134724
3,1695057941092,20,4654,134744
3,1695057941092,24,4654,134768
3,1695057941092,17,4638,134785
3,1695057941092,20,4638,134805
3,1695057941092,20,4638,134825
3,1695057941092,27,4638,134852
3,1695057941092,13,4638,134865
3,1695057941092,20,4638,134885
3,1695057941092,20,4638,134905
3,1695057941092,27,4638,134932
3,1695057941092,13,4606,134945
3,1695057941092,20,4638,134965
3,1695057941092,20,4606,134985
3,1695057941092,41,4638,135026
3,1695057941092,20,4606,135046
3,1695057941092,20,4606,135066
3,1695057941092,23,4606,135089
3,1695057941092,17,4606,135106
3,1695057941092,20,4606,135126
3,1695057941092,20,4606,135146
3,1695057941092,20,4606,135166
3,1695057941092,20,4606,135186
3,1695057941092,21,4606,135207
3,1695057941092,37,4606,135244
3,1695057941092,7,4606,135251
3,1695057941092,15,4606,135266
3,1695057941092,20,4606,135286
3,1695057941092,23,4606,135309
3,1695057941092,17,4606,135326
3,1695057941092,20,4598,135346
3,1695057941092,20,4598,135366
3,1695057941092,23,4590,135389
3,1695057941092,17,4590,135406
3,1695057941092,20,4590,135426
3,1695057941092,20,4574,135446
3,1695057941092,27,4574,135473
3,1695057941092,13,4574,135486
3,1695057941092,20,4574,135506
3,1695057941092,20,4574,135526
3,1695057941092,27,4574,135553
3,1695057941092,13,4574,135566
3,1695057941092,20,4574,135586
3,1695057941092,20,4566,135606
3,1695057941092,41,4542,135647
3,1695057941092,20,4566,135667
3,1695057941092,20,4542,135687
3,1695057941092,41,4542,135728
3,1695057941092,7,4542,135735
3,1695057941092,12,4542,135747
3,1695057941092,20,4542,135767
3,1695057941092,21,4542,135788
3,1695057941092,20,4542,135808
3,1695057941092,20,4542,135828
3,1695057941092,20,4542,135848
3,1695057941092,20,4542,135868
3,1695057941092,20,4542,135888
3,1695057941092,20,4542,135908
3,1695057941092,24,4534,135932
3,1695057941092,16,4542,135948
3,1695057941092,20,4526,135968
3,1695057941092,20,4534,135988
3,1695057941092,23,4542,136011
3,1695057941092,18,4526,136029
3,1695057941092,20,4526,136049
3,1695057941092,20,4534,136069
3,1695057941092,28,4534,136097
3,1695057941092,31,4534,136128
3,1695057941092,7,4526,136135
3,1695057941092,15,4526,136150
3,1695057941092,27,4526,136177
3,1695057941092,13,4522,136190
3,1695057941092,20,4510,136210
3,1695057941092,20,4510,136230
3,1695057941092,41,4510,136271
3,1695057941092,20,4510,136291
3,1695057941092,20,4510,136311
3,1695057941092,23,4478,136334
3,1695057941092,18,4502,136352
3,1695057941092,20,4494,136372
3,1695057941092,20,4502,136392
3,1695057941092,21,4494,136413
3,1695057941092,20,4478,136433
3,1695057941092,20,4478,136453
3,1695057941092,20,4478,136473
3,1695057941092,20,4478,136493
3,1695057941092,20,4478,136513
3,1695057941092,20,4478,136533
3,1695057941092,24,4478,136557
3,1695057941092,17,4470,136574
3,1695057941092,20,4462,136594
3,1695057941092,20,4462,136614
3,1695057941092,22,4462,136636
3,1695057941092,18,4462,136654
3,1695057941092,20,4470,136674
3,1695057941092,20,4470,136694
3,1695057941092,27,4462,136721
3,1695057941092,13,4462,136734
3,1695057941092,20,4446,136754
3,1695057941092,20,4462,136774
3,1695057941092,27,4462,136801
3,1695057941092,13,4462,136814
3,1695057941092,20,4470,136834
3,1695057941092,20,4470,136854
3,1695057941092,41,4446,136895
3,1695057941092,20,4462,136915
3,1695057941092,20,4462,136935
3,1695057941092,24,4462,136959
3,1695057941092,17,4462,136976
3,1695057941092,20,4446,136996
3,1695057941092,20,4446,137016
3,1695057941092,21,4446,137037
3,1695057941092,20,4446,137057
3,1695057941092,20,4446,137077
3,1695057941092,20,4446,137097
3,1695057941092,20,4446,137117
3,1695057941092,21,4462,137138
3,1695057941092,26,4446,137164
3,1695057941092,17,4446,137181
3,1695057941092,18,4446,137199
3,1695057941092,20,4438,137219
3,1695057941092,20,4414,137239
3,1695057941092,23,4446,137262
3,1695057941092,18,4430,137280
3,1695057941092,20,4414,137300
3,1695057941092,20,4430,137320
3,1695057941092,27,4414,137347
3,1695057941092,13,4414,137360
3,1695057941092,20,4414,137380
3,1695057941092,21,4414,137401
3,1695057941092,27,4414,137428
3,1695057941092,13,4414,137441
3,1695057941092,20,4414,137461
3,1695057941092,20,4406,137481
3,1695057941092,41,4406,137522
3,1695057941092,20,4398,137542
3,1695057941092,20,4414,137562
3,1695057941092,40,4414,137602
3,1695057941092,21,4406,137623
3,1695057941092,20,4414,137643
3,1695057941092,22,4414,137665
3,1695057941092,19,4414,137684
3,1695057941092,20,4398,137704
3,1695057941092,20,4406,137724
3,1695057941092,21,4406,137745
3,1695057941092,20,4410,137765
3,1695057941092,20,4414,137785
3,1695057941092,20,4414,137805
3,1695057941092,21,4406,137826
3,1695057941092,20,4414,137846
3,1695057941092,20,4398,137866
3,1695057941092,23,4406,137889
3,1695057941092,17,4406,137906
3,1695057941092,20,4398,137926
3,1695057941092,20,4382,137946
3,1695057941092,27,4398,137973
3,1695057941092,13,4398,137986
3,1695057941092,21,4398,138007
3,1695057941092,26,4398,138033
3,1695057941092,21,4398,138054
3,1695057941092,13,4382,138067
3,1695057941092,20,4398,138087
3,1695057941092,21,4382,138108
3,1695057941092,41,4382,138149
3,1695057941092,20,4382,138169
3,1695057941092,20,4382,138189
3,1695057941092,24,4350,138213
3,1695057941092,17,4350,138230
3,1695057941092,20,4374,138250
3,1695057941092,20,4382,138270
3,1695057941092,21,4374,138291
3,1695057941092,20,4350,138311
3,1695057941092,20,4350,138331
3,1695057941092,20,4382,138351
3,1695057941092,20,4350,138371
3,1695057941092,20,4382,138391
3,1695057941092,20,4382,138411
3,1695057941092,23,4374,138434
3,1695057941092,17,4382,138451
3,1695057941092,20,4382,138471
3,1695057941092,20,4378,138491
3,1695057941092,23,4398,138514
3,1695057941092,17,4382,138531
3,1695057941092,20,4382,138551
3,1695057941092,20,4382,138571
3,1695057941092,28,4382,138599
3,1695057941092,13,4382,138612
3,1695057941092,20,4382,138632
3,1695057941092,20,4382,138652
3,1695057941092,27,4382,138679
3,1695057941092,14,4382,138693
3,1695057941092,20,4382,138713
3,1695057941092,20,4382,138733
3,1695057941092,41,4382,138774
3,1695057941092,26,4382,138800
3,1695057941092,14,4382,138814
3,1695057941092,23,4382,138837
3,1695057941092,17,4374,138854
3,1695057941092,21,4350,138875
3,1695057941092,20,4350,138895
3,1695057941092,21,4350,138916
3,1695057941092,19,4350,138935
3,1695057941092,20,4350,138955
3,1695057941092,20,4350,138975
3,1695057941092,20,4374,138995
3,1695057941092,20,4374,139015
3,1695057941092,20,4350,139035
3,1695057941092,20,4350,139055
3,1695057941092,21,4350,139076
3,1695057941092,20,4350,139096
3,1695057941092,20,4350,139116
3,1695057941092,23,4350,139139
3,1695057941092,17,4350,139156
3,1695057941092,20,4342,139176
3,1695057941092,20,4350,139196
3,1695057941092,27,4350,139223
3,1695057941092,13,4350,139236
3,1695057941092,20,4350,139256
3,1695057941092,20,4350,139276
3,1695057941092,27,4350,139303
3,1695057941092,13,4350,139316
3,1695057941092,20,4350,139336
3,1695057941092,20,4350,139356
3,1695057941092,41,4350,139397
3,1695057941092,20,4374,139417
3,1695057941092,21,4382,139438
3,1695057941092,23,4374,139461
3,1695057941092,17,4382,139478
3,1695057941092,20,4350,139498
3,1695057941092,20,4350,139518
3,1695057941092,21,4350,139539
3,1695057941092,19,4350,139558
3,1695057941092,20,4350,139578
3,1695057941092,20,4350,139598
3,1695057941092,21,4374,139619
3,1695057941092,25,4374,139644
3,1695057941092,14,4350,139658
3,1695057941092,20,4374,139678
3,1695057941092,21,4374,139699
3,1695057941092,20,4374,139719
3,1695057941092,20,4350,139739
3,1695057941092,24,4374,139763
3,1695057941092,17,4350,139780
3,1695057941092,20,4350,139800
3,1695057941092,20,4374,139820
3,1695057941092,27,4374,139847
3,1695057941092,13,4374,139860
3,1695057941092,20,4350,139880
3,1695057941092,20,4374,139900
3,1695057941092,27,4350,139927
3,1695057941092,13,4350,139940
3,1695057941092,20,4350,139960
3,1695057941092,20,4350,139980
3,1695057941092,41,4350,140021
3,1695057941092,20,4350,140041
3,1695057941092,20,4350,140061
3,1695057941092,23,4350,140084
3,1695057941092,17,4350,140101
3,1695057941092,20,4350,140121
3,1695057941092,20,4374,140141
3,1695057941092,22,4350,140163
3,1695057941092,18,4374,140181
3,1695057941092,20,4374,140201
3,1695057941092,20,4374,140221
3,1695057941092,20,4374,140241
3,1695057941092,20,4374,140261
3,1695057941092,21,4350,140282
3,1695057941092,23,4350,140305
3,1695057941092,17,4374,140322
3,1695057941092,20,4382,140342
3,1695057941092,20,4374,140362
3,1695057941092,21,4382,140383
3,1695057941092,19,4374,140402
3,1695057941092,20,4382,140422
3,1695057941092,20,4374,140442
3,1695057941092,27,4374,140469
3,1695057941092,13,4374,140482
3,1695057941092,20,4382,140502
3,1695057941092,21,4382,140523
3,1695057941092,38,4374,140561
3,1695057941092,8,4350,140569
3,1695057941092,14,4382,140583
3,1695057941092,20,4350,140603
3,1695057941092,41,4350,140644
3,1695057941092,20,4374,140664
3,1695057941092,21,4350,140685
3,1695057941092,23,4350,140708
3,1695057941092,17,4350,140725
3,1695057941092,20,4350,140745
3,1695057941092,20,4350,140765
3,1695057941092,22,4350,140787
3,1695057941092,18,4350,140805
3,1695057941092,20,4382,140825
3,1695057941092,20,4374,140845
3,1695057941092,20,4374,140865
3,1695057941092,20,4374,140885
3,1695057941092,20,4382,140905
3,1695057941092,22,4398,140927
3,1695057941092,17,4398,140944
3,1695057941092,20,4398,140964
3,1695057941092,20,4398,140984
3,1695057941092,23,4398,141007
3,1695057941092,17,4414,141024
3,1695057941092,20,4398,141044
3,1695057941092,20,4414,141064
3,1695057941092,28,4398,141092
3,1695057941092,13,4398,141105
3,1695057941092,20,4398,141125
3,1695057941092,20,4414,141145
3,1695057941092,27,4398,141172
3,1695057941092,13,4398,141185
3,1695057941092,20,4398,141205
3,1695057941092,20,4398,141225
3,1695057941092,41,4406,141266
3,1695057941092,21,4398,141287
3,1695057941092,26,4414,141313
3,1695057941092,19,4398,141332
3,1695057941092,15,4398,141347
3,1695057941092,20,4410,141367
3,1695057941092,20,4398,141387
3,1695057941092,21,4398,141408
3,1695057941092,19,4398,141427
3,1695057941092,20,4382,141447
3,1695057941092,20,4382,141467
3,1695057941092,20,4398,141487
3,1695057941092,20,4398,141507
3,1695057941092,20,4382,141527
3,1695057941092,23,4398,141550
3,1695057941092,17,4398,141567
3,1695057941092,21,4394,141588
3,1695057941092,20,4398,141608
3,1695057941092,38,4398,141646
3,1695057941092,8,4398,141654
3,1695057941092,14,4398,141668
3,1695057941092,20,4398,141688
3,1695057941092,28,4398,141716
3,1695057941092,13,4398,141729
3,1695057941092,20,4398,141749
3,1695057941092,20,4398,141769
3,1695057941092,27,4414,141796
3,1695057941092,13,4414,141809
3,1695057941092,20,4414,141829
3,1695057941092,20,4414,141849
3,1695057941092,41,4414,141890
3,1695057941092,20,4414,141910
3,1695057941092,20,4414,141930
3,1695057941092,24,4414,141954
3,1695057941092,17,4414,141971
3,1695057941092,20,4414,141991
3,1695057941092,20,4414,142011
3,1695057941092,21,4414,142032
3,1695057941092,19,4430,142051
3,1695057941092,20,4414,142071
3,1695057941092,20,4414,142091
3,1695057941092,20,4414,142111
3,1695057941092,20,4414,142131
3,1695057941092,20,4414,142151
3,1695057941092,20,4406,142171
3,1695057941092,20,4414,142191
3,1695057941092,20,4406,142211
3,1695057941092,20,4406,142231
3,1695057941092,23,4406,142254
3,1695057941092,18,4398,142272
3,1695057941092,26,4398,142298
3,1695057941092,14,4398,142312
3,1695057941092,28,4398,142340
3,1695057941092,13,4398,142353
3,1695057941092,20,4382,142373
3,1695057941092,20,4382,142393
3,1695057941092,27,4382,142420
3,1695057941092,13,4382,142433
3,1695057941092,20,4398,142453
3,1695057941092,20,4382,142473
3,1695057941092,21,4378,142494
3,1695057941092,20,4382,142514
3,1695057941092,20,4398,142534
3,1695057941092,20,4382,142554
3,1695057941092,24,4382,142578
3,1695057941092,17,4398,142595
3,1695057941092,20,4398,142615
3,1695057941092,20,4414,142635
3,1695057941092,21,4398,142656
3,1695057941092,19,4398,142675
3,1695057941092,20,4398,142695
3,1695057941092,20,4398,142715
3,1695057941092,20,4406,142735
3,1695057941092,20,4406,142755
3,1695057941092,20,4406,142775
3,1695057941092,23,4414,142798
3,1695057941092,18,4414,142816
3,1695057941092,26,4406,142842
3,1695057941092,14,4414,142856
3,1695057941092,23,4414,142879
3,1695057941092,18,4410,142897
3,1695057941092,20,4414,142917
3,1695057941092,20,4398,142937
3,1695057941092,27,4398,142964
3,1695057941092,13,4414,142977
3,1695057941092,20,4398,142997
3,1695057941092,20,4398,143017
3,1695057941092,27,4414,143044
3,1695057941092,13,4398,143057
3,1695057941092,20,4406,143077
3,1695057941092,20,4398,143097
3,1695057941092,41,4382,143138
3,1695057941092,20,4398,143158
3,1695057941092,20,4382,143178
3,1695057941092,24,4382,143202
3,1695057941092,16,4382,143218
3,1695057941092,20,4382,143238
3,1695057941092,20,4374,143258
3,1695057941092,21,4350,143279
3,1695057941092,19,4382,143298
3,1695057941092,20,4374,143318
3,1695057941092,20,4350,143338
3,1695057941092,20,4350,143358
3,1695057941092,20,4350,143378
3,1695057941092,21,4350,143399
3,1695057941092,23,4382,143422
3,1695057941092,17,4382,143439
3,1695057941092,20,4382,143459
3,1695057941092,20,4382,143479
3,1695057941092,23,4382,143502
3,1695057941092,18,4394,143520
3,1695057941092,20,4382,143540
3,1695057941092,20,4394,143560
3,1695057941092,27,4406,143587
3,1695057941092,13,4398,143600
3,1695057941092,20,4398,143620
3,1695057941092,20,4398,143640
3,1695057941092,27,4398,143667
3,1695057941092,13,4398,143680
3,1695057941092,20,4398,143700
3,1695057941092,20,4398,143720
3,1695057941092,41,4398,143761
3,1695057941092,20,4406,143781
3,1695057941092,21,4398,143802
3,1695057941092,38,4398,143840
3,1695057941092,8,4382,143848
3,1695057941092,14,4382,143862
3,1695057941092,20,4398,143882
3,1695057941092,21,4398,143903
3,1695057941092,19,4398,143922
3,1695057941092,20,4398,143942
3,1695057941092,20,4382,143962
3,1695057941092,20,4382,143982
3,1695057941092,20,4398,144002
3,1695057941092,20,4398,144022
3,1695057941092,20,4398,144042
3,1695057941092,20,4398,144062
3,1695057941092,20,4382,144082
3,1695057941092,20,4382,144102
3,1695057941092,23,4382,144125
3,1695057941092,18,4382,144143
3,1695057941092,20,4382,144163
3,1695057941092,20,4394,144183
3,1695057941092,27,4398,144210
3,1695057941092,13,4382,144223
3,1695057941092,20,4398,144243
3,1695057941092,20,4398,144263
3,1695057941092,27,4398,144290
3,1695057941092,14,4398,144304
3,1695057941092,20,4398,144324
3,1695057941092,20,4414,144344
3,1695057941092,41,4398,144385
3,1695057941092,20,4406,144405
3,1695057941092,20,4414,144425
3,1695057941092,24,4398,144449
3,1695057941092,16,4398,144465
3,1695057941092,20,4398,144485
3,1695057941092,20,4406,144505
3,1695057941092,21,4398,144526
3,1695057941092,19,4398,144545
3,1695057941092,20,4398,144565
3,1695057941092,20,4398,144585
3,1695057941092,20,4398,144605
3,1695057941092,20,4398,144625
3,1695057941092,20,4398,144645
3,1695057941092,20,4398,144665
3,1695057941092,20,4398,144685
3,1695057941092,20,4398,144705
3,1695057941092,21,4398,144726
3,1695057941092,39,4382,144765
3,1695057941092,8,4382,144773
3,1695057941092,13,4382,144786
3,1695057941092,20,4382,144806
3,1695057941092,27,4382,144833
3,1695057941092,13,4374,144846
3,1695057941092,20,4394,144866
3,1695057941092,20,4350,144886
3,1695057941092,27,4382,144913
3,1695057941092,13,4374,144926
3,1695057941092,20,4350,144946
3,1695057941092,21,4350,144967
3,1695057941092,40,4350,145007
3,1695057941092,20,4350,145027
3,1695057941092,20,4350,145047
3,1695057941092,24,4350,145071
3,1695057941092,16,4350,145087
3,1695057941092,20,4374,145107
3,1695057941092,20,4382,145127
3,1695057941092,22,4382,145149
3,1695057941092,19,4382,145168
3,1695057941092,20,4374,145188
3,1695057941092,21,4350,145209
3,1695057941092,20,4382,145229
3,1695057941092,20,4382,145249
3,1695057941092,20,4350,145269
3,1695057941092,20,4382,145289
3,1695057941092,21,4374,145310
3,1695057941092,19,4374,145329
3,1695057941092,20,4382,145349
3,1695057941092,23,4374,145372
3,1695057941092,17,4374,145389
3,1695057941092,20,4382,145409
3,1695057941092,20,4350,145429
3,1695057941092,28,4350,145457
3,1695057941092,31,4350,145488
3,1695057941092,8,4350,145496
3,1695057941092,14,4350,145510
3,1695057941092,27,4350,145537
3,1695057941092,13,4350,145550
3,1695057941092,20,4350,145570
3,1695057941092,20,4350,145590
3,1695057941092,41,4342,145631
3,1695057941092,20,4350,145651
3,1695057941092,20,4334,145671
3,1695057941092,41,4318,145712
3,1695057941092,20,4318,145732
3,1695057941092,20,4334,145752
3,1695057941092,22,4318,145774
3,1695057941092,19,4318,145793
3,1695057941092,20,4318,145813
3,1695057941092,20,4318,145833
3,1695057941092,20,4310,145853
3,1695057941092,20,4302,145873
3,1695057941092,20,4302,145893
3,1695057941092,20,4310,145913
3,1695057941092,20,4286,145933
3,1695057941092,20,4302,145953
3,1695057941092,20,4310,145973
3,1695057941092,23,4310,145996
3,1695057941092,17,4302,146013
3,1695057941092,20,4310,146033
3,1695057941092,20,4286,146053
3,1695057941092,27,4318,146080
3,1695057941092,13,4318,146093
3,1695057941092,21,4318,146114
3,1695057941092,20,4318,146134
3,1695057941092,27,4318,146161
3,1695057941092,13,4318,146174
3,1695057941092,20,4318,146194
3,1695057941092,20,4318,146214
3,1695057941092,41,4318,146255
3,1695057941092,20,4318,146275
3,1695057941092,21,4318,146296
3,1695057941092,40,4334,146336
3,1695057941092,20,4334,146356
3,1695057941092,20,4334,146376
3,1695057941092,20,4334,146396
3,1695057941092,20,4334,146416
3,1695057941092,20,4318,146436
3,1695057941092,20,4334,146456
3,1695057941092,20,4350,146476
3,1695057941092,20,4334,146496
3,1695057941092,20,4334,146516
3,1695057941092,20,4334,146536
3,1695057941092,20,4334,146556
3,1695057941092,20,4334,146576
3,1695057941092,20,4350,146596
3,1695057941092,23,4342,146619
3,1695057941092,17,4342,146636
3,1695057941092,20,4334,146656
3,1695057941092,20,4334,146676
3,1695057941092,27,4318,146703
3,1695057941092,14,4318,146717
3,1695057941092,20,4318,146737
3,1695057941092,20,4318,146757
3,1695057941092,27,4318,146784
3,1695057941092,13,4318,146797
3,1695057941092,20,4318,146817
3,1695057941092,20,4318,146837
3,1695057941092,41,4334,146878
3,1695057941092,20,4334,146898
3,1695057941092,20,4334,146918
3,1695057941092,24,4334,146942
3,1695057941092,16,4350,146958
3,1695057941092,20,4350,146978
3,1695057941092,20,4342,146998
3,1695057941092,22,4350,147020
3,1695057941092,18,4350,147038
3,1695057941092,20,4350,147058
3,1695057941092,20,4350,147078
3,1695057941092,20,4350,147098
3,1695057941092,20,4350,147118
3,1695057941092,20,4350,147138
3,1695057941092,20,4350,147158
3,1695057941092,21,4350,147179
3,1695057941092,27,4350,147206
3,1695057941092,13,4350,147219
3,1695057941092,23,4350,147242
3,1695057941092,17,4350,147259
3,1695057941092,20,4350,147279
3,1695057941092,20,4350,147299
3,1695057941092,27,4350,147326
3,1695057941092,14,4350,147340
3,1695057941092,20,4350,147360
3,1695057941092,20,4350,147380
3,1695057941092,28,4350,147408
3,1695057941092,13,4350,147421
3,1695057941092,19,4350,147440
3,1695057941092,20,4350,147460
3,1695057941092,41,4350,147501
3,1695057941092,20,4334,147521
3,1695057941092,20,4334,147541
3,1695057941092,41,4318,147582
3,1695057941092,20,4318,147602
3,1695057941092,20,4318,147622
3,1695057941092,22,4318,147644
3,1695057941092,18,4318,147662
3,1695057941092,20,4318,147682
3,1695057941092,20,4334,147702
3,1695057941092,20,4334,147722
3,1695057941092,20,4334,147742
3,1695057941092,20,4334,147762
3,1695057941092,20,4350,147782
3,1695057941092,20,4350,147802
3,1695057941092,20,4350,147822
3,1695057941092,20,4350,147842
3,1695057941092,24,4350,147866
3,1695057941092,18,4350,147884
3,1695057941092,19,4350,147903
3,1695057941092,21,4350,147924
3,1695057941092,27,4350,147951
3,1695057941092,34,4350,147985
3,1695057941092,20,4378,148005
3,1695057941092,27,4374,148032
3,1695057941092,13,4374,148045
3,1695057941092,20,4382,148065
3,1695057941092,20,4382,148085
3,1695057941092,27,4374,148112
3,1695057941092,13,4350,148125
3,1695057941092,20,4382,148145
3,1695057941092,20,4374,148165
3,1695057941092,41,4382,148206
3,1695057941092,20,4350,148226
3,1695057941092,20,4382,148246
3,1695057941092,22,4374,148268
3,1695057941092,18,4350,148286
3,1695057941092,20,4350,148306
3,1695057941092,20,4350,148326
3,1695057941092,20,4350,148346
3,1695057941092,21,4350,148367
3,1695057941092,26,4350,148393
3,1695057941092,13,4374,148406
3,1695057941092,20,4382,148426
3,1695057941092,20,4350,148446
3,1695057941092,20,4350,148466
3,1695057941092,23,4350,148489
3,1695057941092,17,4350,148506
3,1695057941092,20,4350,148526
3,1695057941092,20,4350,148546
3,1695057941092,27,4350,148573
3,1695057941092,13,4350,148586
3,1695057941092,20,4350,148606
3,1695057941092,20,4350,148626
3,1695057941092,28,4350,148654
3,1695057941092,13,4350,148667
3,1695057941092,20,4374,148687
3,1695057941092,20,4374,148707
3,1695057941092,27,4350,148734
3,1695057941092,13,4350,148747
3,1695057941092,20,4350,148767
3,1695057941092,20,4350,148787
3,1695057941092,41,4350,148828
3,1695057941092,20,4350,148848
3,1695057941092,20,4350,148868
3,1695057941092,22,4350,148890
3,1695057941092,18,4350,148908
3,1695057941092,21,4350,148929
3,1695057941092,29,4350,148958
3,1695057941092,13,4350,148971
3,1695057941092,18,4350,148989
3,1695057941092,20,4350,149009
3,1695057941092,20,4350,149029
3,1695057941092,20,4350,149049
3,1695057941092,20,4350,149069
3,1695057941092,20,4350,149089
3,1695057941092,24,4350,149113
3,1695057941092,18,4350,149131
3,1695057941092,19,4350,149150
3,1695057941092,20,4350,149170
3,1695057941092,23,4342,149193
3,1695057941092,17,4342,149210
3,1695057941092,20,4350,149230
3,1695057941092,20,4350,149250
3,1695057941092,27,4342,149277
3,1695057941092,13,4334,149290
3,1695057941092,20,4334,149310
3,1695057941092,20,4334,149330
3,1695057941092,27,4342,149357
3,1695057941092,13,4346,149370
3,1695057941092,20,4342,149390
3,1695057941092,20,4350,149410
3,1695057941092,41,4342,149451
3,1695057941092,20,4350,149471
3,1695057941092,20,4350,149491
3,1695057941092,22,4350,149513
3,1695057941092,18,4350,149531
3,1695057941092,20,4350,149551
3,1695057941092,20,4350,149571
3,1695057941092,20,4350,149591
3,1695057941092,20,4350,149611
3,1695057941092,20,4350,149631
3,1695057941092,20,4350,149651
3,1695057941092,20,4350,149671
3,1695057941092,20,4350,149691
3,1695057941092,20,4350,149711
3,1695057941092,23,4374,149734
3,1695057941092,18,4350,149752
3,1695057941092,20,4350,149772
3,1695057941092,20,4350,149792
3,1695057941092,23,4350,149815
3,1695057941092,17,4350,149832
3,1695057941092,20,4350,149852
3,1695057941092,20,4350,149872
3,1695057941092,27,4350,149899
3,1695057941092,13,4350,149912
3,1695057941092,21,4350,149933
3,1695057941092,26,4374,149959
3,1695057941092,34,4350,149993
3,1695057941092,20,4350,150013
3,1695057941092,20,4350,150033
3,1695057941092,41,4350,150074
3,1695057941092,20,4350,150094
3,1695057941092,20,4350,150114
3,1695057941092,22,4350,150136
3,1695057941092,18,4350,150154
3,1695057941092,20,4342,150174
3,1695057941092,20,4350,150194
3,1695057941092,20,4350,150214
3,1695057941092,20,4350,150234
3,1695057941092,20,4350,150254
3,1695057941092,20,4350,150274
3,1695057941092,20,4350,150294
3,1695057941092,20,4350,150314
3,1695057941092,20,4350,150334
3,1695057941092,24,4378,150358
3,1695057941092,18,4350,150376
3,1695057941092,19,4374,150395
3,1695057941092,20,4382,150415
3,1695057941092,21,4350,150436
3,1695057941092,19,4374,150455
3,1695057941092,20,4382,150475
3,1695057941092,20,4374,150495
3,1695057941092,27,4382,150522
3,1695057941092,14,4382,150536
3,1695057941092,20,4382,150556
3,1695057941092,20,4374,150576
3,1695057941092,27,4382,150603
3,1695057941092,14,4382,150617
3,1695057941092,26,4382,150643
3,1695057941092,13,4382,150656
3,1695057941092,41,4382,150697
3,1695057941092,20,4382,150717
3,1695057941092,20,4374,150737
3,1695057941092,23,4382,150760
3,1695057941092,17,4374,150777
3,1695057941092,20,4378,150797
3,1695057941092,20,4382,150817
3,1695057941092,20,4382,150837
3,1695057941092,20,4382,150857
3,1695057941092,20,4382,150877
3,1695057941092,20,4382,150897
3,1695057941092,21,4374,150918
3,1695057941092,20,4382,150938
3,1695057941092,21,4374,150959
3,1695057941092,38,4382,150997
3,1695057941092,8,4350,151005
3,1695057941092,34,4382,151039
3,1695057941092,23,4374,151062
3,1695057941092,17,4382,151079
3,1695057941092,20,4382,151099
3,1695057941092,20,4398,151119
3,1695057941092,27,4398,151146
3,1695057941092,13,4398,151159
3,1695057941092,20,4398,151179
3,1695057941092,20,4382,151199
3,1695057941092,28,4398,151227
3,1695057941092,13,4398,151240
3,1695057941092,19,4398,151259
3,1695057941092,20,4398,151279
3,1695057941092,41,4406,151320
3,1695057941092,20,4406,151340
3,1695057941092,20,4398,151360
3,1695057941092,22,4398,151382
3,1695057941092,19,4414,151401
3,1695057941092,26,4414,151427
3,1695057941092,13,4414,151440
3,1695057941092,20,4414,151460
3,1695057941092,20,4398,151480
3,1695057941092,20,4414,151500
3,1695057941092,20,4414,151520
3,1695057941092,21,4406,151541
3,1695057941092,19,4414,151560
3,1695057941092,20,4406,151580
3,1695057941092,23,4398,151603
3,1695057941092,18,4398,151621
3,1695057941092,20,4398,151641
3,1695057941092,20,4398,151661
3,1695057941092,23,4414,151684
3,1695057941092,18,4406,151702
3,1695057941092,20,4398,151722
3,1695057941092,20,4398,151742
3,1695057941092,27,4406,151769
3,1695057941092,13,4406,151782
3,1695057941092,20,4406,151802
3,1695057941092,20,4406,151822
3,1695057941092,27,4398,151849
3,1695057941092,13,4406,151862
3,1695057941092,20,4406,151882
3,1695057941092,20,4414,151902
3,1695057941092,41,4430,151943
3,1695057941092,20,4430,151963
3,1695057941092,20,4438,151983
3,1695057941092,23,4438,152006
3,1695057941092,17,4446,152023
3,1695057941092,20,4446,152043
3,1695057941092,20,4446,152063
3,1695057941092,20,4462,152083
3,1695057941092,20,4462,152103
3,1695057941092,20,4462,152123
3,1695057941092,20,4470,152143
3,1695057941092,20,4462,152163
3,1695057941092,20,4478,152183
3,1695057941092,20,4470,152203
3,1695057941092,23,4462,152226
3,1695057941092,18,4470,152244
3,1695057941092,20,4478,152264
3,1695057941092,20,4478,152284
3,1695057941092,23,4462,152307
3,1695057941092,17,4478,152324
3,1695057941092,21,4462,152345
3,1695057941092,27,4478,152372
3,1695057941092,20,4478,152392
3,1695057941092,13,4478,152405
3,1695057941092,19,4478,152424
3,1695057941092,21,4478,152445
3,1695057941092,26,4478,152471
3,1695057941092,34,4478,152505
3,1695057941092,20,4478,152525
3,1695057941092,20,4478,152545
3,1695057941092,20,4478,152565
3,1695057941092,20,4478,152585
3,1695057941092,20,4470,152605
3,1695057941092,22,4478,152627
3,1695057941092,18,4478,152645
3,1695057941092,20,4478,152665
3,1695057941092,20,4478,152685
3,1695057941092,21,4494,152706
3,1695057941092,19,4502,152725
3,1695057941092,20,4494,152745
3,1695057941092,20,4510,152765
3,1695057941092,20,4526,152785
3,1695057941092,20,4526,152805
3,1695057941092,20,4526,152825
3,1695057941092,23,4534,152848
3,1695057941092,18,4542,152866
3,1695057941092,20,4542,152886
3,1695057941092,20,4542,152906
3,1695057941092,23,4542,152929
3,1695057941092,17,4542,152946
3,1695057941092,20,4558,152966
3,1695057941092,20,4566,152986
3,1695057941092,27,4574,153013
3,1695057941092,34,4558,153047
3,1695057941092,20,4566,153067
3,1695057941092,27,4574,153094
3,1695057941092,34,4574,153128
3,1695057941092,20,4574,153148
3,1695057941092,41,4574,153189
3,1695057941092,20,4574,153209
3,1695057941092,20,4574,153229
3,1695057941092,22,4574,153251
3,1695057941092,18,4574,153269
3,1695057941092,21,4574,153290
3,1695057941092,29,4574,153319
3,1695057941092,14,4574,153333
3,1695057941092,18,4574,153351
3,1695057941092,20,4590,153371
3,1695057941092,20,4590,153391
3,1695057941092,21,4590,153412
3,1695057941092,19,4574,153431
3,1695057941092,20,4574,153451
3,1695057941092,23,4574,153474
3,1695057941092,18,4574,153492
3,1695057941092,19,4574,153511
3,1695057941092,20,4590,153531
3,1695057941092,23,4590,153554
3,1695057941092,18,4590,153572
3,1695057941092,20,4606,153592
3,1695057941092,20,4606,153612
3,1695057941092,27,4606,153639
3,1695057941092,34,4606,153673
3,1695057941092,20,4606,153693
3,1695057941092,27,4638,153720
3,1695057941092,34,4654,153754
3,1695057941092,20,4638,153774
3,1695057941092,41,4654,153815
3,1695057941092,20,4654,153835
3,1695057941092,20,4670,153855
3,1695057941092,22,4670,153877
3,1695057941092,18,4670,153895
3,1695057941092,20,4670,153915
3,1695057941092,20,4670,153935
3,1695057941092,20,4670,153955
3,1695057941092,20,4670,153975
3,1695057941092,20,4694,153995
3,1695057941092,20,4686,154015
3,1695057941092,22,4694,154037
3,1695057941092,27,4670,154064
3,1695057941092,14,4694,154078
3,1695057941092,21,4702,154099
3,1695057941092,18,4702,154117
3,1695057941092,20,4694,154137
3,1695057941092,20,4694,154157
3,1695057941092,23,4686,154180
3,1695057941092,18,4686,154198
3,1695057941092,20,4694,154218
3,1695057941092,20,4694,154238
3,1695057941092,27,4686,154265
3,1695057941092,14,4702,154279
3,1695057941092,19,4702,154298
3,1695057941092,20,4702,154318
3,1695057941092,27,4702,154345
3,1695057941092,34,4702,154379
3,1695057941092,20,4702,154399
3,1695057941092,20,4718,154419
3,1695057941092,20,4734,154439
3,1695057941092,20,4734,154459
3,1695057941092,20,4734,154479
3,1695057941092,23,4734,154502
3,1695057941092,18,4734,154520
3,1695057941092,20,4758,154540
3,1695057941092,20,4758,154560
3,1695057941092,21,4758,154581
3,1695057941092,20,4766,154601
3,1695057941092,20,4766,154621
3,1695057941092,20,4766,154641
3,1695057941092,21,4782,154662
3,1695057941092,20,4782,154682
3,1695057941092,20,4782,154702
3,1695057941092,23,4782,154725
3,1695057941092,18,4790,154743
3,1695057941092,20,4782,154763
3,1695057941092,20,4790,154783
3,1695057941092,23,4798,154806
3,1695057941092,18,4798,154824
3,1695057941092,20,4798,154844
3,1695057941092,20,4798,154864
3,1695057941092,27,4798,154891
3,1695057941092,34,4798,154925
3,1695057941092,20,4798,154945
3,1695057941092,28,4822,154973
3,1695057941092,32,4814,155005
3,1695057941092,21,4798,155026
3,1695057941092,41,4830,155067
3,1695057941092,20,4814,155087
3,1695057941092,20,4814,155107
3,1695057941092,24,4822,155131
3,1695057941092,17,4830,155148
3,1695057941092,21,4814,155169
3,1695057941092,20,4822,155189
3,1695057941092,21,4822,155210
3,1695057941092,20,4830,155230
3,1695057941092,20,4830,155250
3,1695057941092,20,4830,155270
3,1695057941092,21,4846,155291
3,1695057941092,20,4846,155311
3,1695057941092,20,4846,155331
3,1695057941092,23,4862,155354
3,1695057941092,18,4862,155372
3,1695057941092,20,4862,155392
3,1695057941092,20,4862,155412
3,1695057941092,23,4862,155435
3,1695057941092,17,4894,155452
3,1695057941092,20,4862,155472
3,1695057941092,20,4862,155492
3,1695057941092,27,4894,155519
3,1695057941092,34,4894,155553
3,1695057941092,20,4910,155573
3,1695057941092,28,4894,155601
3,1695057941092,14,4910,155615
3,1695057941092,19,4910,155634
3,1695057941092,20,4910,155654
3,1695057941092,41,4910,155695
3,1695057941092,21,4910,155716
3,1695057941092,20,4918,155736
3,1695057941092,23,4910,155759
3,1695057941092,18,4918,155777
3,1695057941092,21,4910,155798
3,1695057941092,29,4918,155827
3,1695057941092,14,4918,155841
3,1695057941092,17,4926,155858
3,1695057941092,20,4910,155878
3,1695057941092,20,4926,155898
3,1695057941092,21,4918,155919
3,1695057941092,20,4910,155939
3,1695057941092,20,4910,155959
3,1695057941092,23,4910,155982
3,1695057941092,18,4922,156000
3,1695057941092,20,4910,156020
3,1695057941092,20,4918,156040
3,1695057941092,23,4918,156063
3,1695057941092,18,4910,156081
3,1695057941092,20,4918,156101
3,1695057941092,20,4910,156121
3,1695057941092,28,4926,156149
3,1695057941092,14,4926,156163
3,1695057941092,19,4926,156182
3,1695057941092,20,4926,156202
3,1695057941092,27,4942,156229
3,1695057941092,34,4958,156263
3,1695057941092,20,4958,156283
3,1695057941092,41,4950,156324
3,1695057941092,20,4974,156344
3,1695057941092,20,4958,156364
3,1695057941092,20,4958,156384
3,1695057941092,20,4974,156404
3,1695057941092,20,4974,156424
3,1695057941092,20,4974,156444
3,1695057941092,21,4974,156465
3,1695057941092,19,4974,156484
3,1695057941092,20,4974,156504
3,1695057941092,20,4974,156524
3,1695057941092,21,4974,156545
3,1695057941092,27,4974,156572
3,1695057941092,14,4974,156586
3,1695057941092,22,4974,156608
3,1695057941092,18,4974,156626
3,1695057941092,19,4974,156645
3,1695057941092,20,4974,156665
3,1695057941092,23,4974,156688
3,1695057941092,18,4982,156706
3,1695057941092,20,4974,156726
3,1695057941092,20,4990,156746
3,1695057941092,27,4974,156773
3,1695057941092,34,4974,156807
3,1695057941092,20,4974,156827
3,1695057941092,27,4974,156854
3,1695057941092,34,4974,156888
3,1695057941092,20,4974,156908
3,1695057941092,41,4974,156949
3,1695057941092,20,4982,156969
3,1695057941092,21,4982,156990
3,1695057941092,22,4990,157012
3,1695057941092,17,4990,157029
3,1695057941092,20,4990,157049
3,1695057941092,20,4990,157069
3,1695057941092,21,4990,157090
3,1695057941092,20,5022,157110
3,1695057941092,20,5014,157130
3,1695057941092,20,5022,157150
3,1695057941092,21,5022,157171
3,1695057941092,20,5022,157191
3,1695057941092,20,5022,157211
3,1695057941092,23,5022,157234
3,1695057941092,18,5022,157252
3,1695057941092,20,5022,157272
3,1695057941092,20,5022,157292
3,1695057941092,23,5022,157315
3,1695057941092,17,5022,157332
3,1695057941092,20,5022,157352
3,1695057941092,20,5038,157372
3,1695057941092,27,5022,157399
3,1695057941092,14,5022,157413
3,1695057941092,20,5022,157433
3,1695057941092,20,5022,157453
3,1695057941092,27,5014,157480
3,1695057941092,14,5014,157494
3,1695057941092,20,5022,157514
3,1695057941092,20,5022,157534
3,1695057941092,41,4990,157575
3,1695057941092,20,5022,157595
3,1695057941092,35,5014,157630
3,1695057941092,13,4990,157643
3,1695057941092,14,4990,157657
3,1695057941092,18,4990,157675
3,1695057941092,20,4990,157695
3,1695057941092,21,4990,157716
3,1695057941092,20,4990,157736
3,1695057941092,20,4990,157756
3,1695057941092,20,4990,157776
3,1695057941092,21,4990,157797
3,1695057941092,20,4990,157817
3,1695057941092,20,4990,157837
3,1695057941092,23,4990,157860
3,1695057941092,18,4990,157878
3,1695057941092,20,4990,157898
3,1695057941092,20,5022,157918
3,1695057941092,23,5022,157941
3,1695057941092,38,5022,157979
3,1695057941092,20,5022,157999
3,1695057941092,28,5022,158027
3,1695057941092,14,5022,158041
3,1695057941092,19,5038,158060
3,1695057941092,20,5022,158080
3,1695057941092,27,5038,158107
3,1695057941092,14,5038,158121
3,1695057941092,20,5022,158141
3,1695057941092,20,5038,158161
3,1695057941092,41,5046,158202
3,1695057941092,20,5038,158222
3,1695057941092,20,5054,158242
3,1695057941092,23,5038,158265
3,1695057941092,17,5038,158282
3,1695057941092,21,5050,158303
3,1695057941092,35,5038,158338
3,1695057941092,9,5038,158347
3,1695057941092,16,5022,158363
3,1695057941092,20,5022,158383
3,1695057941092,20,5022,158403
3,1695057941092,20,5022,158423
3,1695057941092,20,5038,158443
3,1695057941092,20,5022,158463
3,1695057941092,23,5022,158486
3,1695057941092,18,5038,158504
3,1695057941092,19,5022,158523
3,1695057941092,20,5022,158543
3,1695057941092,23,5014,158566
3,1695057941092,18,5022,158584
3,1695057941092,20,5022,158604
3,1695057941092,20,5022,158624
3,1695057941092,27,5022,158651
3,1695057941092,14,5022,158665
3,1695057941092,20,5038,158685
3,1695057941092,20,5038,158705
3,1695057941092,27,5054,158732
3,1695057941092,14,5046,158746
3,1695057941092,20,5054,158766
3,1695057941092,20,5054,158786
3,1695057941092,41,5054,158827
3,1695057941092,20,5070,158847
3,1695057941092,20,5054,158867
3,1695057941092,23,5054,158890
3,1695057941092,17,5054,158907
3,1695057941092,20,5078,158927
3,1695057941092,20,5070,158947
3,1695057941092,21,5054,158968
3,1695057941092,19,5054,158987
3,1695057941092,20,5070,159007
3,1695057941092,20,5070,159027
3,1695057941092,21,5070,159048
3,1695057941092,20,5054,159068
3,1695057941092,27,5054,159095
3,1695057941092,17,5070,159112
3,1695057941092,18,5054,159130
3,1695057941092,18,5070,159148
3,1695057941092,20,5054,159168
3,1695057941092,23,5054,159191
3,1695057941092,18,5078,159209
3,1695057941092,20,5070,159229
3,1695057941092,20,5078,159249
3,1695057941092,28,5086,159277
3,1695057941092,14,5070,159291
3,1695057941092,19,5078,159310
3,1695057941092,20,5086,159330
3,1695057941092,27,5078,159357
3,1695057941092,14,5086,159371
3,1695057941092,20,5086,159391
3,1695057941092,20,5086,159411
3,1695057941092,41,5102,159452
3,1695057941092,20,5086,159472
3,1695057941092,20,5102,159492
3,1695057941092,23,5102,159515
3,1695057941092,17,5118,159532
3,1695057941092,20,5110,159552
3,1695057941092,20,5118,159572
3,1695057941092,21,5118,159593
3,1695057941092,19,5110,159612
3,1695057941092,20,5110,159632
3,1695057941092,20,5118,159652
3,1695057941092,21,5118,159673
3,1695057941092,19,5118,159692
3,1695057941092,21,5118,159713
3,1695057941092,22,5118,159735
3,1695057941092,18,5118,159753
3,1695057941092,19,5118,159772
3,1695057941092,20,5118,159792
3,1695057941092,23,5118,159815
3,1695057941092,17,5118,159832
3,1695057941092,20,5118,159852
3,1695057941092,20,5118,159872
3,1695057941092,27,5118,159899
3,1695057941092,14,5118,159913
3,1695057941092,20,5118,159933
3,1695057941092,20,5118,159953
3,1695057941092,28,5118,159981
3,1695057941092,14,5118,159995
3,1695057941092,19,5118,160014
3,1695057941092,27,5118,160041
3,1695057941092,33,5118,160074
3,1695057941092,20,5118,160094
3,1695057941092,20,5118,160114
3,1695057941092,23,5118,160137
3,1695057941092,17,5118,160154
3,1695057941092,20,5118,160174
3,1695057941092,20,5118,160194
3,1695057941092,21,5118,160215
3,1695057941092,19,5150,160234
3,1695057941092,20,5166,160254
3,1695057941092,20,5166,160274
3,1695057941092,21,5166,160295
3,1695057941092,19,5166,160314
3,1695057941092,20,5150,160334
3,1695057941092,21,5166,160355
3,1695057941092,19,5166,160374
3,1695057941092,20,5150,160394
3,1695057941092,20,5166,160414
3,1695057941092,23,5174,160437
3,1695057941092,17,5166,160454
3,1695057941092,20,5174,160474
3,1695057941092,20,5182,160494
3,1695057941092,27,5182,160521
3,1695057941092,14,5182,160535
3,1695057941092,20,5182,160555
3,1695057941092,20,5182,160575
3,1695057941092,27,5174,160602
3,1695057941092,34,5182,160636
3,1695057941092,20,5182,160656
3,1695057941092,41,5174,160697
3,1695057941092,20,5182,160717
3,1695057941092,21,5182,160738
3,1695057941092,40,5182,160778
3,1695057941092,9,5182,160787
3,1695057941092,14,5182,160801
3,1695057941092,17,5182,160818
3,1695057941092,21,5174,160839
3,1695057941092,19,5182,160858
3,1695057941092,20,5182,160878
3,1695057941092,20,5182,160898
3,1695057941092,21,5182,160919
3,1695057941092,19,5182,160938
3,1695057941092,20,5206,160958
3,1695057941092,23,5206,160981
3,1695057941092,18,5214,160999
3,1695057941092,19,5214,161018
3,1695057941092,20,5230,161038
3,1695057941092,23,5230,161061
3,1695057941092,18,5246,161079
3,1695057941092,20,5238,161099
3,1695057941092,20,5230,161119
3,1695057941092,27,5230,161146
3,1695057941092,14,5246,161160
3,1695057941092,20,5246,161180
3,1695057941092,20,5246,161200
3,1695057941092,27,5246,161227
3,1695057941092,14,5246,161241
3,1695057941092,20,5246,161261
3,1695057941092,20,5270,161281
3,1695057941092,41,5278,161322
3,1695057941092,20,5270,161342
3,1695057941092,20,5270,161362
3,1695057941092,24,5278,161386
3,1695057941092,17,5278,161403
3,1695057941092,20,5278,161423
3,1695057941092,20,5278,161443
3,1695057941092,22,5278,161465
3,1695057941092,27,5278,161492
3,1695057941092,14,5278,161506
3,1695057941092,18,5278,161524
3,1695057941092,22,5278,161546
3,1695057941092,18,5278,161564
3,1695057941092,20,5278,161584
3,1695057941092,23,5270,161607
3,1695057941092,18,5278,161625
3,1695057941092,19,5246,161644
3,1695057941092,20,5270,161664
3,1695057941092,23,5278,161687
3,1695057941092,17,5270,161704
3,1695057941092,20,5270,161724
3,1695057941092,20,5278,161744
3,1695057941092,27,5270,161771
3,1695057941092,14,5278,161785
3,1695057941092,19,5278,161804
3,1695057941092,20,5278,161824
3,1695057941092,27,5278,161851
3,1695057941092,14,5294,161865
3,1695057941092,19,5294,161884
3,1695057941092,20,5294,161904
3,1695057941092,41,5294,161945
3,1695057941092,20,5278,161965
3,1695057941092,20,5294,161985
3,1695057941092,24,5302,162009
3,1695057941092,17,5294,162026
3,1695057941092,20,5294,162046
3,1695057941092,20,5294,162066
3,1695057941092,21,5278,162087
3,1695057941092,19,5294,162106
3,1695057941092,20,5294,162126
3,1695057941092,20,5294,162146
3,1695057941092,21,5278,162167
3,1695057941092,19,5294,162186
3,1695057941092,21,5294,162207
3,1695057941092,39,5278,162246
3,1695057941092,9,5294,162255
3,1695057941092,14,5278,162269
3,1695057941092,18,5278,162287
3,1695057941092,22,5278,162309
3,1695057941092,18,5278,162327
3,1695057941092,20,5270,162347
3,1695057941092,20,5270,162367
3,1695057941092,27,5246,162394
3,1695057941092,14,5278,162408
3,1695057941092,20,5278,162428
3,1695057941092,20,5278,162448
3,1695057941092,27,5246,162475
3,1695057941092,14,5270,162489
3,1695057941092,19,5270,162508
3,1695057941092,20,5278,162528
3,1695057941092,41,5278,162569
3,1695057941092,20,5270,162589
3,1695057941092,20,5270,162609
3,1695057941092,24,5278,162633
3,1695057941092,17,5278,162650
3,1695057941092,20,5278,162670
3,1695057941092,20,5278,162690
3,1695057941092,21,5278,162711
3,1695057941092,19,5294,162730
3,1695057941092,20,5294,162750
3,1695057941092,20,5294,162770
3,1695057941092,21,5294,162791
3,1695057941092,19,5278,162810
3,1695057941092,20,5294,162830
3,1695057941092,23,5294,162853
3,1695057941092,18,5278,162871
3,1695057941092,19,5278,162890
3,1695057941092,20,5294,162910
3,1695057941092,24,5294,162934
3,1695057941092,32,5294,162966
3,1695057941092,9,5278,162975
3,1695057941092,16,5294,162991
3,1695057941092,27,5294,163018
3,1695057941092,14,5278,163032
3,1695057941092,19,5278,163051
3,1695057941092,20,5278,163071
3,1695057941092,27,5278,163098
3,1695057941092,14,5278,163112
3,1695057941092,20,5294,163132
3,1695057941092,20,5270,163152
3,1695057941092,41,5278,163193
3,1695057941092,20,5270,163213
3,1695057941092,20,5246,163233
3,1695057941092,41,5246,163274
3,1695057941092,20,5246,163294
3,1695057941092,20,5246,163314
3,1695057941092,21,5246,163335
3,1695057941092,19,5246,163354
3,1695057941092,20,5246,163374
3,1695057941092,20,5246,163394
3,1695057941092,21,5246,163415
3,1695057941092,19,5246,163434
3,1695057941092,20,5246,163454
3,1695057941092,23,5270,163477
3,1695057941092,18,5270,163495
3,1695057941092,19,5270,163514
3,1695057941092,20,5270,163534
3,1695057941092,23,5270,163557
3,1695057941092,17,5278,163574
3,1695057941092,20,5270,163594
3,1695057941092,20,5246,163614
3,1695057941092,27,5270,163641
3,1695057941092,14,5246,163655
3,1695057941092,19,5278,163674
3,1695057941092,20,5246,163694
3,1695057941092,27,5270,163721
3,1695057941092,14,5246,163735
3,1695057941092,19,5246,163754
3,1695057941092,20,5246,163774
3,1695057941092,41,5246,163815
3,1695057941092,20,5246,163835
3,1695057941092,20,5246,163855
3,1695057941092,24,5246,163879
3,1695057941092,16,5246,163895
3,1695057941092,20,5246,163915
3,1695057941092,21,5230,163936
3,1695057941092,39,5246,163975
3,1695057941092,9,5246,163984
3,1695057941092,14,5238,163998
3,1695057941092,17,5230,164015
3,1695057941092,28,5230,164043
3,1695057941092,14,5230,164057
3,1695057941092,18,5230,164075
3,1695057941092,23,5214,164098
3,1695057941092,19,5230,164117
3,1695057941092,19,5230,164136
3,1695057941092,20,5214,164156
3,1695057941092,24,5214,164180
3,1695057941092,17,5214,164197
3,1695057941092,20,5214,164217
3,1695057941092,21,5214,164238
3,1695057941092,26,5206,164264
3,1695057941092,14,5214,164278
3,1695057941092,19,5214,164297
3,1695057941092,20,5214,164317
3,1695057941092,21,5214,164338
3,1695057941092,19,5206,164357
3,1695057941092,20,5214,164377
3,1695057941092,20,5214,164397
3,1695057941092,41,5214,164438
3,1695057941092,20,5206,164458
3,1695057941092,20,5214,164478
3,1695057941092,24,5214,164502
3,1695057941092,16,5214,164518
3,1695057941092,20,5214,164538
3,1695057941092,20,5206,164558
3,1695057941092,21,5214,164579
3,1695057941092,17,5214,164596
3,1695057941092,22,5214,164618
3,1695057941092,20,5182,164638
3,1695057941092,22,5182,164660
3,1695057941092,27,5206,164687
3,1695057941092,14,5198,164701
3,1695057941092,20,5182,164721
3,1695057941092,18,5206,164739
3,1695057941092,20,5182,164759
3,1695057941092,20,5198,164779
3,1695057941092,23,5198,164802
3,1695057941092,18,5182,164820
3,1695057941092,20,5182,164840
3,1695057941092,20,5182,164860
3,1695057941092,27,5182,164887
3,1695057941092,14,5182,164901
3,1695057941092,20,5182,164921
3,1695057941092,20,5174,164941
3,1695057941092,27,5182,164968
3,1695057941092,14,5182,164982
3,1695057941092,19,5166,165001
3,1695057941092,20,5166,165021
3,1695057941092,41,5150,165062
3,1695057941092,20,5166,165082
3,1695057941092,20,5118,165102
3,1695057941092,24,5150,165126
3,1695057941092,17,5150,165143
3,1695057941092,20,5118,165163
3,1695057941092,20,5150,165183
3,1695057941092,21,5118,165204
3,1695057941092,19,5118,165223
3,1695057941092,20,5118,165243
3,1695057941092,20,5118,165263
3,1695057941092,22,5118,165285
3,1695057941092,19,5118,165304
3,1695057941092,20,5150,165324
3,1695057941092,23,5118,165347
3,1695057941092,18,5118,165365
3,1695057941092,19,5118,165384
3,1695057941092,20,5118,165404
3,1695057941092,23,5118,165427
3,1695057941092,32,5118,165459
3,1695057941092,9,5118,165468
3,1695057941092,16,5118,165484
3,1695057941092,27,5118,165511
3,1695057941092,14,5118,165525
3,1695057941092,20,5118,165545
3,1695057941092,20,5118,165565
3,1695057941092,27,5118,165592
3,1695057941092,14,5118,165606
3,1695057941092,20,5118,165626
3,1695057941092,20,5118,165646
3,1695057941092,41,5118,165687
3,1695057941092,20,5118,165707
3,1695057941092,20,5102,165727
3,1695057941092,24,5118,165751
3,1695057941092,16,5118,165767
3,1695057941092,20,5102,165787
3,1695057941092,20,5102,165807
3,1695057941092,22,5102,165829
3,1695057941092,19,5102,165848
3,1695057941092,20,5086,165868
3,1695057941092,20,5102,165888
3,1695057941092,22,5086,165910
3,1695057941092,18,5102,165928
3,1695057941092,20,5086,165948
3,1695057941092,23,5086,165971
3,1695057941092,18,5086,165989
3,1695057941092,19,5086,166008
3,1695057941092,20,5086,166028
3,1695057941092,23,5078,166051
3,1695057941092,17,5070,166068
3,1695057941092,20,5078,166088
3,1695057941092,20,5078,166108
3,1695057941092,27,5078,166135
3,1695057941092,14,5078,166149
3,1695057941092,20,5070,166169
3,1695057941092,20,5078,166189
3,1695057941092,27,5070,166216
3,1695057941092,14,5070,166230
3,1695057941092,20,5078,166250
3,1695057941092,20,5054,166270
3,1695057941092,41,5054,166311
3,1695057941092,20,5054,166331
3,1695057941092,20,5054,166351
3,1695057941092,41,5054,166392
3,1695057941092,21,5054,166413
3,1695057941092,35,5038,166448
3,1695057941092,9,5054,166457
3,1695057941092,16,5054,166473
3,1695057941092,20,5054,166493
3,1695057941092,20,5054,166513
3,1695057941092,21,5046,166534
3,1695057941092,19,5054,166553
3,1695057941092,20,5038,166573
3,1695057941092,23,5046,166596
3,1695057941092,18,5046,166614
3,1695057941092,19,5038,166633
3,1695057941092,20,5046,166653
3,1695057941092,23,5038,166676
3,1695057941092,17,5038,166693
3,1695057941092,20,5038,166713
3,1695057941092,20,5038,166733
3,1695057941092,28,5038,166761
3,1695057941092,14,5022,166775
3,1695057941092,19,5050,166794
3,1695057941092,20,5038,166814
3,1695057941092,27,5038,166841
3,1695057941092,14,5038,166855
3,1695057941092,19,5022,166874
3,1695057941092,20,5022,166894
3,1695057941092,41,5022,166935
3,1695057941092,21,5038,166956
3,1695057941092,20,5022,166976
3,1695057941092,24,5022,167000
3,1695057941092,16,5038,167016
3,1695057941092,20,5022,167036
3,1695057941092,20,5022,167056
3,1695057941092,22,5022,167078
3,1695057941092,19,5022,167097
3,1695057941092,20,5022,167117
3,1695057941092,20,5022,167137
3,1695057941092,21,5022,167158
3,1695057941092,19,5006,167177
3,1695057941092,20,5014,167197
3,1695057941092,23,4990,167220
3,1695057941092,18,5014,167238
3,1695057941092,19,5014,167257
3,1695057941092,20,5022,167277
3,1695057941092,23,5014,167300
3,1695057941092,17,4990,167317
3,1695057941092,20,5014,167337
3,1695057941092,20,5014,167357
3,1695057941092,27,5022,167384
3,1695057941092,14,5022,167398
3,1695057941092,20,5014,167418
3,1695057941092,20,4990,167438
3,1695057941092,27,5006,167465
3,1695057941092,14,4990,167479
3,1695057941092,20,4990,167499
3,1695057941092,20,4990,167519
3,1695057941092,41,4990,167560
3,1695057941092,27,4990,167587
3,1695057941092,14,4990,167601
3,1695057941092,23,4990,167624
3,1695057941092,16,4990,167640
3,1695057941092,20,4990,167660
3,1695057941092,20,4990,167680
3,1695057941092,22,4990,167702
3,1695057941092,18,4990,167720
3,1695057941092,20,4990,167740
3,1695057941092,20,4990,167760
3,1695057941092,22,4990,167782
3,1695057941092,18,4990,167800
3,1695057941092,20,4990,167820
3,1695057941092,23,4990,167843
3,1695057941092,18,4990,167861
3,1695057941092,19,4990,167880
3,1695057941092,20,4990,167900
3,1695057941092,23,4990,167923
3,1695057941092,18,4990,167941
3,1695057941092,20,4990,167961
3,1695057941092,20,4990,167981
3,1695057941092,27,4990,168008
3,1695057941092,14,5022,168022
3,1695057941092,20,4990,168042
3,1695057941092,20,4990,168062
3,1695057941092,27,4990,168089
3,1695057941092,14,4990,168103
3,1695057941092,20,4990,168123
3,1695057941092,20,4990,168143
3,1695057941092,41,4990,168184
3,1695057941092,20,4990,168204
3,1695057941092,20,4990,168224
3,1695057941092,41,4990,168265
3,1695057941092,20,4990,168285
3,1695057941092,20,4990,168305
3,1695057941092,20,4990,168325
3,1695057941092,20,4990,168345
3,1695057941092,20,4990,168365
3,1695057941092,20,4990,168385
3,1695057941092,21,4990,168406
3,1695057941092,19,4990,168425
3,1695057941092,20,4982,168445
3,1695057941092,23,4990,168468
3,1695057941092,18,4974,168486
3,1695057941092,19,4990,168505
3,1695057941092,20,4990,168525
3,1695057941092,23,4990,168548
3,1695057941092,32,4990,168580
3,1695057941092,9,4990,168589
3,1695057941092,16,4990,168605
3,1695057941092,27,4990,168632
3,1695057941092,14,4974,168646
3,1695057941092,19,4990,168665
3,1695057941092,21,4990,168686
3,1695057941092,26,4990,168712
3,1695057941092,14,4990,168726
3,1695057941092,19,4990,168745
3,1695057941092,21,4990,168766
3,1695057941092,40,4990,168806
3,1695057941092,20,4990,168826
3,1695057941092,20,5014,168846
3,1695057941092,41,4990,168887
3,1695057941092,20,5022,168907
3,1695057941092,20,5022,168927
3,1695057941092,22,5022,168949
3,1695057941092,18,5022,168967
3,1695057941092,20,5022,168987
3,1695057941092,20,5022,169007
3,1695057941092,21,5022,169028
3,1695057941092,19,5022,169047
3,1695057941092,20,5022,169067
3,1695057941092,24,5022,169091
3,1695057941092,19,5022,169110
3,1695057941092,18,5022,169128
3,1695057941092,20,5022,169148
3,1695057941092,23,5038,169171
3,1695057941092,17,5038,169188
3,1695057941092,20,5038,169208
3,1695057941092,21,5038,169229
3,1695057941092,39,5038,169268
3,1695057941092,9,5038,169277
3,1695057941092,14,5038,169291
3,1695057941092,18,5046,169309
3,1695057941092,27,5038,169336
3,1695057941092,14,5038,169350
3,1695057941092,19,5054,169369
3,1695057941092,20,5054,169389
3,1695057941092,27,5054,169416
3,1695057941092,14,5054,169430
3,1695057941092,19,5054,169449
3,1695057941092,20,5054,169469
3,1695057941092,41,5070,169510
3,1695057941092,20,5078,169530
3,1695057941092,20,5070,169550
3,1695057941092,23,5086,169573
3,1695057941092,17,5078,169590
3,1695057941092,20,5078,169610
3,1695057941092,20,5082,169630
3,1695057941092,21,5078,169651
3,1695057941092,20,5102,169671
3,1695057941092,20,5086,169691
3,1695057941092,23,5086,169714
3,1695057941092,18,5086,169732
3,1695057941092,19,5086,169751
3,1695057941092,20,5086,169771
3,1695057941092,23,5086,169794
3,1695057941092,17,5086,169811
3,1695057941092,20,5086,169831
3,1695057941092,20,5086,169851
3,1695057941092,27,5086,169878
3,1695057941092,14,5086,169892
3,1695057941092,19,5086,169911
3,1695057941092,20,5086,169931
3,1695057941092,28,5086,169959
3,1695057941092,32,5102,169991
3,1695057941092,21,5086,170012
3,1695057941092,28,5086,170040
3,1695057941092,14,5086,170054
3,1695057941092,18,5102,170072
3,1695057941092,20,5102,170092
3,1695057941092,41,5102,170133
3,1695057941092,20,5102,170153
3,1695057941092,20,5102,170173
3,1695057941092,22,5102,170195
3,1695057941092,18,5118,170213
3,1695057941092,20,5110,170233
3,1695057941092,20,5118,170253
3,1695057941092,21,5118,170274
3,1695057941092,19,5118,170293
3,1695057941092,20,5118,170313
3,1695057941092,21,5118,170334
3,1695057941092,19,5118,170353
3,1695057941092,20,5118,170373
3,1695057941092,20,5118,170393
3,1695057941092,23,5118,170416
3,1695057941092,17,5118,170433
3,1695057941092,20,5118,170453
3,1695057941092,20,5118,170473
3,1695057941092,23,5118,170496
3,1695057941092,17,5118,170513
3,1695057941092,21,5118,170534
3,1695057941092,20,5118,170554
3,1695057941092,27,5118,170581
3,1695057941092,14,5118,170595
3,1695057941092,19,5118,170614
3,1695057941092,20,5150,170634
3,1695057941092,27,5150,170661
3,1695057941092,14,5150,170675
3,1695057941092,19,5166,170694
3,1695057941092,20,5150,170714
3,1695057941092,41,5166,170755
3,1695057941092,20,5166,170775
3,1695057941092,20,5150,170795
3,1695057941092,23,5118,170818
3,1695057941092,32,5118,170850
3,1695057941092,9,5118,170859
3,1695057941092,16,5150,170875
3,1695057941092,22,5150,170897
3,1695057941092,19,5150,170916
3,1695057941092,20,5166,170936
3,1695057941092,23,5166,170959
3,1695057941092,18,5174,170977
3,1695057941092,19,5166,170996
3,1695057941092,20,5182,171016
3,1695057941092,23,5182,171039
3,1695057941092,17,5182,171056
3,1695057941092,20,5182,171076
3,1695057941092,20,5182,171096
3,1695057941092,23,5182,171119
3,1695057941092,18,5206,171137
3,1695057941092,20,5198,171157
3,1695057941092,20,5198,171177
3,1695057941092,27,5206,171204
3,1695057941092,14,5214,171218
3,1695057941092,19,5214,171237
3,1695057941092,20,5214,171257
3,1695057941092,28,5214,171285
3,1695057941092,14,5214,171299
3,1695057941092,18,5206,171317
3,1695057941092,20,5214,171337
3,1695057941092,41,5214,171378
3,1695057941092,20,5214,171398
3,1695057941092,20,5214,171418
3,1695057941092,22,5214,171440
3,1695057941092,18,5214,171458
3,1695057941092,21,5214,171479
3,1695057941092,39,5214,171518
3,1695057941092,9,5214,171527
3,1695057941092,14,5214,171541
3,1695057941092,17,5230,171558
3,1695057941092,23,5214,171581
3,1695057941092,19,5214,171600
3,1695057941092,19,5214,171619
3,1695057941092,20,5230,171639
3,1695057941092,23,5230,171662
3,1695057941092,19,5230,171681
3,1695057941092,18,5230,171699
3,1695057941092,20,5238,171719
3,1695057941092,23,5246,171742
3,1695057941092,17,5246,171759
3,1695057941092,20,5246,171779
3,1695057941092,20,5246,171799
3,1695057941092,27,5278,171826
3,1695057941092,14,5278,171840
3,1695057941092,19,5278,171859
3,1695057941092,20,5294,171879
3,1695057941092,27,5294,171906
3,1695057941092,14,5310,171920
3,1695057941092,19,5294,171939
3,1695057941092,20,5310,171959
3,1695057941092,41,5310,172000
3,1695057941092,20,5342,172020
3,1695057941092,20,5326,172040
3,1695057941092,22,5326,172062
3,1695057941092,18,5334,172080
3,1695057941092,20,5334,172100
3,1695057941092,21,5342,172121
3,1695057941092,39,5342,172160
3,1695057941092,9,5342,172169
3,1695057941092,14,5342,172183
3,1695057941092,20,5342,172203
3,1695057941092,19,5342,172222
3,1695057941092,19,5342,172241
3,1695057941092,20,5358,172261
3,1695057941092,23,5358,172284
3,1695057941092,19,5358,172303
3,1695057941092,19,5358,172322
3,1695057941092,20,5358,172342
3,1695057941092,22,5358,172364
3,1695057941092,19,5358,172383
3,1695057941092,19,5358,172402
3,1695057941092,20,5358,172422
3,1695057941092,27,5374,172449
3,1695057941092,14,5374,172463
3,1695057941092,19,5374,172482
3,1695057941092,21,5374,172503
3,1695057941092,39,5374,172542
3,1695057941092,9,5406,172551
3,1695057941092,14,5422,172565
3,1695057941092,17,5422,172582
3,1695057941092,41,5438,172623
3,1695057941092,20,5454,172643
3,1695057941092,20,5470,172663
3,1695057941092,22,5470,172685
3,1695057941092,18,5470,172703
3,1695057941092,20,5486,172723
3,1695057941092,20,5502,172743
3,1695057941092,21,5502,172764
3,1695057941092,19,5502,172783
3,1695057941092,20,5526,172803
3,1695057941092,23,5526,172826
3,1695057941092,19,5534,172845
3,1695057941092,19,5550,172864
3,1695057941092,20,5550,172884
3,1695057941092,24,5550,172908
3,1695057941092,19,5550,172927
3,1695057941092,19,5550,172946
3,1695057941092,27,5566,172973
3,1695057941092,21,5566,172994
3,1695057941092,14,5566,173008
3,1695057941092,17,5566,173025
3,1695057941092,20,5558,173045
3,1695057941092,27,5566,173072
3,1695057941092,14,5558,173086
3,1695057941092,19,5566,173105
3,1695057941092,20,5566,173125
3,1695057941092,27,5566,173152
3,1695057941092,14,5590,173166
3,1695057941092,19,5590,173185
3,1695057941092,20,5590,173205
3,1695057941092,41,5598,173246
3,1695057941092,20,5598,173266
3,1695057941092,21,5614,173287
3,1695057941092,22,5630,173309
3,1695057941092,18,5630,173327
3,1695057941092,20,5630,173347
3,1695057941092,20,5630,173367
3,1695057941092,22,5630,173389
3,1695057941092,18,5678,173407
3,1695057941092,20,5662,173427
3,1695057941092,23,5678,173450
3,1695057941092,19,5678,173469
3,1695057941092,19,5678,173488
3,1695057941092,20,5694,173508
3,1695057941092,23,5694,173531
3,1695057941092,19,5694,173550
3,1695057941092,19,5694,173569
3,1695057941092,20,5710,173589
3,1695057941092,23,5694,173612
3,1695057941092,17,5726,173629
3,1695057941092,20,5710,173649
3,1695057941092,20,5726,173669
3,1695057941092,27,5726,173696
3,1695057941092,14,5726,173710
3,1695057941092,19,5726,173729
3,1695057941092,20,5742,173749
3,1695057941092,27,5726,173776
3,1695057941092,14,5726,173790
3,1695057941092,19,5742,173809
3,1695057941092,21,5726,173830
3,1695057941092,40,5742,173870
3,1695057941092,20,5742,173890
3,1695057941092,20,5758,173910
3,1695057941092,24,5758,173934
3,1695057941092,17,5758,173951
3,1695057941092,20,5758,173971
3,1695057941092,20,5758,173991
3,1695057941092,21,5758,174012
3,1695057941092,19,5758,174031
3,1695057941092,20,5790,174051
3,1695057941092,23,5782,174074
3,1695057941092,19,5790,174093
3,1695057941092,19,5806,174112
3,1695057941092,20,5822,174132
3,1695057941092,23,5822,174155
3,1695057941092,19,5838,174174
3,1695057941092,19,5822,174193
3,1695057941092,20,5846,174213
3,1695057941092,23,5854,174236
3,1695057941092,18,5854,174254
3,1695057941092,20,5854,174274
3,1695057941092,20,5870,174294
3,1695057941092,27,5870,174321
3,1695057941092,14,5870,174335
3,1695057941092,19,5886,174354
3,1695057941092,20,5886,174374
3,1695057941092,28,5886,174402
3,1695057941092,14,5886,174416
3,1695057941092,18,5886,174434
3,1695057941092,20,5886,174454
3,1695057941092,20,5886,174474
3,1695057941092,20,5886,174494
3,1695057941092,20,5886,174514
3,1695057941092,20,5886,174534
3,1695057941092,23,5886,174557
3,1695057941092,18,5886,174575
3,1695057941092,20,5886,174595
3,1695057941092,20,5886,174615
3,1695057941092,21,5886,174636
3,1695057941092,19,5886,174655
3,1695057941092,21,5886,174676
3,1695057941092,39,5886,174715
3,1695057941092,9,5918,174724
3,1695057941092,14,5918,174738
3,1695057941092,17,5886,174755
3,1695057941092,23,5886,174778
3,1695057941092,19,5918,174797
3,1695057941092,19,5934,174816
3,1695057941092,20,5918,174836
3,1695057941092,23,5942,174859
3,1695057941092,18,5950,174877
3,1695057941092,20,5950,174897
3,1695057941092,20,5950,174917
3,1695057941092,27,5982,174944
3,1695057941092,15,5982,174959
3,1695057941092,19,5982,174978
3,1695057941092,20,5998,174998
3,1695057941092,27,5998,175025
3,1695057941092,15,5998,175040
3,1695057941092,19,5998,175059
3,1695057941092,20,6006,175079
3,1695057941092,41,6014,175120
3,1695057941092,20,6014,175140
3,1695057941092,20,6014,175160
3,1695057941092,24,6014,175184
3,1695057941092,17,6014,175201
3,1695057941092,20,6014,175221
3,1695057941092,20,6014,175241
3,1695057941092,21,6014,175262
3,1695057941092,19,6014,175281
3,1695057941092,20,6014,175301
3,1695057941092,23,6014,175324
3,1695057941092,19,6014,175343
3,1695057941092,18,6014,175361
3,1695057941092,21,6014,175382
3,1695057941092,39,6014,175421
3,1695057941092,9,6014,175430
3,1695057941092,15,6014,175445
3,1695057941092,16,6014,175461
3,1695057941092,23,6014,175484
3,1695057941092,18,6014,175502
3,1695057941092,20,6014,175522
3,1695057941092,20,6014,175542
3,1695057941092,27,6014,175569
3,1695057941092,15,6014,175584
3,1695057941092,19,6014,175603
3,1695057941092,20,6046,175623
3,1695057941092,27,6046,175650
3,1695057941092,15,6046,175665
3,1695058132210,0,8190,0
3,1695058132210,29,8190,29
3,1695058132210,26,8126,55
3,1695058132210,9,8062,64
3,1695058132210,16,7998,80
3,1695058132210,20,7942,100
3,1695058132210,41,7886,141
3,1695058132210,18,7838,159
3,1695058132210,20,7774,179
3,1695058132210,23,7710,202
3,1695058132210,18,7646,220
3,1695058132210,22,7582,242
3,1695058132210,18,7518,260
3,1695058132210,20,7454,280
3,1695058132210,20,7406,300
3,1695058132210,20,7346,320
3,1695058132210,20,7262,340
3,1695058132210,20,7222,360
3,1695058132210,20,7134,380
3,1695058132210,20,7094,400
3,1695058132210,24,7022,424
3,1695058132210,16,6966,440
3,1695058132210,20,6878,460
3,1695058132210,20,6838,480
3,1695058132210,23,6770,503
3,1695058132210,17,6702,520
3,1695058132210,20,6622,540
3,1695058132210,20,6558,560
3,1695058132210,29,6494,589
3,1695058132210,15,6430,604
3,1695058132210,19,6366,623
3,1695058132210,20,6302,643
3,1695058132210,27,6238,670
3,1695058132210,15,6174,685
3,1695058132210,19,6110,704
3,1695058132210,20,6070,724
3,1695058132210,41,6014,765
3,1695058132210,20,5958,785
3,1695058132210,20,5882,805
3,1695058132210,22,5838,827
3,1695058132210,18,5774,845
3,1695058132210,21,5710,866
3,1695058132210,19,5662,885
3,1695058132210,22,5598,907
3,1695058132210,19,5534,926
3,1695058132210,20,5470,946
3,1695058132210,23,5406,969
3,1695058132210,19,5342,988
3,1695058132210,19,5286,1007
3,1695058132210,20,5206,1027
3,1695058132210,23,5150,1050
3,1695058132210,19,5066,1069
3,1695058132210,19,5006,1088
3,1695058132210,20,4932,1108
3,1695058132210,24,4876,1132
3,1695058132210,17,4798,1149
3,1695058132210,20,4724,1169
3,1695058132210,20,4662,1189
3,1695058132210,27,4574,1216
3,1695058132210,15,4510,1231
3,1695058132210,19,4446,1250
3,1695058132210,20,4378,1270
3,1695058132210,27,4318,1297
3,1695058132210,15,4238,1312
3,1695058132210,19,4174,1331
3,1695058132210,20,4110,1351
3,1695058132210,41,4042,1392
3,1695058132210,20,3962,1412
3,1695058132210,20,3894,1432
3,1695058132210,22,3822,1454
3,1695058132210,18,3758,1472
3,1695058132210,20,3702,1492
3,1695058132210,20,3614,1512
3,1695058132210,20,3558,1532
3,1695058132210,20,3486,1552
3,1695058132210,20,3414,1572
3,1695058132210,23,3356,1595
3,1695058132210,19,3290,1614
3,1695058132210,18,3214,1632
3,1695058132210,20,3166,1652
3,1695058132210,23,3098,1675
3,1695058132210,19,3038,1694
3,1695058132210,19,2990,1713
3,1695058132210,20,2910,1733
3,1695058132210,23,2862,1756
3,1695058132210,18,2806,1774
3,1695058132210,20,2734,1794
3,1695058132210,20,2670,1814
3,1695058132210,27,2614,1841
3,1695058132210,15,2542,1856
3,1695058132210,19,2474,1875
3,1695058132210,20,2414,1895
3,1695058132210,27,2334,1922
3,1695058132210,15,2286,1937
3,1695058132210,19,2218,1956
3,1695058132210,20,2158,1976
3,1695058132210,41,2078,2017
3,1695058132210,22,2036,2039
3,1695058132210,18,1972,2057
3,1695058132210,25,1886,2082
3,1695058132210,18,1834,2100
3,1695058132210,22,1758,2122
3,1695058132210,239,1430,2361
3,1695058132210,7,1418,2368
3,1695058132210,16,1426,2384
3,1695058132210,17,1422,2401
3,1695058132210,20,1406,2421
3,1695058132210,20,1406,2441
3,1695058132210,28,1406,2469
3,1695058132210,13,1406,2482
3,1695058132210,20,1398,2502
3,1695058132210,20,1398,2522
3,1695058132210,27,1406,2549
3,1695058132210,13,1422,2562
3,1695058132210,21,1406,2583
3,1695058132210,20,1422,2603
3,1695058132210,41,1406,2644
3,1695058132210,20,1406,2664
3,1695058132210,21,1402,2685
3,1695058132210,22,1406,2707
3,1695058132210,18,1406,2725
3,1695058132210,20,1406,2745
3,1695058132210,20,1398,2765
3,1695058132210,20,1390,2785
3,1695058132210,20,1390,2805
3,1695058132210,20,1388,2825
3,1695058132210,20,1374,2845
3,1695058132210,20,1382,2865
3,1695058132210,20,1374,2885
3,1695058132210,20,1370,2905
3,1695058132210,24,1374,2929
3,1695058132210,17,1374,2946
3,1695058132210,20,1358,2966
3,1695058132210,20,1374,2986
3,1695058132210,23,1358,3009
3,1695058132210,18,1358,3027
3,1695058132210,20,1342,3047
3,1695058132210,20,1342,3067
3,1695058132210,27,1334,3094
3,1695058132210,13,1326,3107
3,1695058132210,20,1326,3127
3,1695058132210,20,1326,3147
3,1695058132210,27,1326,3174
3,1695058132210,13,1310,3187
3,1695058132210,20,1310,3207
3,1695058132210,20,1300,3227
3,1695058132210,41,1298,3268
3,1695058132210,20,1278,3288
3,1695058132210,20,1278,3308
3,1695058132210,23,1270,3331
3,1695058132210,18,1274,3349
3,1695058132210,20,1270,3369
3,1695058132210,20,1270,3389
3,1695058132210,21,1278,3410
3,1695058132210,19,1278,3429
3,1695058132210,20,1274,3449
3,1695058132210,20,1278,3469
3,1695058132210,20,1270,3489
3,1695058132210,20,1270,3509
3,1695058132210,19,1262,3528
3,1695058132210,24,1274,3552
3,1695058132210,17,1262,3569
3,1695058132210,21,1262,3590
3,1695058132210,20,1246,3610
3,1695058132210,23,1268,3633
3,1695058132210,18,1270,3651
3,1695058132210,20,1246,3671
3,1695058132210,20,1246,3691
3,1695058132210,27,1246,3718
3,1695058132210,13,1238,3731
3,1695058132210,20,1230,3751
3,1695058132210,20,1230,3771
3,1695058132210,27,1230,3798
3,1695058132210,13,1214,3811
3,1695058132210,20,1226,3831
3,1695058132210,20,1210,3851
3,1695058132210,41,1206,3892
3,1695058132210,20,1198,3912
3,1695058132210,20,1198,3932
3,1695058132210,23,1198,3955
3,1695058132210,18,1194,3973
3,1695058132210,20,1182,3993
3,1695058132210,20,1194,4013
3,1695058132210,20,1188,4033
3,1695058132210,20,1174,4053
3,1695058132210,20,1174,4073
3,1695058132210,20,1172,4093
3,1695058132210,20,1162,4113
3,1695058132210,20,1166,4133
3,1695058132210,20,1150,4153
3,1695058132210,23,1150,4176
3,1695058132210,17,1150,4193
3,1695058132210,20,1158,4213
3,1695058132210,20,1150,4233
3,1695058132210,23,1148,4256
3,1695058132210,17,1150,4273
3,1695058132210,20,1150,4293
3,1695058132210,20,1150,4313
3,1695058132210,27,1150,4340
3,1695058132210,13,1162,4353
3,1695058132210,20,1150,4373
3,1695058132210,20,1150,4393
3,1695058132210,28,1162,4421
3,1695058132210,12,1150,4433
3,1695058132210,21,1150,4454
3,1695058132210,20,1150,4474
3,1695058132210,41,1146,4515
3,1695058132210,21,1162,4536
3,1695058132210,51,1150,4587
3,1695058132210,13,1150,4600
3,1695058132210,17,1148,4617
3,1695058132210,20,1146,4637
3,1695058132210,20,1146,4657
3,1695058132210,20,1142,4677
3,1695058132210,20,1134,4697
3,1695058132210,20,1130,4717
3,1695058132210,20,1150,4737
3,1695058132210,20,1142,4757
3,1695058132210,20,1118,4777
3,1695058132210,23,1130,4800
3,1695058132210,18,1134,4818
3,1695058132210,20,1130,4838
3,1695058132210,20,1118,4858
3,1695058132210,23,1116,4881
3,1695058132210,18,1114,4899
3,1695058132210,20,1110,4919
3,1695058132210,20,1108,4939
3,1695058132210,27,1102,4966
3,1695058132210,13,1098,4979
3,1695058132210,20,1108,4999
3,1695058132210,20,1102,5019
3,1695058132210,27,1098,5046
3,1695058132210,13,1096,5059
3,1695058132210,20,1102,5079
3,1695058132210,20,1102,5099
3,1695058132210,41,1118,5140
3,1695058132210,20,1098,5160
3,1695058132210,20,1108,5180
3,1695058132210,23,1098,5203
3,1695058132210,18,1110,5221
3,1695058132210,20,1114,5241
3,1695058132210,20,1110,5261
3,1695058132210,20,1118,5281
3,1695058132210,20,1118,5301
3,1695058132210,20,1118,5321
3,1695058132210,20,1118,5341
3,1695058132210,20,1130,5361
3,1695058132210,20,1134,5381
3,1695058132210,21,1134,5402
3,1695058132210,21,1118,5423
3,1695058132210,19,1130,5442
3,1695058132210,20,1142,5462
3,1695058132210,20,1134,5482
3,1695058132210,23,1130,5505
3,1695058132210,17,1118,5522
3,1695058132210,21,1130,5543
3,1695058132210,26,1118,5569
3,1695058132210,21,1126,5590
3,1695058132210,13,1134,5603
3,1695058132210,20,1130,5623
3,1695058132210,20,1118,5643
3,1695058132210,28,1118,5671
3,1695058132210,13,1114,5684
3,1695058132210,21,1118,5705
3,1695058132210,20,1110,5725
3,1695058132210,41,1102,5766
3,1695058132210,20,1102,5786
3,1695058132210,20,1110,5806
3,1695058132210,23,1118,5829
3,1695058132210,17,1086,5846
3,1695058132210,20,1094,5866
3,1695058132210,20,1110,5886
3,1695058132210,22,1110,5908
3,1695058132210,19,1110,5927
3,1695058132210,20,1110,5947
3,1695058132210,23,1118,5970
3,1695058132210,19,1134,5989
3,1695058132210,19,1142,6008
3,1695058132210,20,1146,6028
3,1695058132210,23,1146,6051
3,1695058132210,19,1146,6070
3,1695058132210,18,1142,6088
3,1695058132210,20,1150,6108
3,1695058132210,24,1150,6132
3,1695058132210,17,1142,6149
3,1695058132210,20,1142,6169
3,1695058132210,20,1150,6189
3,1695058132210,27,1146,6216
3,1695058132210,15,1134,6231
3,1695058132210,19,1142,6250
3,1695058132210,20,1150,6270
3,1695058132210,27,1162,6297
3,1695058132210,15,1146,6312
3,1695058132210,19,1150,6331
3,1695058132210,20,1142,6351
3,1695058132210,41,1148,6392
3,1695058132210,20,1146,6412
3,1695058132210,20,1142,6432
3,1695058132210,23,1150,6455
3,1695058132210,17,1134,6472
3,1695058132210,20,1130,6492
3,1695058132210,21,1134,6513
3,1695058132210,40,1130,6553
3,1695058132210,15,1116,6568
3,1695058132210,10,1126,6578
3,1695058132210,18,1118,6596
3,1695058132210,19,1118,6615
3,1695058132210,19,1114,6634
3,1695058132210,20,1110,6654
3,1695058132210,23,1118,6677
3,1695058132210,19,1110,6696
3,1695058132210,19,1110,6715
3,1695058132210,20,1118,6735
3,1695058132210,23,1130,6758
3,1695058132210,17,1134,6775
3,1695058132210,21,1134,6796
3,1695058132210,20,1134,6816
3,1695058132210,27,1142,6843
3,1695058132210,15,1146,6858
3,1695058132210,19,1150,6877
3,1695058132210,20,1150,6897
3,1695058132210,27,1150,6924
3,1695058132210,15,1134,6939
3,1695058132210,19,1142,6958
3,1695058132210,20,1146,6978
3,1695058132210,41,1162,7019
3,1695058132210,20,1150,7039
3,1695058132210,20,1162,7059
3,1695058132210,23,1164,7082
3,1695058132210,17,1166,7099
3,1695058132210,20,1170,7119
3,1695058132210,20,1166,7139
3,1695058132210,22,1178,7161
3,1695058132210,18,1150,7179
3,1695058132210,20,1166,7199
3,1695058132210,23,1166,7222
3,1695058132210,19,1174,7241
3,1695058132210,18,1166,7259
3,1695058132210,21,1150,7280
3,1695058132210,34,1166,7314
3,1695058132210,10,1150,7324
3,1695058132210,16,1150,7340
3,1695058132210,20,1150,7360
3,1695058132210,23,1150,7383
3,1695058132210,17,1150,7400
3,1695058132210,20,1142,7420
3,1695058132210,20,1150,7440
3,1695058132210,27,1134,7467
3,1695058132210,15,1142,7482
3,1695058132210,19,1134,7501
3,1695058132210,20,1134,7521
3,1695058132210,27,1142,7548
3,1695058132210,174,1166,7722
3,1695058132210,7,1174,7729
3,1695058132210,14,1174,7743
3,1695058132210,20,1174,7763
3,1695058132210,21,1172,7784
3,1695058132210,19,1182,7803
3,1695058132210,20,1182,7823
3,1695058132210,20,1174,7843
3,1695058132210,20,1194,7863
3,1695058132210,20,1182,7883
3,1695058132210,20,1194,7903
3,1695058132210,20,1182,7923
3,1695058132210,21,1194,7944
3,1695058132210,25,1182,7969
3,1695058132210,14,1198,7983
3,1695058132210,23,1198,8006
3,1695058132210,17,1196,8023
3,1695058132210,20,1198,8043
3,1695058132210,20,1194,8063
3,1695058132210,27,1190,8090
3,1695058132210,13,1194,8103
3,1695058132210,21,1190,8124
3,1695058132210,20,1182,8144
3,1695058132210,27,1194,8171
3,1695058132210,13,1198,8184
3,1695058132210,20,1190,8204
3,1695058132210,20,1190,8224
3,1695058132210,41,1182,8265
3,1695058132210,20,1182,8285
3,1695058132210,20,1182,8305
3,1695058132210,24,1182,8329
3,1695058132210,17,1178,8346
3,1695058132210,20,1174,8366
3,1695058132210,20,1182,8386
3,1695058132210,21,1182,8407
3,1695058132210,19,1178,8426
3,1695058132210,20,1182,8446
3,1695058132210,20,1198,8466
3,1695058132210,20,1194,8486
3,1695058132210,20,1214,8506
3,1695058132210,20,1206,8526
3,1695058132210,20,1198,8546
3,1695058132210,20,1206,8566
3,1695058132210,20,1226,8586
3,1695058132210,20,1214,8606
3,1695058132210,23,1214,8629
3,1695058132210,17,1230,8646
3,1695058132210,20,1230,8666
3,1695058132210,20,1238,8686
3,1695058132210,27,1214,8713
3,1695058132210,13,1246,8726
3,1695058132210,20,1238,8746
3,1695058132210,20,1246,8766
3,1695058132210,27,1246,8793
3,1695058132210,13,1258,8806
3,1695058132210,20,1258,8826
3,1695058132210,20,1246,8846
3,1695058132210,41,1246,8887
3,1695058132210,20,1246,8907
3,1695058132210,20,1258,8927
3,1695058132210,24,1246,8951
3,1695058132210,16,1246,8967
3,1695058132210,21,1246,8988
3,1695058132210,25,1258,9013
3,1695058132210,19,1254,9032
3,1695058132210,16,1246,9048
3,1695058132210,20,1254,9068
3,1695058132210,20,1246,9088
3,1695058132210,20,1246,9108
3,1695058132210,20,1246,9128
3,1695058132210,20,1246,9148
3,1695058132210,20,1246,9168
3,1695058132210,20,1242,9188
3,1695058132210,20,1242,9208
3,1695058132210,20,1238,9228
3,1695058132210,23,1242,9251
3,1695058132210,17,1238,9268
3,1695058132210,20,1246,9288
3,1695058132210,20,1236,9308
3,1695058132210,27,1242,9335
3,1695058132210,13,1260,9348
3,1695058132210,20,1242,9368
3,1695058132210,20,1238,9388
3,1695058132210,27,1238,9415
3,1695058132210,13,1262,9428
3,1695058132210,20,1246,9448
3,1695058132210,20,1258,9468
3,1695058132210,40,1258,9508
3,1695058132210,20,1262,9528
3,1695058132210,20,1262,9548
3,1695058132210,24,1262,9572
3,1695058132210,16,1262,9588
3,1695058132210,20,1270,9608
3,1695058132210,20,1262,9628
3,1695058132210,22,1262,9650
3,1695058132210,19,1258,9669
3,1695058132210,21,1260,9690
3,1695058132210,29,1276,9719
3,1695058132210,17,1262,9736
3,1695058132210,14,1258,9750
3,1695058132210,20,1270,9770
3,1695058132210,20,1262,9790
3,1695058132210,20,1270,9810
3,1695058132210,20,1258,9830
3,1695058132210,20,1258,9850
3,1695058132210,23,1262,9873
3,1695058132210,17,1254,9890
3,1695058132210,20,1246,9910
3,1695058132210,21,1246,9931
3,1695058132210,26,1262,9957
3,1695058132210,13,1260,9970
3,1695058132210,20,1258,9990
3,1695058132210,20,1262,10010
3,1695058132210,27,1242,10037
3,1695058132210,13,1246,10050
3,1695058132210,20,1238,10070
3,1695058132210,20,1238,10090
3,1695058132210,41,1246,10131
3,1695058132210,20,1230,10151
3,1695058132210,20,1238,10171
3,1695058132210,41,1242,10212
3,1695058132210,20,1246,10232
3,1695058132210,20,1246,10252
3,1695058132210,23,1246,10275
3,1695058132210,17,1254,10292
3,1695058132210,20,1262,10312
3,1695058132210,20,1246,10332
3,1695058132210,20,1246,10352
3,1695058132210,20,1262,10372
3,1695058132210,20,1254,10392
3,1695058132210,20,1258,10412
3,1695058132210,20,1262,10432
3,1695058132210,20,1246,10452
3,1695058132210,20,1258,10472
3,1695058132210,23,1258,10495
3,1695058132210,17,1262,10512
3,1695058132210,20,1246,10532
3,1695058132210,20,1258,10552
3,1695058132210,23,1262,10575
3,1695058132210,18,1246,10593
3,1695058132210,20,1262,10613
3,1695058132210,20,1242,10633
3,1695058132210,27,1262,10660
3,1695058132210,14,1246,10674
3,1695058132210,25,1246,10699
3,1695058132210,14,1246,10713
3,1695058132210,27,1246,10740
3,1695058132210,13,1236,10753
3,1695058132210,20,1242,10773
3,1695058132210,20,1238,10793
3,1695058132210,41,1214,10834
3,1695058132210,20,1214,10854
3,1695058132210,20,1210,10874
3,1695058132210,22,1214,10896
3,1695058132210,18,1206,10914
3,1695058132210,20,1214,10934
3,1695058132210,20,1206,10954
3,1695058132210,20,1226,10974
3,1695058132210,20,1214,10994
3,1695058132210,20,1214,11014
3,1695058132210,20,1206,11034
3,1695058132210,21,1214,11055
3,1695058132210,20,1230,11075
3,1695058132210,20,1214,11095
3,1695058132210,21,1214,11116
3,1695058132210,19,1214,11135
3,1695058132210,20,1214,11155
3,1695058132210,20,1226,11175
3,1695058132210,25,1214,11200
3,1695058132210,17,1214,11217
3,1695058132210,20,1214,11237
3,1695058132210,20,1214,11257
3,1695058132210,27,1226,11284
3,1695058132210,15,1214,11299
3,1695058132210,19,1206,11318
3,1695058132210,20,1206,11338
3,1695058132210,27,1226,11365
3,1695058132210,15,1214,11380
3,1695058132210,19,1206,11399
3,1695058132210,20,1210,11419
3,1695058132210,40,1210,11459
3,1695058132210,20,1198,11479
3,1695058132210,20,1198,11499
3,1695058132210,23,1188,11522
3,1695058132210,33,1194,11555
3,1695058132210,10,1198,11565
3,1695058132210,15,1198,11580
3,1695058132210,22,1194,11602
3,1695058132210,16,1190,11618
3,1695058132210,20,1190,11638
3,1695058132210,26,1178,11664
3,1695058132210,19,1174,11683
3,1695058132210,18,1178,11701
3,1695058132210,20,1150,11721
3,1695058132210,20,1162,11741
3,1695058132210,17,1174,11758
3,1695058132210,20,1166,11778
3,1695058132210,20,1150,11798
3,1695058132210,26,1166,11824
3,1695058132210,18,1166,11842
3,1695058132210,20,1162,11862
3,1695058132210,20,1166,11882
3,1695058132210,27,1166,11909
3,1695058132210,15,1172,11924
3,1695058132210,18,1162,11942
3,1695058132210,20,1166,11962
3,1695058132210,27,1174,11989
3,1695058132210,15,1174,12004
3,1695058132210,19,1174,12023
3,1695058132210,20,1172,12043
3,1695058132210,41,1174,12084
3,1695058132210,20,1174,12104
3,1695058132210,20,1168,12124
3,1695058132210,23,1172,12147
3,1695058132210,18,1174,12165
3,1695058132210,20,1178,12185
3,1695058132210,17,1174,12202
3,1695058132210,20,1166,12222
3,1695058132210,23,1162,12245
3,1695058132210,20,1166,12265
3,1695058132210,23,1166,12288
3,1695058132210,19,1166,12307
3,1695058132210,18,1158,12325
3,1695058132210,20,1172,12345
3,1695058132210,23,1166,12368
3,1695058132210,17,1162,12385
3,1695058132210,20,1150,12405
3,1695058132210,20,1150,12425
3,1695058132210,23,1162,12448
3,1695058132210,18,1142,12466
3,1695058132210,28,1150,12494
3,1695058132210,15,1146,12509
3,1695058132210,24,1142,12533
3,1695058132210,15,1150,12548
3,1695058132210,18,1134,12566
3,1695058132210,20,1130,12586
3,1695058132210,27,1142,12613
3,1695058132210,15,1134,12628
3,1695058132210,19,1118,12647
3,1695058132210,20,1134,12667
3,1695058132210,38,1118,12705
3,1695058132210,20,1134,12725
3,1695058132210,20,1134,12745
3,1695058132210,27,1134,12772
3,1695058132210,16,1134,12788
3,1695058132210,20,1142,12808
3,1695058132210,20,1134,12828
3,1695058132210,22,1142,12850
3,1695058132210,18,1146,12868
3,1695058132210,20,1146,12888
3,1695058132210,22,1150,12910
3,1695058132210,19,1142,12929
3,1695058132210,18,1146,12947
3,1695058132210,20,1142,12967
3,1695058132210,23,1134,12990
3,1695058132210,19,1150,13009
3,1695058132210,18,1142,13027
3,1695058132210,20,1150,13047
3,1695058132210,21,1142,13068
3,1695058132210,19,1134,13087
3,1695058132210,20,1142,13107
3,1695058132210,20,1142,13127
3,1695058132210,27,1142,13154
3,1695058132210,15,1142,13169
3,1695058132210,19,1134,13188
3,1695058132210,21,1118,13209
3,1695058132210,40,1126,13249
3,1695058132210,15,1118,13264
3,1695058132210,10,1130,13274
3,1695058132210,15,1118,13289
3,1695058132210,41,1118,13330
3,1695058132210,20,1118,13350
3,1695058132210,20,1118,13370
3,1695058132210,24,1110,13394
3,1695058132210,16,1102,13410
3,1695058132210,20,1118,13430
3,1695058132210,20,1102,13450
3,1695058132210,22,1098,13472
3,1695058132210,18,1108,13490
3,1695058132210,20,1098,13510
3,1695058132210,23,1102,13533
3,1695058132210,19,1098,13552
3,1695058132210,18,1106,13570
3,1695058132210,20,1102,13590
3,1695058132210,23,1102,13613
3,1695058132210,20,1110,13633
3,1695058132210,18,1108,13651
3,1695058132210,20,1108,13671
3,1695058132210,23,1118,13694
3,1695058132210,18,1118,13712
3,1695058132210,20,1114,13732
3,1695058132210,20,1114,13752
3,1695058132210,27,1118,13779
3,1695058132210,15,1118,13794
3,1695058132210,19,1130,13813
3,1695058132210,20,1126,13833
3,1695058132210,27,1118,13860
3,1695058132210,15,1126,13875
3,1695058132210,19,1134,13894
3,1695058132210,20,1134,13914
3,1695058132210,41,1130,13955
3,1695058132210,28,1134,13983
3,1695058132210,15,1134,13998
3,1695058132210,23,1126,14021
3,1695058132210,15,1134,14036
3,1695058132210,16,1130,14052
3,1695058132210,23,1130,14075
3,1695058132210,22,1130,14097
3,1695058132210,18,1130,14115
3,1695058132210,20,1118,14135
3,1695058132210,20,1118,14155
3,1695058132210,22,1118,14177
3,1695058132210,18,1130,14195
3,1695058132210,20,1116,14215
3,1695058132210,23,1118,14238
3,1695058132210,19,1118,14257
3,1695058132210,18,1110,14275
3,1695058132210,20,1114,14295
3,1695058132210,23,1116,14318
3,1695058132210,17,1114,14335
3,1695058132210,20,1108,14355
3,1695058132210,20,1102,14375
3,1695058132210,27,1110,14402
3,1695058132210,15,1110,14417
3,1695058132210,19,1118,14436
3,1695058132210,21,1118,14457
3,1695058132210,26,1118,14483
3,1695058132210,15,1118,14498
3,1695058132210,19,1130,14517
3,1695058132210,20,1134,14537
3,1695058132210,41,1134,14578
3,1695058132210,20,1150,14598
3,1695058132210,20,1140,14618
3,1695058132210,41,1148,14659
3,1695058132210,20,1162,14679
3,1695058132210,20,1150,14699
3,1695058132210,22,1150,14721
3,1695058132210,19,1162,14740
3,1695058132210,20,1150,14760
3,1695058132210,20,1162,14780
3,1695058132210,22,1166,14802
3,1695058132210,18,1172,14820
3,1695058132210,20,1178,14840
3,1695058132210,23,1166,14863
3,1695058132210,37,1172,14900
3,1695058132210,15,1150,14915
3,1695058132210,10,1166,14925
3,1695058132210,18,1150,14943
3,1695058132210,17,1162,14960
3,1695058132210,20,1172,14980
3,1695058132210,20,1166,15000
3,1695058132210,28,1164,15028
3,1695058132210,15,1166,15043
3,1695058132210,18,1162,15061
3,1695058132210,20,1150,15081
3,1695058132210,27,1166,15108
3,1695058132210,15,1150,15123
3,1695058132210,18,1150,15141
3,1695058132210,20,1146,15161
3,1695058132210,41,1150,15202
3,1695058132210,20,1146,15222
3,1695058132210,20,1150,15242
3,1695058132210,24,1142,15266
3,1695058132210,16,1150,15282
3,1695058132210,20,1150,15302
3,1695058132210,20,1162,15322
3,1695058132210,22,1182,15344
3,1695058132210,19,1174,15363
3,1695058132210,20,1174,15383
3,1695058132210,20,1174,15403
3,1695058132210,22,1182,15425
3,1695058132210,18,1182,15443
3,1695058132210,20,1190,15463
3,1695058132210,23,1198,15486
3,1695058132210,19,1182,15505
3,1695058132210,18,1190,15523
3,1695058132210,20,1198,15543
3,1695058132210,23,1194,15566
3,1695058132210,18,1198,15584
3,1695058132210,20,1198,15604
3,1695058132210,20,1198,15624
3,1695058132210,28,1206,15652
3,1695058132210,15,1190,15667
3,1695058132210,17,1198,15684
3,1695058132210,20,1198,15704
3,1695058132210,27,1206,15731
3,1695058132210,15,1206,15746
3,1695058132210,18,1210,15764
3,1695058132210,20,1206,15784
3,1695058132210,41,1198,15825
3,1695058132210,25,1198,15850
3,1695058132210,12,1210,15862
3,1695058132210,26,1210,15888
3,1695058132210,16,1198,15904
3,1695058132210,20,1194,15924
3,1695058132210,20,1198,15944
3,1695058132210,22,1198,15966
3,1695058132210,18,1206,15984
3,1695058132210,20,1194,16004
3,1695058132210,20,1190,16024
3,1695058132210,22,1198,16046
3,1695058132210,18,1190,16064
3,1695058132210,20,1198,16084
3,1695058132210,23,1198,16107
3,1695058132210,19,1198,16126
3,1695058132210,18,1190,16144
3,1695058132210,20,1206,16164
3,1695058132210,23,1206,16187
3,1695058132210,18,1206,16205
3,1695058132210,21,1214,16226
3,1695058132210,20,1226,16246
3,1695058132210,27,1226,16273
3,1695058132210,15,1230,16288
3,1695058132210,18,1238,16306
3,1695058132210,20,1230,16326
3,1695058132210,27,1238,16353
3,1695058132210,15,1238,16368
3,1695058132210,18,1242,16386
3,1695058132210,20,1242,16406
3,1695058132210,27,1242,16433
3,1695058132210,15,1236,16448
3,1695058132210,18,1244,16466
3,1695058132210,20,1246,16486
3,1695058132210,41,1246,16527
3,1695058132210,20,1254,16547
3,1695058132210,20,1238,16567
3,1695058132210,23,1246,16590
3,1695058132210,33,1246,16623
3,1695058132210,10,1258,16633
3,1695058132210,18,1246,16651
3,1695058132210,19,1246,16670
3,1695058132210,17,1262,16687
3,1695058132210,20,1246,16707
3,1695058132210,23,1246,16730
3,1695058132210,19,1238,16749
3,1695058132210,18,1246,16767
3,1695058132210,20,1238,16787
3,1695058132210,23,1242,16810
3,1695058132210,17,1246,16827
3,1695058132210,20,1238,16847
3,1695058132210,20,1230,16867
3,1695058132210,23,1242,16890
3,1695058132210,17,1238,16907
3,1695058132210,20,1236,16927
3,1695058132210,20,1230,16947
3,1695058132210,28,1238,16975
3,1695058132210,15,1230,16990
3,1695058132210,17,1238,17007
3,1695058132210,20,1230,17027
3,1695058132210,27,1242,17054
3,1695058132210,15,1246,17069
3,1695058132210,18,1246,17087
3,1695058132210,20,1258,17107
3,1695058132210,20,1260,17127
3,1695058132210,20,1262,17147
3,1695058132210,21,1262,17168
3,1695058132210,20,1262,17188
3,1695058132210,22,1262,17210
3,1695058132210,18,1262,17228
3,1695058132210,20,1270,17248
3,1695058132210,20,1270,17268
3,1695058132210,22,1278,17290
3,1695058132210,18,1262,17308
3,1695058132210,20,1270,17328
3,1695058132210,23,1262,17351
3,1695058132210,37,1278,17388
3,1695058132210,20,1262,17408
3,1695058132210,23,1278,17431
3,1695058132210,17,1278,17448
3,1695058132210,20,1258,17468
3,1695058132210,20,1258,17488
3,1695058132210,23,1270,17511
3,1695058132210,18,1258,17529
3,1695058132210,20,1258,17549
3,1695058132210,20,1262,17569
3,1695058132210,27,1262,17596
3,1695058132210,15,1258,17611
3,1695058132210,18,1258,17629
3,1695058132210,20,1246,17649
3,1695058132210,27,1246,17676
3,1695058132210,15,1236,17691
3,1695058132210,18,1246,17709
3,1695058132210,20,1246,17729
3,1695058132210,41,1238,17770
3,1695058132210,20,1238,17790
3,1695058132210,20,1230,17810
3,1695058132210,24,1238,17834
3,1695058132210,17,1236,17851
3,1695058132210,20,1246,17871
3,1695058132210,20,1242,17891
3,1695058132210,22,1238,17913
3,1695058132210,18,1242,17931
3,1695058132210,20,1246,17951
3,1695058132210,23,1246,17974
3,1695058132210,20,1260,17994
3,1695058132210,18,1246,18012
3,1695058132210,20,1258,18032
3,1695058132210,23,1262,18055
3,1695058132210,18,1246,18073
3,1695058132210,19,1262,18092
3,1695058132210,20,1262,18112
3,1695058132210,23,1246,18135
3,1695058132210,17,1270,18152
3,1695058132210,20,1246,18172
3,1695058132210,20,1258,18192
3,1695058132210,28,1258,18220
3,1695058132210,33,1254,18253
3,1695058132210,20,1262,18273
3,1695058132210,27,1246,18300
3,1695058132210,15,1258,18315
3,1695058132210,18,1258,18333
3,1695058132210,20,1262,18353
3,1695058132210,41,1246,18394
3,1695058132210,20,1246,18414
3,1695058132210,20,1246,18434
3,1695058132210,23,1238,18457
3,1695058132210,17,1238,18474
3,1695058132210,20,1236,18494
3,1695058132210,20,1236,18514
3,1695058132210,22,1230,18536
3,1695058132210,18,1214,18554
3,1695058132210,20,1226,18574
3,1695058132210,23,1214,18597
3,1695058132210,20,1214,18617
3,1695058132210,18,1214,18635
3,1695058132210,20,1214,18655
3,1695058132210,24,1206,18679
3,1695058132210,17,1206,18696
3,1695058132210,20,1212,18716
3,1695058132210,20,1214,18736
3,1695058132210,23,1210,18759
3,1695058132210,18,1214,18777
3,1695058132210,20,1214,18797
3,1695058132210,20,1214,18817
3,1695058132210,27,1210,18844
3,1695058132210,15,1214,18859
3,1695058132210,18,1214,18877
3,1695058132210,20,1226,18897
3,1695058132210,27,1214,18924
3,1695058132210,15,1214,18939
3,1695058132210,18,1214,18957
3,1695058132210,21,1214,18978
3,1695058132210,40,1214,19018
3,1695058132210,20,1214,19038
3,1695058132210,20,1214,19058
3,1695058132210,23,1214,19081
3,1695058132210,17,1214,19098
3,1695058132210,20,1214,19118
3,1695058132210,21,1214,19139
3,1695058132210,41,1214,19180
3,1695058132210,20,1210,19200
3,1695058132210,22,1214,19222
3,1695058132210,18,1210,19240
3,1695058132210,20,1206,19260
3,1695058132210,20,1198,19280
3,1695058132210,23,1204,19303
3,1695058132210,20,1198,19323
3,1695058132210,18,1196,19341
3,1695058132210,20,1194,19361
3,1695058132210,23,1198,19384
3,1695058132210,18,1190,19402
3,1695058132210,20,1182,19422
3,1695058132210,20,1194,19442
3,1695058132210,27,1182,19469
3,1695058132210,15,1174,19484
3,1695058132210,18,1174,19502
3,1695058132210,20,1178,19522
3,1695058132210,27,1166,19549
3,1695058132210,15,1162,19564
3,1695058132210,18,1166,19582
3,1695058132210,20,1172,19602
3,1695058132210,41,1162,19643
3,1695058132210,20,1174,19663
3,1695058132210,20,1174,19683
3,1695058132210,24,1174,19707
3,1695058132210,16,1172,19723
3,1695058132210,20,1174,19743
3,1695058132210,20,1174,19763
3,1695058132210,22,1182,19785
3,1695058132210,18,1172,19803
3,1695058132210,20,1178,19823
3,1695058132210,20,1182,19843
3,1695058132210,22,1178,19865
3,1695058132210,18,1174,19883
3,1695058132210,20,1182,19903
3,1695058132210,23,1190,19926
3,1695058132210,20,1182,19946
3,1695058132210,18,1182,19964
3,1695058132210,20,1174,19984
3,1695058132210,23,1178,20007
3,1695058132210,17,1182,20024
3,1695058132210,20,1180,20044
3,1695058132210,20,1188,20064
3,1695058132210,28,1182,20092
3,1695058132210,15,1174,20107
3,1695058132210,17,1166,20124
3,1695058132210,21,1166,20145
3,1695058132210,40,1174,20185
3,1695058132210,20,1150,20205
3,1695058132210,20,1162,20225
3,1695058132210,41,1150,20266
3,1695058132210,20,1150,20286
3,1695058132210,20,1150,20306
3,1695058132210,24,1142,20330
3,1695058132210,16,1134,20346
3,1695058132210,20,1142,20366
3,1695058132210,20,1134,20386
3,1695058132210,22,1140,20408
3,1695058132210,18,1130,20426
3,1695058132210,20,1142,20446
3,1695058132210,20,1126,20466
3,1695058132210,22,1130,20488
3,1695058132210,18,1134,20506
3,1695058132210,20,1132,20526
3,1695058132210,23,1142,20549
3,1695058132210,20,1142,20569
3,1695058132210,18,1142,20587
3,1695058132210,20,1134,20607
3,1695058132210,23,1142,20630
3,1695058132210,17,1130,20647
3,1695058132210,20,1142,20667
3,1695058132210,20,1150,20687
3,1695058132210,27,1142,20714
3,1695058132210,15,1142,20729
3,1695058132210,18,1148,20747
3,1695058132210,20,1150,20767
3,1695058132210,27,1150,20794
3,1695058132210,15,1150,20809
3,1695058132210,18,1142,20827
3,1695058132210,20,1150,20847
3,1695058132210,41,1142,20888
3,1695058132210,20,1150,20908
3,1695058132210,20,1162,20928
3,1695058132210,41,1146,20969
3,1695058132210,20,1142,20989
3,1695058132210,20,1150,21009
3,1695058132210,23,1162,21032
3,1695058132210,34,1146,21066
3,1695058132210,24,1142,21090
3,1695058132210,22,1142,21112
3,1695058132210,18,1142,21130
3,1695058132210,20,1134,21150
3,1695058132210,23,1134,21173
3,1695058132210,20,1118,21193
3,1695058132210,18,1134,21211
3,1695058132210,20,1118,21231
3,1695058132210,21,1118,21252
3,1695058132210,19,1126,21271
3,1695058132210,20,1130,21291
3,1695058132210,20,1118,21311
3,1695058132210,27,1118,21338
3,1695058132210,15,1114,21353
3,1695058132210,18,1114,21371
3,1695058132210,20,1118,21391
3,1695058132210,28,1118,21419
3,1695058132210,15,1126,21434
3,1695058132210,17,1134,21451
3,1695058132210,20,1130,21471
3,1695058132210,27,1130,21498
3,1695058132210,15,1134,21513
3,1695058132210,18,1150,21531
3,1695058132210,20,1142,21551
3,1695058132210,41,1142,21592
3,1695058132210,20,1142,21612
3,1695058132210,20,1150,21632
3,1695058132210,22,1146,21654
3,1695058132210,18,1162,21672
3,1695058132210,21,1142,21693
3,1695058132210,20,1150,21713
3,1695058132210,22,1164,21735
3,1695058132210,18,1162,21753
3,1695058132210,21,1158,21774
3,1695058132210,22,1162,21796
3,1695058132210,20,1174,21816
3,1695058132210,18,1182,21834
3,1695058132210,20,1150,21854
3,1695058132210,23,1150,21877
3,1695058132210,18,1162,21895
3,1695058132210,34,1150,21929
3,1695058132210,10,1150,21939
3,1695058132210,19,1150,21958
3,1695058132210,17,1150,21975
3,1695058132210,20,1150,21995
3,1695058132210,20,1150,22015
3,1695058132210,27,1150,22042
3,1695058132210,16,1150,22058
3,1695058132210,18,1142,22076
3,1695058132210,20,1142,22096
3,1695058132210,27,1134,22123
3,1695058132210,16,1146,22139
3,1695058132210,18,1134,22157
3,1695058132210,20,1134,22177
3,1695058132210,41,1142,22218
3,1695058132210,20,1142,22238
3,1695058132210,20,1134,22258
3,1695058132210,22,1142,22280
3,1695058132210,18,1150,22298
3,1695058132210,20,1150,22318
3,1695058132210,20,1150,22338
3,1695058132210,22,1142,22360
3,1695058132210,18,1142,22378
3,1695058132210,20,1150,22398
3,1695058132210,23,1164,22421
3,1695058132210,20,1162,22441
3,1695058132210,18,1166,22459
3,1695058132210,20,1166,22479
3,1695058132210,23,1166,22502
3,1695058132210,18,1162,22520
3,1695058132210,20,1166,22540
3,1695058132210,20,1162,22560
3,1695058132210,23,1174,22583
3,1695058132210,17,1174,22600
3,1695058132210,20,1172,22620
3,1695058132210,20,1174,22640
3,1695058132210,27,1182,22667
3,1695058132210,16,1174,22683
3,1695058132210,18,1182,22701
3,1695058132210,20,1178,22721
3,1695058132210,27,1174,22748
3,1695058132210,16,1174,22764
3,1695058132210,18,1164,22782
3,1695058132210,21,1170,22803
3,1695058132210,40,1162,22843
3,1695058132210,20,1162,22863
3,1695058132210,20,1150,22883
3,1695058132210,23,1162,22906
3,1695058132210,17,1150,22923
3,1695058132210,20,1166,22943
3,1695058132210,20,1150,22963
3,1695058132210,23,1150,22986
3,1695058132210,18,1142,23004
3,1695058132210,20,1150,23024
3,1695058132210,23,1142,23047
3,1695058132210,20,1134,23067
3,1695058132210,18,1134,23085
3,1695058132210,20,1134,23105
3,1695058132210,23,1146,23128
3,1695058132210,17,1142,23145
3,1695058132210,20,1146,23165
3,1695058132210,20,1146,23185
3,1695058132210,24,1158,23209
3,1695058132210,17,1162,23226
3,1695058132210,20,1150,23246
3,1695058132210,20,1170,23266
3,1695058132210,27,1166,23293
3,1695058132210,16,1174,23309
3,1695058132210,18,1172,23327
3,1695058132210,20,1174,23347
3,1695058132210,21,1174,23368
3,1695058132210,19,1190,23387
3,1695058132210,20,1174,23407
3,1695058132210,20,1182,23427
3,1695058132210,41,1174,23468
3,1695058132210,20,1182,23488
3,1695058132210,21,1196,23509
3,1695058132210,23,1194,23532
3,1695058132210,17,1194,23549
3,1695058132210,20,1194,23569
3,1695058132210,20,1194,23589
3,1695058132210,23,1196,23612
3,1695058132210,19,1190,23631
3,1695058132210,34,1190,23665
3,1695058132210,13,1198,23678
3,1695058132210,16,1194,23694
3,1695058132210,17,1188,23711
3,1695058132210,20,1190,23731
3,1695058132210,23,1194,23754
3,1695058132210,17,1182,23771
3,1695058132210,20,1194,23791
3,1695058132210,20,1182,23811
3,1695058132210,23,1182,23834
3,1695058132210,18,1182,23852
3,1695058132210,20,1190,23872
3,1695058132210,20,1178,23892
3,1695058132210,27,1182,23919
3,1695058132210,16,1166,23935
3,1695058132210,18,1182,23953
3,1695058132210,20,1182,23973
3,1695058132210,27,1174,24000
3,1695058132210,16,1182,24016
3,1695058132210,17,1188,24033
3,1695058132210,20,1194,24053
3,1695058132210,41,1194,24094
3,1695058132210,20,1198,24114
3,1695058132210,20,1206,24134
3,1695058132210,24,1214,24158
3,1695058132210,17,1206,24175
3,1695058132210,20,1210,24195
3,1695058132210,20,1214,24215
3,1695058132210,23,1210,24238
3,1695058132210,18,1214,24256
3,1695058132210,20,1214,24276
3,1695058132210,24,1230,24300
3,1695058132210,20,1210,24320
3,1695058132210,17,1226,24337
3,1695058132210,20,1226,24357
3,1695058132210,23,1214,24380
3,1695058132210,20,1226,24400
3,1695058132210,18,1230,24418
3,1695058132210,20,1226,24438
3,1695058132210,23,1238,24461
3,1695058132210,18,1222,24479
3,1695058132210,20,1226,24499
3,1695058132210,21,1238,24520
3,1695058132210,41,1230,24561
3,1695058132210,19,1230,24580
3,1695058132210,20,1228,24600
3,1695058132210,27,1214,24627
3,1695058132210,16,1226,24643
3,1695058132210,18,1214,24661
3,1695058132210,20,1210,24681
3,1695058132210,41,1206,24722
3,1695058132210,20,1206,24742
3,1695058132210,20,1214,24762
3,1695058132210,24,1198,24786
3,1695058132210,16,1194,24802
3,1695058132210,20,1206,24822
3,1695058132210,20,1198,24842
3,1695058132210,23,1206,24865
3,1695058132210,18,1198,24883
3,1695058132210,20,1206,24903
3,1695058132210,20,1206,24923
3,1695058132210,23,1210,24946
3,1695058132210,18,1214,24964
3,1695058132210,20,1214,24984
3,1695058132210,23,1206,25007
3,1695058132210,20,1226,25027
3,1695058132210,18,1214,25045
3,1695058132210,20,1214,25065
3,1695058132210,23,1226,25088
3,1695058132210,18,1228,25106
3,1695058132210,20,1226,25126
3,1695058132210,20,1226,25146
3,1695058132210,27,1228,25173
3,1695058132210,16,1236,25189
3,1695058132210,18,1230,25207
3,1695058132210,20,1236,25227
3,1695058132210,27,1226,25254
3,1695058132210,16,1230,25270
3,1695058132210,18,1238,25288
3,1695058132210,20,1226,25308
3,1695058132210,41,1238,25349
3,1695058132210,20,1230,25369
3,1695058132210,20,1226,25389
3,1695058132210,25,1238,25414
3,1695058132210,34,1214,25448
3,1695058132210,22,1214,25470
3,1695058132210,23,1214,25493
3,1695058132210,17,1214,25510
3,1695058132210,20,1210,25530
3,1695058132210,20,1214,25550
3,1695058132210,23,1206,25573
3,1695058132210,18,1214,25591
3,1695058132210,20,1206,25611
3,1695058132210,23,1206,25634
3,1695058132210,20,1206,25654
3,1695058132210,18,1194,25672
3,1695058132210,20,1206,25692
3,1695058132210,23,1194,25715
3,1695058132210,18,1206,25733
3,1695058132210,20,1198,25753
3,1695058132210,20,1206,25773
3,1695058132210,23,1206,25796
3,1695058132210,17,1196,25813
3,1695058132210,20,1206,25833
3,1695058132210,20,1206,25853
3,1695058132210,27,1206,25880
3,1695058132210,16,1206,25896
3,1695058132210,18,1212,25914
3,1695058132210,20,1210,25934
3,1695058132210,28,1206,25962
3,1695058132210,16,1198,25978
3,1695058132210,17,1206,25995
3,1695058132210,20,1210,26015
3,1695058132210,41,1214,26056
3,1695058132210,20,1198,26076
3,1695058132210,20,1206,26096
3,1695058132210,23,1206,26119
3,1695058132210,18,1214,26137
3,1695058132210,20,1206,26157
3,1695058132210,20,1206,26177
3,1695058132210,23,1210,26200
3,1695058132210,18,1206,26218
3,1695058132210,21,1206,26239
3,1695058132210,22,1198,26261
3,1695058132210,20,1206,26281
3,1695058132210,17,1190,26298
3,1695058132210,20,1198,26318
3,1695058132210,24,1198,26342
3,1695058132210,34,1196,26376
3,1695058132210,23,1190,26399
3,1695058132210,23,1182,26422
3,1695058132210,17,1194,26439
3,1695058132210,20,1188,26459
3,1695058132210,20,1172,26479
3,1695058132210,27,1172,26506
3,1695058132210,16,1174,26522
3,1695058132210,18,1172,26540
3,1695058132210,20,1174,26560
3,1695058132210,28,1166,26588
3,1695058132210,16,1190,26604
3,1695058132210,16,1182,26620
3,1695058132210,20,1174,26640
3,1695058132210,41,1182,26681
3,1695058132210,20,1182,26701
3,1695058132210,20,1178,26721
3,1695058132210,23,1174,26744
3,1695058132210,17,1174,26761
3,1695058132210,20,1182,26781
3,1695058132210,20,1174,26801
3,1695058132210,23,1190,26824
3,1695058132210,17,1178,26841
3,1695058132210,20,1178,26861
3,1695058132210,23,1170,26884
3,1695058132210,20,1174,26904
3,1695058132210,17,1178,26921
3,1695058132210,20,1182,26941
3,1695058132210,23,1174,26964
3,1695058132210,17,1166,26981
3,1695058132210,20,1172,27001
3,1695058132210,20,1174,27021
3,1695058132210,23,1172,27044
3,1695058132210,18,1174,27062
3,1695058132210,20,1166,27082
3,1695058132210,20,1162,27102
3,1695058132210,28,1150,27130
3,1695058132210,34,1162,27164
3,1695058132210,19,1150,27183
3,1695058132210,28,1142,27211
3,1695058132210,16,1150,27227
3,1695058132210,17,1142,27244
3,1695058132210,20,1130,27264
3,1695058132210,41,1134,27305
3,1695058132210,20,1118,27325
3,1695058132210,20,1130,27345
3,1695058132210,20,1118,27365
3,1695058132210,20,1118,27385
3,1695058132210,20,1118,27405
3,1695058132210,20,1118,27425
3,1695058132210,23,1118,27448
3,1695058132210,17,1118,27465
3,1695058132210,20,1130,27485
3,1695058132210,23,1118,27508
3,1695058132210,20,1130,27528
3,1695058132210,17,1118,27545
3,1695058132210,20,1130,27565
3,1695058132210,23,1134,27588
3,1695058132210,17,1134,27605
3,1695058132210,20,1130,27625
3,1695058132210,20,1130,27645
3,1695058132210,23,1130,27668
3,1695058132210,18,1134,27686
3,1695058132210,21,1134,27707
3,1695058132210,20,1130,27727
3,1695058132210,28,1134,27755
3,1695058132210,16,1134,27771
3,1695058132210,17,1134,27788
3,1695058132210,20,1134,27808
3,1695058132210,27,1134,27835
3,1695058132210,16,1118,27851
3,1695058132210,18,1130,27869
3,1695058132210,20,1134,27889
3,1695058132210,41,1130,27930
3,1695058132210,20,1118,27950
3,1695058132210,20,1110,27970
3,1695058132210,24,1114,27994
3,1695058132210,17,1114,28011
3,1695058132210,20,1110,28031
3,1695058132210,21,1130,28052
3,1695058132210,24,1110,28076
3,1695058132210,36,1110,28112
3,1695058132210,23,1102,28135
3,1695058132210,20,1094,28155
3,1695058132210,17,1102,28172
3,1695058132210,20,1098,28192
3,1695058132210,23,1086,28215
3,1695058132210,20,1098,28235
3,1695058132210,17,1094,28252
3,1695058132210,20,1086,28272
3,1695058132210,23,1086,28295
3,1695058132210,17,1098,28312
3,1695058132210,20,1086,28332
3,1695058132210,20,1098,28352
3,1695058132210,27,1098,28379
3,1695058132210,16,1108,28395
3,1695058132210,18,1110,28413
3,1695058132210,20,1114,28433
3,1695058132210,27,1110,28460
3,1695058132210,16,1110,28476
3,1695058132210,17,1110,28493
3,1695058132210,20,1118,28513
3,1695058132210,41,1114,28554
3,1695058132210,20,1118,28574
3,1695058132210,20,1118,28594
3,1695058132210,24,1132,28618
3,1695058132210,16,1118,28634
3,1695058132210,20,1130,28654
3,1695058132210,20,1130,28674
3,1695058132210,23,1130,28697
3,1695058132210,17,1118,28714
3,1695058132210,20,1118,28734
3,1695058132210,20,1118,28754
3,1695058132210,23,1118,28777
3,1695058132210,17,1140,28794
3,1695058132210,21,1118,28815
3,1695058132210,22,1118,28837
3,1695058132210,20,1114,28857
3,1695058132210,17,1110,28874
3,1695058132210,21,1118,28895
3,1695058132210,41,1126,28936
3,1695058132210,20,1110,28956
3,1695058132210,20,1106,28976
3,1695058132210,27,1098,29003
3,1695058132210,16,1110,29019
3,1695058132210,18,1102,29037
3,1695058132210,20,1110,29057
3,1695058132210,27,1096,29084
3,1695058132210,16,1094,29100
3,1695058132210,17,1082,29117
3,1695058132210,20,1086,29137
3,1695058132210,28,1086,29165
3,1695058132210,16,1086,29181
3,1695058132210,37,1098,29218
3,1695058132210,41,1102,29259
3,1695058132210,20,1102,29279
3,1695058132210,20,1108,29299
3,1695058132210,23,1114,29322
3,1695058132210,17,1110,29339
3,1695058132210,20,1118,29359
3,1695058132210,20,1110,29379
3,1695058132210,20,1110,29399
3,1695058132210,20,1110,29419
3,1695058132210,20,1118,29439
3,1695058132210,23,1108,29462
3,1695058132210,20,1116,29482
3,1695058132210,17,1110,29499
3,1695058132210,20,1118,29519
3,1695058132210,23,1134,29542
3,1695058132210,18,1126,29560
3,1695058132210,20,1110,29580
3,1695058132210,20,1130,29600
3,1695058132210,23,1118,29623
3,1695058132210,35,1118,29658
3,1695058132210,23,1114,29681
3,1695058132210,27,1118,29708
3,1695058132210,16,1110,29724
3,1695058132210,17,1110,29741
3,1695058132210,20,1106,29761
3,1695058132210,28,1110,29789
3,1695058132210,16,1110,29805
3,1695058132210,17,1110,29822
3,1695058132210,20,1108,29842
3,1695058132210,41,1108,29883
3,1695058132210,20,1098,29903
3,1695058132210,20,1102,29923
3,1695058132210,23,1108,29946
3,1695058132210,17,1102,29963
3,1695058132210,20,1102,29983
3,1695058132210,20,1098,30003
3,1695058132210,23,1098,30026
3,1695058132210,17,1102,30043
3,1695058132210,20,1110,30063
3,1695058132210,23,1118,30086
3,1695058132210,20,1102,30106
3,1695058132210,17,1110,30123
3,1695058132210,20,1110,30143
3,1695058132210,24,1110,30167
3,1695058132210,16,1118,30183
3,1695058132210,20,1126,30203
3,1695058132210,20,1130,30223
3,1695058132210,23,1110,30246
3,1695058132210,18,1114,30264
3,1695058132210,20,1118,30284
3,1695058132210,20,1118,30304
3,1695058132210,27,1118,30331
3,1695058132210,17,1118,30348
3,1695058132210,17,1118,30365
3,1695058132210,20,1130,30385
3,1695058132210,27,1126,30412
3,1695058132210,17,1130,30429
3,1695058132210,17,1118,30446
3,1695058132210,20,1118,30466
3,1695058132210,41,1130,30507
3,1695058132210,35,1118,30542
3,1695058132210,20,1118,30562
3,1695058132210,21,1118,30583
3,1695058132210,11,1118,30594
3,1695058132210,17,1110,30611
3,1695058132210,38,1102,30649
3,1695058132210,20,1102,30669
3,1695058132210,20,1108,30689
3,1695058132210,23,1102,30712
3,1695058132210,21,1110,30733
3,1695058132210,17,1094,30750
3,1695058132210,21,1108,30771
3,1695058132210,22,1114,30793
3,1695058132210,17,1102,30810
3,1695058132210,20,1106,30830
3,1695058132210,20,1118,30850
3,1695058132210,23,1118,30873
3,1695058132210,18,1126,30891
3,1695058132210,20,1130,30911
3,1695058132210,20,1134,30931
3,1695058132210,27,1118,30958
3,1695058132210,17,1142,30975
3,1695058132210,17,1134,30992
3,1695058132210,20,1134,31012
3,1695058132210,27,1146,31039
3,1695058132210,17,1142,31056
3,1695058132210,17,1134,31073
3,1695058132210,20,1142,31093
3,1695058132210,41,1150,31134
3,1695058132210,20,1146,31154
3,1695058132210,20,1142,31174
3,1695058132210,24,1150,31198
3,1695058132210,37,1150,31235
3,1695058132210,20,1150,31255
3,1695058132210,24,1150,31279
3,1695058132210,17,1142,31296
3,1695058132210,20,1150,31316
3,1695058132210,24,1150,31340
3,1695058132210,21,1162,31361
3,1695058132210,37,1142,31398
3,1695058132210,21,1150,31419
3,1695058132210,19,1150,31438
3,1695058132210,20,1140,31458
3,1695058132210,21,1134,31479
3,1695058132210,42,1134,31521
3,1695058132210,18,1130,31539
3,1695058132210,20,1130,31559
3,1695058132210,27,1134,31586
3,1695058132210,17,1142,31603
3,1695058132210,17,1130,31620
3,1695058132210,20,1150,31640
3,1695058132210,27,1146,31667
3,1695058132210,17,1150,31684
3,1695058132210,17,1166,31701
3,1695058132210,20,1170,31721
3,1695058132210,41,1174,31762
3,1695058132210,21,1182,31783
3,1695058132210,20,1178,31803
3,1695058132210,24,1190,31827
3,1695058132210,37,1198,31864
3,1695058132210,20,1194,31884
3,1695058132210,24,1198,31908
3,1695058132210,17,1198,31925
3,1695058132210,20,1198,31945
3,1695058132210,20,1210,31965
3,1695058132210,24,1210,31989
3,1695058132210,17,1210,32006
3,1695058132210,20,1214,32026
3,1695058132210,23,1214,32049
3,1695058132210,21,1206,32070
3,1695058132210,17,1214,32087
3,1695058132210,20,1214,32107
3,1695058132210,23,1214,32130
3,1695058132210,18,1214,32148
3,1695058132210,20,1214,32168
3,1695058132210,20,1210,32188
3,1695058132210,27,1228,32215
3,1695058132210,17,1214,32232
3,1695058132210,17,1214,32249
3,1695058132210,20,1206,32269
3,1695058132210,27,1214,32296
3,1695058132210,17,1214,32313
3,1695058132210,17,1206,32330
3,1695058132210,38,1214,32368
3,1695058132210,21,1206,32389
3,1695058132210,17,1214,32406
3,1695058132210,12,1212,32418
3,1695058132210,17,1214,32435
3,1695058132210,38,1238,32473
3,1695058132210,20,1242,32493
3,1695058132210,20,1262,32513
3,1695058132210,25,1260,32538
3,1695058132210,17,1262,32555
3,1695058132210,19,1278,32574
3,1695058132210,21,1278,32595
3,1695058132210,23,1278,32618
3,1695058132210,37,1294,32655
3,1695058132210,23,1302,32678
3,1695058132210,21,1302,32699
3,1695058132210,17,1310,32716
3,1695058132210,20,1302,32736
3,1695058132210,23,1310,32759
3,1695058132210,17,1302,32776
3,1695058132210,20,1322,32796
3,1695058132210,20,1326,32816
3,1695058132210,23,1326,32839
3,1695058132210,17,1326,32856
3,1695058132210,20,1326,32876
3,1695058132210,20,1322,32896
3,1695058132210,28,1326,32924
3,1695058132210,17,1322,32941
3,1695058132210,37,1326,32978
3,1695058132210,42,1334,33020
3,1695058132210,19,1340,33039
3,1695058132210,20,1334,33059
3,1695058132210,41,1322,33100
3,1695058132210,20,1326,33120
3,1695058132210,20,1318,33140
3,1695058132210,24,1326,33164
3,1695058132210,37,1324,33201
3,1695058132210,20,1322,33221
3,1695058132210,24,1338,33245
3,1695058132210,38,1354,33283
3,1695058132210,23,1358,33306
3,1695058132210,21,1374,33327
3,1695058132210,37,1390,33364
3,1695058132210,23,1390,33387
3,1695058132210,17,1398,33404
3,1695058132210,20,1390,33424
3,1695058132210,20,1406,33444
3,1695058132210,21,1406,33465
3,1695058132210,19,1422,33484
3,1695058132210,21,1406,33505
3,1695058132210,20,1422,33525
3,1695058132210,27,1428,33552
3,1695058132210,17,1438,33569
3,1695058132210,17,1434,33586
3,1695058132210,20,1438,33606
3,1695058132210,27,1438,33633
3,1695058132210,17,1450,33650
3,1695058132210,37,1438,33687
3,1695058132210,41,1438,33728
3,1695058132210,20,1454,33748
3,1695058132210,20,1454,33768
3,1695058132210,24,1434,33792
3,1695058132210,37,1446,33829
3,1695058132210,20,1450,33849
3,1695058132210,41,1438,33890
3,1695058132210,21,1446,33911
3,1695058132210,42,1446,33953
3,1695058132210,18,1450,33971
3,1695058132210,20,1438,33991
3,1695058132210,23,1454,34014
3,1695058132210,18,1446,34032
3,1695058132210,20,1452,34052
3,1695058132210,20,1466,34072
3,1695058132210,23,1470,34095
3,1695058132210,17,1466,34112
3,1695058132210,20,1486,34132
3,1695058132210,20,1494,34152
3,1695058132210,27,1494,34179
3,1695058132210,17,1502,34196
3,1695058132210,17,1502,34213
3,1695058132210,20,1518,34233
3,1695058132210,27,1518,34260
3,1695058132210,17,1518,34277
3,1695058132210,17,1502,34294
3,1695058132210,20,1518,34314
3,1695058132210,41,1534,34355
3,1695058132210,20,1534,34375
3,1695058132210,20,1534,34395
3,1695058132210,24,1534,34419
3,1695058132210,17,1534,34436
3,1695058132210,19,1534,34455
3,1695058132210,20,1534,34475
3,1695058132210,24,1558,34499
3,1695058132210,37,1534,34536
3,1695058132210,23,1534,34559
3,1695058132210,21,1534,34580
3,1695058132210,37,1534,34617
3,1695058132210,23,1534,34640
3,1695058132210,17,1534,34657
3,1695058132210,20,1534,34677
3,1695058132210,20,1534,34697
3,1695058132210,23,1534,34720
3,1695058132210,35,1534,34755
3,1695058132210,23,1558,34778
3,1695058132210,27,1534,34805
3,1695058132210,17,1558,34822
3,1695058132210,37,1566,34859
3,1695058132210,27,1566,34886
3,1695058132210,17,1582,34903
3,1695058132210,37,1590,34940
3,1695058132210,41,1610,34981
3,1695058132210,20,1620,35001
3,1695058132210,20,1626,35021
3,1695058132210,41,1630,35062
3,1695058132210,20,1646,35082
3,1695058132210,20,1646,35102
3,1695058132210,24,1646,35126
3,1695058132210,37,1662,35163
3,1695058132210,23,1662,35186
3,1695058132210,21,1662,35207
3,1695058132210,37,1662,35244
3,1695058132210,23,1662,35267
3,1695058132210,21,1662,35288
3,1695058132210,38,1678,35326
3,1695058132210,22,1678,35348
3,1695058132210,17,1678,35365
3,1695058132210,20,1678,35385
3,1695058132210,20,1662,35405
3,1695058132210,23,1662,35428
3,1695058132210,17,1662,35445
3,1695058132210,20,1654,35465
3,1695058132210,20,1674,35485
3,1695058132210,27,1674,35512
3,1695058132210,17,1654,35529
3,1695058132210,37,1662,35566
3,1695058132210,28,1646,35594
3,1695058132210,35,1654,35629
3,1695058132210,18,1646,35647
3,1695058132210,20,1646,35667
3,1695058132210,20,1658,35687
3,1695058132210,20,1658,35707
3,1695058132210,20,1662,35727
3,1695058132210,24,1678,35751
3,1695058132210,37,1694,35788
3,1695058132210,20,1710,35808
3,1695058132210,24,1706,35832
3,1695058132210,37,1724,35869
3,1695058132210,23,1726,35892
3,1695058132210,21,1726,35913
3,1695058132210,37,1726,35950
3,1695058132210,23,1750,35973
3,1695058132210,17,1742,35990
3,1695058132210,20,1742,36010
3,1695058132210,20,1742,36030
3,1695058132210,23,1750,36053
3,1695058132210,17,1750,36070
3,1695058132210,20,1754,36090
3,1695058132210,20,1750,36110
3,1695058132210,27,1750,36137
3,1695058132210,17,1750,36154
3,1695058132210,37,1750,36191
3,1695058132210,28,1750,36219
3,1695058132210,17,1756,36236
3,1695058132210,17,1750,36253
3,1695058132210,19,1754,36272
3,1695058132210,41,1726,36313
3,1695058132210,20,1754,36333
3,1695058132210,20,1742,36353
3,1695058132210,24,1742,36377
3,1695058132210,35,1742,36412
3,1695058132210,21,1726,36433
3,1695058132210,24,1726,36457
3,1695058132210,37,1726,36494
3,1695058132210,23,1726,36517
3,1695058132210,21,1726,36538
3,1695058132210,37,1726,36575
3,1695058132210,23,1726,36598
3,1695058132210,17,1748,36615
3,1695058132210,20,1750,36635
3,1695058132210,20,1770,36655
3,1695058132210,23,1770,36678
3,1695058132210,17,1774,36695
3,1695058132210,20,1782,36715
3,1695058132210,20,1782,36735
3,1695058132210,33,1782,36768
3,1695058132210,12,1782,36780
3,1695058132210,17,1790,36797
3,1695058132210,19,1790,36816
3,1695058132210,41,1790,36857
3,1695058132210,16,1790,36873
3,1695058132210,24,1790,36897
3,1695058132210,41,1790,36938
3,1695058132210,20,1790,36958
3,1695058132210,20,1790,36978
3,1695058132210,24,1790,37002
3,1695058132210,37,1790,37039
3,1695058132210,20,1790,37059
3,1695058132210,24,1790,37083
3,1695058132210,37,1790,37120
3,1695058132210,23,1790,37143
3,1695058132210,21,1782,37164
3,1695058132210,37,1782,37201
3,1695058132210,23,1786,37224
3,1695058132210,37,1774,37261
3,1695058132210,20,1774,37281
3,1695058132210,24,1758,37305
3,1695058132210,37,1758,37342
3,1695058132210,20,1758,37362
3,1695058132210,27,1770,37389
3,1695058132210,17,1770,37406
3,1695058132210,37,1790,37443
3,1695058132210,27,1790,37470
3,1695058132210,17,1790,37487
3,1695058132210,37,1814,37524
3,1695058132210,41,1814,37565
3,1695058132210,20,1814,37585
3,1695058132210,20,1814,37605
3,1695058132210,20,1814,37625
3,1695058132210,20,1814,37645
3,1695058132210,20,1806,37665
3,1695058132210,20,1814,37685
3,1695058132210,24,1822,37709
3,1695058132210,37,1822,37746
3,1695058132210,23,1822,37769
3,1695058132210,21,1814,37790
3,1695058132210,37,1822,37827
3,1695058132210,23,1814,37850
3,1695058132210,17,1814,37867
3,1695058132210,20,1814,37887
3,1695058132210,20,1814,37907
3,1695058132210,23,1810,37930
3,1695058132210,17,1790,37947
3,1695058132210,20,1790,37967
3,1695058132210,20,1790,37987
3,1695058132210,27,1790,38014
3,1695058132210,17,1790,38031
3,1695058132210,17,1782,38048
3,1695058132210,20,1790,38068
3,1695058132210,42,1790,38110
3,1695058132210,18,1774,38128
3,1695058132210,20,1774,38148
3,1695058132210,41,1770,38189
3,1695058132210,20,1774,38209
3,1695058132210,20,1774,38229
3,1695058132210,41,1790,38270
3,1695058132210,20,1790,38290
3,1695058132210,20,1790,38310
3,1695058132210,41,1790,38351
3,1695058132210,20,1812,38371
3,1695058132210,23,1822,38394
3,1695058132210,21,1822,38415
3,1695058132210,37,1830,38452
3,1695058132210,23,1822,38475
3,1695058132210,21,1822,38496
3,1695058132210,37,1822,38533
3,1695058132210,23,1822,38556
3,1695058132210,17,1822,38573
3,1695058132210,20,1830,38593
3,1695058132210,20,1822,38613
3,1695058132210,23,1836,38636
3,1695058132210,17,1822,38653
3,1695058132210,20,1830,38673
3,1695058132210,20,1822,38693
3,1695058132210,27,1822,38720
3,1695058132210,17,1814,38737
3,1695058132210,37,1814,38774
3,1695058132210,27,1806,38801
3,1695058132210,17,1790,38818
3,1695058132210,37,1790,38855
3,1695058132210,41,1782,38896
3,1695058132210,21,1774,38917
3,1695058132210,42,1770,38959
3,1695058132210,18,1770,38977
3,1695058132210,20,1758,38997
3,1695058132210,20,1758,39017
3,1695058132210,24,1758,39041
3,1695058132210,37,1758,39078
3,1695058132210,23,1758,39101
3,1695058132210,21,1774,39122
3,1695058132210,37,1782,39159
3,1695058132210,23,1790,39182
3,1695058132210,18,1790,39200
3,1695058132210,20,1782,39220
3,1695058132210,20,1790,39240
3,1695058132210,23,1790,39263
3,1695058132210,18,1790,39281
3,1695058132210,20,1790,39301
3,1695058132210,20,1790,39321
3,1695058132210,27,1786,39348
3,1695058132210,17,1774,39365
3,1695058132210,37,1790,39402
3,1695058132210,27,1786,39429
3,1695058132210,17,1782,39446
3,1695058132210,37,1774,39483
3,1695058132210,41,1782,39524
3,1695058132210,20,1774,39544
3,1695058132210,20,1770,39564
3,1695058132210,24,1758,39588
3,1695058132210,38,1758,39626
3,1695058132210,20,1758,39646
3,1695058132210,20,1750,39666
3,1695058132210,20,1742,39686
3,1695058132210,20,1742,39706
3,1695058132210,23,1742,39729
3,1695058132210,22,1726,39751
3,1695058132210,36,1726,39787
3,1695058132210,23,1724,39810
3,1695058132210,18,1710,39828
3,1695058132210,20,1706,39848
3,1695058132210,21,1702,39869
3,1695058132210,23,1722,39892
3,1695058132210,17,1710,39909
3,1695058132210,20,1710,39929
3,1695058132210,20,1726,39949
3,1695058132210,33,1726,39982
3,1695058132210,12,1726,39994
3,1695058132210,17,1726,40011
3,1695058132210,18,1726,40029
3,1695058132210,27,1726,40056
3,1695058132210,17,1750,40073
3,1695058132210,37,1726,40110
3,1695058132210,41,1738,40151
3,1695058132210,20,1726,40171
3,1695058132210,20,1726,40191
3,1695058132210,24,1726,40215
3,1695058132210,37,1726,40252
3,1695058132210,20,1726,40272
3,1695058132210,24,1726,40296
3,1695058132210,37,1718,40333
3,1695058132210,23,1710,40356
3,1695058132210,22,1718,40378
3,1695058132210,17,1710,40395
3,1695058132210,19,1706,40414
3,1695058132210,23,1706,40437
3,1695058132210,18,1710,40455
3,1695058132210,20,1694,40475
3,1695058132210,20,1686,40495
3,1695058132210,23,1690,40518
3,1695058132210,17,1686,40535
3,1695058132210,20,1678,40555
3,1695058132210,20,1678,40575
3,1695058132210,33,1662,40608
3,1695058132210,12,1674,40620
3,1695058132210,17,1662,40637
3,1695058132210,18,1662,40655
3,1695058132210,28,1646,40683
3,1695058132210,35,1662,40718
3,1695058132210,19,1662,40737
3,1695058132210,41,1678,40778
3,1695058132210,20,1684,40798
3,1695058132210,20,1686,40818
3,1695058132210,24,1686,40842
3,1695058132210,37,1686,40879
3,1695058132210,20,1686,40899
3,1695058132210,24,1678,40923
3,1695058132210,37,1678,40960
3,1695058132210,23,1686,40983
3,1695058132210,21,1678,41004
3,1695058132210,37,1674,41041
3,1695058132210,23,1662,41064
3,1695058132210,18,1662,41082
3,1695058132210,20,1662,41102
3,1695058132210,20,1662,41122
3,1695058132210,23,1662,41145
3,1695058132210,17,1662,41162
3,1695058132210,20,1654,41182
3,1695058132210,20,1654,41202
3,1695058132210,27,1646,41229
3,1695058132210,17,1646,41246
3,1695058132210,37,1642,41283
3,1695058132210,33,1630,41316
3,1695058132210,12,1628,41328
3,1695058132210,17,1622,41345
3,1695058132210,19,1620,41364
3,1695058132210,40,1614,41404
3,1695058132210,20,1610,41424
3,1695058132210,20,1598,41444
3,1695058132210,41,1582,41485
3,1695058132210,20,1598,41505
3,1695058132210,20,1598,41525
3,1695058132210,24,1598,41549
3,1695058132210,37,1610,41586
3,1695058132210,23,1620,41609
3,1695058132210,21,1614,41630
3,1695058132210,37,1622,41667
3,1695058132210,23,1622,41690
3,1695058132210,38,1630,41728
3,1695058132210,20,1622,41748
3,1695058132210,21,1620,41769
3,1695058132210,19,1630,41788
3,1695058132210,20,1630,41808
3,1695058132210,20,1622,41828
3,1695058132210,23,1620,41851
3,1695058132210,38,1622,41889
3,1695058132210,20,1612,41909
3,1695058132210,33,1630,41942
3,1695058132210,12,1630,41954
3,1695058132210,17,1622,41971
3,1695058132210,18,1626,41989
3,1695058132210,27,1614,42016
3,1695058132210,17,1622,42033
3,1695058132210,37,1598,42070
3,1695058132210,41,1598,42111
3,1695058132210,20,1598,42131
3,1695058132210,20,1590,42151
3,1695058132210,24,1590,42175
3,1695058132210,37,1582,42212
3,1695058132210,24,1582,42236
3,1695058132210,37,1578,42273
3,1695058132210,20,1566,42293
3,1695058132210,23,1566,42316
3,1695058132210,21,1582,42337
3,1695058132210,37,1594,42374
3,1695058132210,23,1598,42397
3,1695058132210,18,1598,42415
3,1695058132210,20,1610,42435
3,1695058132210,20,1610,42455
3,1695058132210,23,1614,42478
3,1695058132210,18,1626,42496
3,1695058132210,20,1614,42516
3,1695058132210,20,1614,42536
3,1695058132210,27,1620,42563
3,1695058132210,17,1610,42580
3,1695058132210,37,1614,42617
3,1695058132210,27,1614,42644
3,1695058132210,17,1614,42661
3,1695058132210,37,1612,42698
3,1695058132210,41,1622,42739
3,1695058132210,20,1622,42759
3,1695058132210,20,1614,42779
3,1695058132210,41,1614,42820
3,1695058132210,20,1598,42840
3,1695058132210,20,1598,42860
3,1695058132210,24,1590,42884
3,1695058132210,17,1590,42901
3,1695058132210,19,1590,42920
3,1695058132210,23,1582,42943
3,1695058132210,21,1582,42964
3,1695058132210,18,1572,42982
3,1695058132210,19,1578,43001
3,1695058132210,23,1582,43024
3,1695058132210,18,1578,43042
3,1695058132210,36,1566,43078
3,1695058132210,27,1574,43105
3,1695058132210,18,1574,43123
3,1695058132210,20,1582,43143
3,1695058132210,20,1598,43163
3,1695058132210,27,1594,43190
3,1695058132210,17,1610,43207
3,1695058132210,17,1598,43224
3,1695058132210,19,1614,43243
3,1695058132210,27,1622,43270
3,1695058132210,17,1620,43287
3,1695058132210,17,1622,43304
3,1695058132210,19,1622,43323
3,1695058132210,41,1614,43364
3,1695058132210,20,1614,43384
3,1695058132210,20,1626,43404
3,1695058132210,41,1620,43445
3,1695058132210,20,1630,43465
3,1695058132210,20,1622,43485
3,1695058132210,24,1610,43509
3,1695058132210,17,1622,43526
3,1695058132210,19,1614,43545
3,1695058132210,23,1630,43568
3,1695058132210,21,1622,43589
3,1695058132210,17,1614,43606
3,1695058132210,19,1622,43625
3,1695058132210,23,1622,43648
3,1695058132210,17,1614,43665
3,1695058132210,20,1610,43685
3,1695058132210,20,1606,43705
3,1695058132210,22,1612,43727
3,1695058132210,18,1598,43745
3,1695058132210,20,1598,43765
3,1695058132210,20,1590,43785
3,1695058132210,22,1590,43807
3,1695058132210,36,1590,43843
3,1695058132210,24,1598,43867
3,1695058132210,27,1582,43894
3,1695058132210,17,1598,43911
3,1695058132210,17,1598,43928
3,1695058132210,19,1614,43947
3,1695058132210,41,1614,43988
3,1695058132210,20,1614,44008
3,1695058132210,20,1620,44028
3,1695058132210,41,1622,44069
3,1695058132210,20,1622,44089
3,1695058132210,20,1622,44109
3,1695058132210,24,1622,44133
3,1695058132210,17,1626,44150
3,1695058132210,19,1630,44169
3,1695058132210,23,1630,44192
3,1695058132210,21,1630,44213
3,1695058132210,17,1630,44230
3,1695058132210,19,1630,44249
3,1695058132210,23,1630,44272
3,1695058132210,17,1630,44289
3,1695058132210,20,1630,44309
3,1695058132210,20,1630,44329
3,1695058132210,23,1622,44352
3,1695058132210,17,1622,44369
3,1695058132210,20,1614,44389
3,1695058132210,21,1622,44410
3,1695058132210,26,1630,44436
3,1695058132210,17,1614,44453
3,1695058132210,18,1614,44471
3,1695058132210,38,1614,44509
3,1695058132210,20,1610,44529
3,1695058132210,20,1598,44549
3,1695058132210,20,1598,44569
3,1695058132210,27,1590,44596
3,1695058132210,17,1598,44613
3,1695058132210,17,1582,44630
3,1695058132210,19,1582,44649
3,1695058132210,41,1590,44690
3,1695058132210,20,1590,44710
3,1695058132210,20,1610,44730
3,1695058132210,24,1622,44754
3,1695058132210,17,1614,44771
3,1695058132210,19,1620,44790
3,1695058132210,23,1630,44813
3,1695058132210,22,1630,44835
3,1695058132210,17,1630,44852
3,1695058132210,19,1630,44871
3,1695058132210,23,1630,44894
3,1695058132210,21,1630,44915
3,1695058132210,17,1646,44932
3,1695058132210,19,1630,44951
3,1695058132210,23,1642,44974
3,1695058132210,38,1630,45012
3,1695058132210,20,1626,45032
3,1695058132210,23,1638,45055
3,1695058132210,17,1642,45072
3,1695058132210,20,1646,45092
3,1695058132210,20,1642,45112
3,1695058132210,27,1630,45139
3,1695058132210,17,1630,45156
3,1695058132210,17,1646,45173
3,1695058132210,20,1630,45193
3,1695058132210,42,1630,45235
3,1695058132210,17,1622,45252
3,1695058132210,20,1610,45272
3,1695058132210,41,1614,45313
3,1695058132210,20,1620,45333
3,1695058132210,20,1598,45353
3,1695058132210,24,1598,45377
3,1695058132210,17,1598,45394
3,1695058132210,19,1590,45413
3,1695058132210,20,1590,45433
3,1695058132210,24,1598,45457
3,1695058132210,17,1582,45474
3,1695058132210,19,1594,45493
3,1695058132210,23,1598,45516
3,1695058132210,22,1598,45538
3,1695058132210,17,1614,45555
3,1695058132210,19,1622,45574
3,1695058132210,23,1622,45597
3,1695058132210,17,1622,45614
3,1695058132210,20,1622,45634
3,1695058132210,20,1630,45654
3,1695058132210,23,1630,45677
3,1695058132210,17,1630,45694
3,1695058132210,20,1638,45714
3,1695058132210,20,1642,45734
3,1695058132210,27,1642,45761
3,1695058132210,17,1642,45778
3,1695058132210,17,1630,45795
3,1695058132210,19,1630,45814
3,1695058132210,27,1630,45841
3,1695058132210,17,1642,45858
3,1695058132210,17,1654,45875
3,1695058132210,19,1630,45894
3,1695058132210,20,1646,45914
3,1695058132210,21,1626,45935
3,1695058132210,20,1630,45955
3,1695058132210,21,1642,45976
3,1695058132210,40,1626,46016
3,1695058132210,20,1622,46036
3,1695058132210,20,1622,46056
3,1695058132210,41,1622,46097
3,1695058132210,20,1614,46117
3,1695058132210,23,1614,46140
3,1695058132210,22,1598,46162
3,1695058132210,17,1598,46179
3,1695058132210,19,1598,46198
3,1695058132210,23,1590,46221
3,1695058132210,38,1598,46259
3,1695058132210,20,1594,46279
3,1695058132210,23,1590,46302
3,1695058132210,38,1598,46340
3,1695058132210,20,1598,46360
3,1695058132210,27,1598,46387
3,1695058132210,17,1622,46404
3,1695058132210,18,1630,46422
3,1695058132210,19,1614,46441
3,1695058132210,27,1614,46468
3,1695058132210,17,1614,46485
3,1695058132210,18,1622,46503
3,1695058132210,19,1622,46522
3,1695058132210,41,1610,46563
3,1695058132210,20,1614,46583
3,1695058132210,20,1610,46603
3,1695058132210,41,1614,46644
3,1695058132210,20,1614,46664
3,1695058132210,21,1620,46685
3,1695058132210,40,1614,46725
3,1695058132210,20,1598,46745
3,1695058132210,23,1598,46768
3,1695058132210,38,1590,46806
3,1695058132210,20,1590,46826
3,1695058132210,23,1582,46849
3,1695058132210,38,1582,46887
3,1695058132210,20,1582,46907
3,1695058132210,23,1578,46930
3,1695058132210,18,1574,46948
3,1695058132210,36,1566,46984
3,1695058132210,31,1562,47015
3,1695058132210,18,1558,47033
3,1695058132210,18,1558,47051
3,1695058132210,18,1558,47069
3,1695058132210,27,1534,47096
3,1695058132210,18,1558,47114
3,1695058132210,37,1582,47151
3,1695058132210,41,1582,47192
3,1695058132210,20,1590,47212
3,1695058132210,20,1582,47232
3,1695058132210,41,1582,47273
3,1695058132210,20,1590,47293
3,1695058132210,20,1582,47313
3,1695058132210,41,1598,47354
3,1695058132210,20,1582,47374
3,1695058132210,23,1582,47397
3,1695058132210,38,1594,47435
3,1695058132210,20,1596,47455
3,1695058132210,23,1594,47478
3,1695058132210,38,1590,47516
3,1695058132210,20,1582,47536
3,1695058132210,23,1582,47559
3,1695058132210,38,1574,47597
3,1695058132210,20,1578,47617
3,1695058132210,23,1574,47640
3,1695058132210,38,1574,47678
3,1695058132210,20,1578,47698
3,1695058132210,27,1574,47725
3,1695058132210,18,1566,47743
3,1695058132210,18,1566,47761
3,1695058132210,19,1566,47780
3,1695058132210,27,1558,47807
3,1695058132210,18,1534,47825
3,1695058132210,18,1534,47843
3,1695058132210,18,1556,47861
3,1695058132210,20,1558,47881
3,1695058132210,20,1558,47901
3,1695058132210,20,1556,47921
3,1695058132210,20,1566,47941
3,1695058132210,41,1578,47982
3,1695058132210,20,1582,48002
3,1695058132210,23,1582,48025
3,1695058132210,22,1590,48047
3,1695058132210,18,1590,48065
3,1695058132210,19,1590,48084
3,1695058132210,43,1598,48127
3,1695058132210,38,1598,48165
3,1695058132210,23,1598,48188
3,1695058132210,38,1598,48226
3,1695058132210,20,1598,48246
3,1695058132210,23,1590,48269
3,1695058132210,18,1606,48287
3,1695058132210,20,1610,48307
3,1695058132210,20,1606,48327
3,1695058132210,27,1598,48354
3,1695058132210,18,1582,48372
3,1695058132210,18,1590,48390
3,1695058132210,18,1594,48408
3,1695058132210,27,1582,48435
3,1695058132210,18,1582,48453
3,1695058132210,18,1582,48471
3,1695058132210,18,1578,48489
3,1695058132210,41,1566,48530
3,1695058132210,20,1566,48550
3,1695058132210,20,1562,48570
3,1695058132210,41,1558,48611
3,1695058132210,20,1566,48631
3,1695058132210,20,1558,48651
3,1695058132210,41,1558,48692
3,1695058132210,21,1558,48713
3,1695058132210,42,1574,48755
3,1695058132210,18,1578,48773
3,1695058132210,20,1582,48793
3,1695058132210,23,1582,48816
3,1695058132210,38,1590,48854
3,1695058132210,20,1590,48874
3,1695058132210,23,1582,48897
3,1695058132210,38,1598,48935
3,1695058132210,21,1582,48956
3,1695058132210,26,1598,48982
3,1695058132210,18,1598,49000
3,1695058132210,18,1598,49018
3,1695058132210,18,1590,49036
3,1695058132210,27,1594,49063
3,1695058132210,18,1590,49081
3,1695058132210,18,1610,49099
3,1695058132210,18,1596,49117
3,1695058132210,41,1582,49158
3,1695058132210,20,1590,49178
3,1695058132210,20,1590,49198
3,1695058132210,41,1590,49239
3,1695058132210,20,1582,49259
3,1695058132210,20,1578,49279
3,1695058132210,41,1590,49320
3,1695058132210,20,1574,49340
3,1695058132210,23,1564,49363
3,1695058132210,38,1566,49401
3,1695058132210,20,1566,49421
3,1695058132210,23,1562,49444
3,1695058132210,39,1558,49483
3,1695058132210,39,1558,49522
3,1695058132210,22,1574,49544
3,1695058132210,20,1574,49564
3,1695058132210,20,1582,49584
3,1695058132210,33,1582,49617
3,1695058132210,13,1598,49630
3,1695058132210,18,1598,49648
3,1695058132210,45,1598,49693
3,1695058132210,18,1598,49711
3,1695058132210,18,1598,49729
3,1695058132210,18,1614,49747
3,1695058132210,41,1610,49788
3,1695058132210,20,1614,49808
3,1695058132210,20,1614,49828
3,1695058132210,41,1620,49869
3,1695058132210,20,1614,49889
3,1695058132210,20,1614,49909
3,1695058132210,41,1614,49950
3,1695058132210,20,1598,49970
3,1695058132210,21,1598,49991
3,1695058132210,19,1610,50010
3,1695058132210,20,1610,50030
3,1695058132210,20,1610,50050
3,1695058132210,22,1598,50072
3,1695058132210,38,1594,50110
3,1695058132210,20,1598,50130
3,1695058132210,23,1590,50153
3,1695058132210,38,1582,50191
3,1695058132210,20,1598,50211
3,1695058132210,27,1582,50238
3,1695058132210,18,1590,50256
3,1695058132210,19,1582,50275
3,1695058132210,39,1578,50314
3,1695058132210,39,1582,50353
3,1695058132210,20,1582,50373
3,1695058132210,41,1598,50414
3,1695058132210,20,1590,50434
3,1695058132210,20,1598,50454
3,1695058132210,41,1610,50495
3,1695058132210,20,1614,50515
3,1695058132210,20,1614,50535
3,1695058132210,41,1620,50576
3,1695058132210,20,1622,50596
3,1695058132210,23,1622,50619
3,1695058132210,38,1630,50657
3,1695058132210,20,1630,50677
3,1695058132210,23,1622,50700
3,1695058132210,38,1630,50738
3,1695058132210,20,1630,50758
3,1695058132210,23,1630,50781
3,1695058132210,38,1630,50819
3,1695058132210,20,1628,50839
3,1695058132210,23,1620,50862
3,1695058132210,38,1630,50900
3,1695058132210,20,1622,50920
3,1695058132210,27,1622,50947
3,1695058132210,18,1620,50965
3,1695058132210,18,1622,50983
3,1695058132210,44,1614,51027
3,1695058132210,18,1598,51045
3,1695058132210,18,1622,51063
3,1695058132210,58,1598,51121
3,1695058132210,20,1598,51141
3,1695058132210,20,1598,51161
3,1695058132210,41,1614,51202
3,1695058132210,36,1626,51238
3,1695058132210,25,1626,51263
3,1695058132210,19,1630,51282
3,1695058132210,20,1642,51302
3,1695058132210,23,1642,51325
3,1695058132210,38,1642,51363
3,1695058132210,20,1646,51383
3,1695058132210,23,1646,51406
3,1695058132210,38,1646,51444
3,1695058132210,20,1646,51464
3,1695058132210,23,1658,51487
3,1695058132210,38,1662,51525
3,1695058132210,47,1662,51572
3,1695058132210,18,1662,51590
3,1695058132210,18,1662,51608
3,1695058132210,44,1662,51652
3,1695058132210,18,1662,51670
3,1695058132210,18,1662,51688
3,1695058132210,58,1646,51746
3,1695058132210,20,1662,51766
3,1695058132210,20,1662,51786
3,1695058132210,41,1646,51827
3,1695058132210,20,1654,51847
3,1695058132210,20,1654,51867
3,1695058132210,41,1646,51908
3,1695058132210,20,1646,51928
3,1695058132210,23,1654,51951
3,1695058132210,38,1662,51989
3,1695058132210,20,1654,52009
3,1695058132210,23,1662,52032
3,1695058132210,38,1678,52070
3,1695058132210,20,1676,52090
3,1695058132210,22,1686,52112
3,1695058132210,36,1686,52148
3,1695058132210,23,1694,52171
3,1695058132210,27,1692,52198
3,1695058132210,18,1686,52216
3,1695058132210,18,1686,52234
3,1695058132210,44,1702,52278
3,1695058132210,19,1706,52297
3,1695058132210,18,1694,52315
3,1695058132210,18,1710,52333
3,1695058132210,25,1706,52358
3,1695058132210,18,1710,52376
3,1695058132210,18,1710,52394
3,1695058132210,41,1706,52435
3,1695058132210,38,1706,52473
3,1695058132210,20,1710,52493
3,1695058132210,26,1694,52519
3,1695058132210,18,1702,52537
3,1695058132210,18,1702,52555
3,1695058132210,39,1694,52594
3,1695058132210,20,1706,52614
3,1695058132210,20,1690,52634
3,1695058132210,23,1694,52657
3,1695058132210,38,1686,52695
3,1695058132210,20,1686,52715
3,1695058132210,23,1690,52738
3,1695058132210,38,1686,52776
3,1695058132210,20,1686,52796
3,1695058132210,27,1690,52823
3,1695058132210,18,1686,52841
3,1695058132210,18,1706,52859
3,1695058132210,44,1710,52903
3,1695058132210,18,1710,52921
3,1695058132210,18,1726,52939
3,1695058132210,58,1738,52997
3,1695058132210,20,1738,53017
3,1695058132210,20,1742,53037
3,1695058132210,41,1748,53078
3,1695058132210,36,1742,53114
3,1695058132210,25,1750,53139
3,1695058132210,18,1758,53157
3,1695058132210,20,1748,53177
3,1695058132210,23,1758,53200
3,1695058132210,38,1750,53238
3,1695058132210,20,1758,53258
3,1695058132210,23,1758,53281
3,1695058132210,38,1758,53319
3,1695058132210,20,1758,53339
3,1695058132210,23,1750,53362
3,1695058132210,38,1750,53400
3,1695058132210,20,1750,53420
3,1695058132210,33,1758,53453
3,1695058132210,13,1750,53466
3,1695058132210,18,1754,53484
3,1695058132210,18,1726,53502
3,1695058132210,38,1742,53540
3,1695058132210,20,1750,53560
3,1695058132210,20,1738,53580
3,1695058132210,41,1750,53621
3,1695058132210,20,1756,53641
3,1695058132210,20,1750,53661
3,1695058132210,41,1774,53702
3,1695058132210,20,1790,53722
3,1695058132210,20,1790,53742
3,1695058132210,41,1790,53783
3,1695058132210,37,1814,53820
3,1695058132210,25,1822,53845
3,1695058132210,18,1822,53863
3,1695058132210,20,1822,53883
3,1695058132210,23,1834,53906
3,1695058132210,38,1838,53944
3,1695058132210,20,1846,53964
3,1695058132210,23,1838,53987
3,1695058132210,38,1838,54025
3,1695058132210,20,1838,54045
3,1695058132210,27,1854,54072
3,1695058132210,18,1850,54090
3,1695058132210,18,1854,54108
3,1695058132210,18,1854,54126
3,1695058132210,39,1854,54165
3,1695058132210,20,1846,54185
3,1695058132210,20,1846,54205
3,1695058132210,33,1850,54238
3,1695058132210,13,1838,54251
3,1695058132210,18,1846,54269
3,1695058132210,18,1854,54287
3,1695058132210,19,1846,54306
3,1695058132210,39,1846,54345
3,1695058132210,20,1838,54365
3,1695058132210,41,1838,54406
3,1695058132210,20,1838,54426
3,1695058132210,23,1854,54449
3,1695058132210,37,1854,54486
3,1695058132210,20,1854,54506
3,1695058132210,23,1866,54529
3,1695058132210,38,1886,54567
3,1695058132210,20,1898,54587
3,1695058132210,23,1898,54610
3,1695058132210,38,1894,54648
3,1695058132210,20,1902,54668
3,1695058132210,22,1898,54690
3,1695058132210,38,1910,54728
3,1695058132210,20,1910,54748
3,1695058132210,27,1910,54775
3,1695058132210,18,1902,54793
3,1695058132210,19,1910,54812
3,1695058132210,19,1918,54831
3,1695058132210,39,1918,54870
3,1695058132210,21,1914,54891
3,1695058132210,19,1910,54910
3,1695058132210,41,1914,54951
3,1695058132210,20,1918,54971
3,1695058132210,20,1918,54991
3,1695058132210,41,1918,55032
3,1695058132210,20,1910,55052
3,1695058132210,20,1902,55072
3,1695058132210,41,1902,55113
3,1695058132210,20,1902,55133
3,1695058132210,23,1902,55156
3,1695058132210,38,1898,55194
3,1695058132210,20,1898,55214
3,1695058132210,24,1902,55238
3,1695058132210,19,1886,55257
3,1695058132210,39,1886,55296
3,1695058132210,24,1886,55320
3,1695058132210,37,1918,55357
3,1695058132210,20,1918,55377
3,1695058132210,27,1918,55404
3,1695058132210,19,1942,55423
3,1695058132210,19,1918,55442
3,1695058132210,19,1942,55461
3,1695058132210,39,1950,55500
3,1695058132210,20,1946,55520
3,1695058132210,20,1942,55540
3,1695058132210,41,1950,55581
3,1695058132210,20,1940,55601
3,1695058132210,20,1950,55621
3,1695058132210,41,1946,55662
3,1695058132210,20,1966,55682
3,1695058132210,20,1962,55702
3,1695058132210,41,1946,55743
3,1695058132210,20,1946,55763
3,1695058132210,23,1958,55786
3,1695058132210,38,1946,55824
3,1695058132210,20,1950,55844
3,1695058132210,23,1950,55867
3,1695058132210,38,1942,55905
3,1695058132210,20,1942,55925
3,1695058132210,23,1942,55948
3,1695058132210,38,1942,55986
3,1695058132210,21,1918,56007
3,1695058132210,32,1918,56039
3,1695058132210,13,1918,56052
3,1695058132210,19,1918,56071
3,1695058132210,19,1918,56090
3,1695058132210,38,1916,56128
3,1695058132210,37,1934,56165
3,1695058132210,44,1950,56209
3,1695058132210,21,1950,56230
3,1695058132210,20,1950,56250
3,1695058132210,41,1958,56291
3,1695058132210,20,1966,56311
3,1695058132210,20,1966,56331
3,1695058132210,20,1966,56351
3,1695058132210,20,1966,56371
3,1695058132210,20,1966,56391
3,1695058132210,22,1974,56413
3,1695058132210,38,1974,56451
3,1695058132210,20,1974,56471
3,1695058132210,23,1974,56494
3,1695058132210,38,1982,56532
3,1695058132210,20,1982,56552
3,1695058132210,23,1974,56575
3,1695058132210,38,1982,56613
3,1695058132210,20,1974,56633
3,1695058132210,27,1982,56660
3,1695058132210,19,1966,56679
3,1695058132210,19,1966,56698
3,1695058132210,19,1966,56717
3,1695058132210,39,1958,56756
3,1695058132210,20,1958,56776
3,1695058132210,20,1962,56796
3,1695058132210,41,1950,56837
3,1695058132210,20,1946,56857
3,1695058132210,20,1958,56877
3,1695058132210,41,1934,56918
3,1695058132210,21,1918,56939
3,1695058132210,44,1918,56983
3,1695058132210,19,1918,57002
3,1695058132210,40,1934,57042
3,1695058132210,38,1934,57080
3,1695058132210,20,1934,57100
3,1695058132210,23,1940,57123
3,1695058132210,38,1950,57161
3,1695058132210,20,1934,57181
3,1695058132210,23,1948,57204
3,1695058132210,38,1950,57242
3,1695058132210,20,1942,57262
3,1695058132210,23,1942,57285
3,1695058132210,38,1942,57323
3,1695058132210,20,1942,57343
3,1695058132210,27,1934,57370
3,1695058132210,19,1934,57389
3,1695058132210,19,1918,57408
3,1695058132210,19,1934,57427
3,1695058132210,38,1934,57465
3,1695058132210,20,1918,57485
3,1695058132210,20,1902,57505
3,1695058132210,40,1910,57545
3,1695058132210,20,1902,57565
3,1695058132210,20,1902,57585
3,1695058132210,41,1886,57626
3,1695058132210,20,1878,57646
3,1695058132210,24,1894,57670
3,1695058132210,23,1878,57693
3,1695058132210,19,1878,57712
3,1695058132210,19,1866,57731
3,1695058132210,21,1866,57752
3,1695058132210,19,1854,57771
3,1695058132210,38,1870,57809
3,1695058132210,44,1854,57853
3,1695058132210,19,1866,57872
3,1695058132210,41,1854,57913
3,1695058132210,38,1854,57951
3,1695058132210,20,1876,57971
3,1695058132210,27,1870,57998
3,1695058132210,19,1854,58017
3,1695058132210,19,1854,58036
3,1695058132210,19,1870,58055
3,1695058132210,38,1854,58093
3,1695058132210,20,1866,58113
3,1695058132210,20,1854,58133
3,1695058132210,41,1854,58174
3,1695058132210,20,1854,58194
3,1695058132210,20,1854,58214
3,1695058132210,26,1854,58240
3,1695058132210,19,1850,58259
3,1695058132210,19,1846,58278
3,1695058132210,21,1846,58299
3,1695058132210,28,1838,58327
3,1695058132210,14,1838,58341
3,1695058132210,19,1830,58360
3,1695058132210,20,1834,58380
3,1695058132210,19,1834,58399
3,1695058132210,38,1830,58437
3,1695058132210,23,1814,58460
3,1695058132210,38,1814,58498
3,1695058132210,20,1790,58518
3,1695058132210,23,1790,58541
3,1695058132210,38,1786,58579
3,1695058132210,21,1782,58600
3,1695058132210,44,1790,58644
3,1695058132210,19,1790,58663
3,1695058132210,45,1790,58708
3,1695058132210,19,1790,58727
3,1695058132210,19,1790,58746
3,1695058132210,19,1790,58765
3,1695058132210,38,1790,58803
3,1695058132210,20,1790,58823
3,1695058132210,20,1790,58843
3,1695058132210,41,1790,58884
3,1695058132210,20,1790,58904
3,1695058132210,20,1790,58924
3,1695058132210,41,1790,58965
3,1695058132210,20,1790,58985
3,1695058132210,23,1790,59008
3,1695058132210,38,1806,59046
3,1695058132210,20,1790,59066
3,1695058132210,23,1790,59089
3,1695058132210,38,1790,59127
3,1695058132210,20,1790,59147
3,1695058132210,23,1790,59170
3,1695058132210,38,1774,59208
3,1695058132210,20,1774,59228
3,1695058132210,32,1774,59260
3,1695058132210,14,1774,59274
3,1695058132210,19,1758,59293
3,1695058132210,19,1758,59312
3,1695058132210,38,1758,59350
3,1695058132210,20,1758,59370
3,1695058132210,20,1750,59390
3,1695058132210,41,1742,59431
3,1695058132210,20,1742,59451
3,1695058132210,20,1726,59471
3,1695058132210,41,1754,59512
3,1695058132210,37,1758,59549
3,1695058132210,26,1774,59575
3,1695058132210,38,1774,59613
3,1695058132210,23,1770,59636
3,1695058132210,38,1758,59674
3,1695058132210,20,1782,59694
3,1695058132210,23,1774,59717
3,1695058132210,38,1782,59755
3,1695058132210,20,1774,59775
3,1695058132210,24,1790,59799
3,1695058132210,19,1782,59818
3,1695058132210,39,1790,59857
3,1695058132210,32,1790,59889
3,1695058132210,14,1790,59903
3,1695058132210,19,1782,59922
3,1695058132210,19,1786,59941
3,1695058132210,31,1782,59972
3,1695058132210,19,1782,59991
3,1695058132210,14,1782,60005
3,1695058132210,19,1774,60024
3,1695058132210,36,1774,60060
3,1695058132210,20,1774,60080
3,1695058132210,20,1774,60100
3,1695058132210,41,1758,60141
3,1695058132210,20,1758,60161
3,1695058132210,20,1754,60181
3,1695058132210,41,1748,60222
3,1695058132210,20,1742,60242
3,1695058132210,23,1750,60265
3,1695058132210,38,1750,60303
3,1695058132210,21,1742,60324
3,1695058132210,44,1750,60368
3,1695058132210,19,1758,60387
3,1695058132210,41,1774,60428
3,1695058132210,38,1774,60466
3,1695058132210,21,1770,60487
3,1695058132210,21,1774,60508
3,1695058132210,19,1782,60527
3,1695058132210,20,1774,60547
3,1695058132210,20,1774,60567
3,1695058132210,32,1790,60599
3,1695058132210,14,1790,60613
3,1695058132210,19,1782,60632
3,1695058132210,19,1782,60651
3,1695058132210,38,1790,60689
3,1695058132210,20,1782,60709
3,1695058132210,20,1790,60729
3,1695058132210,41,1774,60770
3,1695058132210,21,1790,60791
3,1695058132210,20,1790,60811
3,1695058132210,41,1774,60852
3,1695058132210,43,1770,60895
3,1695058132210,38,1772,60933
3,1695058132210,20,1758,60953
3,1695058132210,23,1758,60976
3,1695058132210,38,1758,61014
3,1695058132210,20,1758,61034
3,1695058132210,23,1758,61057
3,1695058132210,38,1750,61095
3,1695058132210,20,1750,61115
3,1695058132210,23,1742,61138
3,1695058132210,38,1750,61176
3,1695058132210,20,1754,61196
3,1695058132210,32,1758,61228
3,1695058132210,14,1770,61242
3,1695058132210,19,1758,61261
3,1695058132210,19,1770,61280
3,1695058132210,31,1774,61311
3,1695058132210,19,1774,61330
3,1695058132210,14,1774,61344
3,1695058132210,22,1782,61366
3,1695058132210,36,1782,61402
3,1695058132210,19,1790,61421
3,1695058132210,41,1790,61462
3,1695058132210,19,1790,61481
3,1695058132210,39,1788,61520
3,1695058132210,41,1782,61561
3,1695058132210,20,1786,61581
3,1695058132210,23,1774,61604
3,1695058132210,38,1782,61642
3,1695058132210,20,1786,61662
3,1695058132210,23,1774,61685
3,1695058132210,38,1782,61723
3,1695058132210,20,1770,61743
3,1695058132210,23,1774,61766
3,1695058132210,38,1758,61804
3,1695058132210,20,1754,61824
3,1695058132210,33,1750,61857
3,1695058132210,14,1754,61871
3,1695058132210,19,1742,61890
3,1695058132210,19,1738,61909
3,1695058132210,31,1726,61940
3,1695058132210,19,1726,61959
3,1695058132210,19,1726,61978
3,1695058132210,16,1726,61994
3,1695058132210,32,1742,62026
3,1695058132210,20,1748,62046
3,1695058132210,20,1742,62066
3,1695058132210,41,1758,62107
3,1695058132210,20,1750,62127
3,1695058132210,20,1758,62147
3,1695058132210,41,1754,62188
3,1695058132210,20,1750,62208
3,1695058132210,24,1758,62232
3,1695058132210,41,1750,62273
3,1695058132210,19,1758,62292
3,1695058132210,22,1758,62314
3,1695058132210,19,1754,62333
3,1695058132210,19,1758,62352
3,1695058132210,19,1758,62371
3,1695058132210,39,1750,62410
3,1695058132210,20,1742,62430
3,1695058132210,20,1750,62450
3,1695058132210,32,1742,62482
3,1695058132210,14,1742,62496
3,1695058132210,19,1742,62515
3,1695058132210,19,1726,62534
3,1695058132210,31,1726,62565
3,1695058132210,19,1726,62584
3,1695058132210,14,1726,62598
3,1695058132210,19,1726,62617
3,1695058132210,36,1710,62653
3,1695058132210,20,1706,62673
3,1695058132210,20,1710,62693
3,1695058132210,61,1694,62754
3,1695058132210,20,1690,62774
3,1695058132210,41,1686,62815
3,1695058132210,20,1710,62835
3,1695058132210,23,1706,62858
3,1695058132210,39,1718,62897
3,1695058132210,40,1726,62937
3,1695058132210,23,1726,62960
3,1695058132210,38,1738,62998
3,1695058132210,23,1726,63021
3,1695058132210,38,1738,63059
3,1695058132210,20,1726,63079
3,1695058132210,24,1726,63103
3,1695058132210,19,1726,63122
3,1695058132210,38,1738,63160
3,1695058132210,32,1726,63192
3,1695058132210,14,1742,63206
3,1695058132210,19,1742,63225
3,1695058132210,19,1726,63244
3,1695058132210,31,1726,63275
3,1695058132210,19,1726,63294
3,1695058132210,19,1726,63313
3,1695058132210,17,1742,63330
3,1695058132210,33,1710,63363
3,1695058132210,20,1726,63383
3,1695058132210,20,1710,63403
3,1695058132210,41,1706,63444
3,1695058132210,20,1694,63464
3,1695058132210,23,1702,63487
3,1695058132210,38,1706,63525
3,1695058132210,20,1694,63545
3,1695058132210,23,1694,63568
3,1695058132210,38,1686,63606
3,1695058132210,20,1662,63626
3,1695058132210,24,1674,63650
3,1695058132210,20,1678,63670
3,1695058132210,37,1686,63707
3,1695058132210,23,1686,63730
3,1695058132210,38,1686,63768
3,1695058132210,20,1686,63788
3,1695058132210,32,1702,63820
3,1695058132210,14,1702,63834
3,1695058132210,19,1694,63853
3,1695058132210,19,1690,63872
3,1695058132210,31,1694,63903
3,1695058132210,19,1690,63922
3,1695058132210,19,1686,63941
3,1695058132210,17,1694,63958
3,1695058132210,32,1694,63990
3,1695058132210,20,1690,64010
3,1695058132210,20,1686,64030
3,1695058132210,41,1686,64071
3,1695058132210,20,1682,64091
3,1695058132210,20,1678,64111
3,1695058132210,32,1678,64143
3,1695058132210,14,1662,64157
3,1695058132210,19,1662,64176
3,1695058132210,22,1662,64198
3,1695058132210,19,1654,64217
3,1695058132210,19,1646,64236
3,1695058132210,19,1644,64255
3,1695058132210,38,1646,64293
3,1695058132210,20,1630,64313
3,1695058132210,20,1626,64333
3,1695058132210,23,1622,64356
3,1695058132210,39,1610,64395
3,1695058132210,40,1590,64435
3,1695058132210,20,1614,64455
3,1695058132210,20,1598,64475
3,1695058132210,20,1590,64495
3,1695058132210,32,1582,64527
3,1695058132210,14,1598,64541
3,1695058132210,19,1590,64560
3,1695058132210,19,1598,64579
3,1695058132210,37,1590,64616
3,1695058132210,20,1598,64636
3,1695058132210,20,1594,64656
3,1695058132210,20,1590,64676
3,1695058132210,20,1582,64696
3,1695058132210,20,1588,64716
3,1695058132210,20,1582,64736
3,1695058132210,41,1578,64777
3,1695058132210,20,1574,64797
3,1695058132210,23,1574,64820
3,1695058132210,38,1578,64858
3,1695058132210,20,1562,64878
3,1695058132210,23,1562,64901
3,1695058132210,38,1558,64939
3,1695058132210,20,1550,64959
3,1695058132210,24,1550,64983
3,1695058132210,19,1534,65002
3,1695058132210,38,1526,65040
3,1695058132210,32,1518,65072
3,1695058132210,14,1502,65086
3,1695058132210,19,1510,65105
3,1695058132210,19,1518,65124
3,1695058132210,31,1502,65155
3,1695058132210,20,1494,65175
3,1695058132210,32,1486,65207
3,1695058132210,35,1462,65242
3,1695058132210,20,1454,65262
3,1695058132210,20,1454,65282
3,1695058132210,41,1454,65323
3,1695058132210,21,1454,65344
3,1695058132210,20,1454,65364
3,1695058132210,41,1438,65405
3,1695058132210,20,1450,65425
3,1695058132210,23,1450,65448
3,1695058132210,38,1454,65486
3,1695058132210,20,1454,65506
3,1695058132210,23,1446,65529
3,1695058132210,38,1446,65567
3,1695058132210,20,1446,65587
3,1695058132210,23,1438,65610
3,1695058132210,38,1430,65648
3,1695058132210,20,1434,65668
3,1695058132210,23,1430,65691
3,1695058132210,38,1422,65729
3,1695058132210,20,1406,65749
3,1695058132210,33,1406,65782
3,1695058132210,19,1406,65801
3,1695058132210,14,1406,65815
3,1695058132210,19,1404,65834
3,1695058132210,31,1386,65865
3,1695058132210,19,1390,65884
3,1695058132210,19,1374,65903
3,1695058132210,17,1386,65920
3,1695058132210,31,1374,65951
3,1695058132210,20,1364,65971
3,1695058132210,20,1362,65991
3,1695058132210,41,1350,66032
3,1695058132210,20,1342,66052
3,1695058132210,24,1342,66076
3,1695058132210,42,1326,66118
3,1695058132210,19,1322,66137
3,1695058132210,22,1310,66159
3,1695058132210,19,1310,66178
3,1695058132210,19,1302,66197
3,1695058132210,19,1306,66216
3,1695058132210,220,1294,66436
3,1695058132210,19,1294,66455
3,1695058132210,32,1278,66487
3,1695058132210,19,1278,66506
3,1695058132210,19,1278,66525
3,1695058132210,19,1278,66544
3,1695058132210,38,1270,66582
3,1695058132210,20,1278,66602
3,1695058132210,20,1262,66622
3,1695058132210,41,1262,66663
3,1695058132210,20,1246,66683
3,1695058132210,20,1258,66703
3,1695058132210,26,1246,66729
3,1695058132210,19,1246,66748
3,1695058132210,19,1230,66767
3,1695058132210,20,1214,66787
3,1695058132210,19,1238,66806
3,1695058132210,38,1214,66844
3,1695058132210,23,1206,66867
3,1695058132210,39,1182,66906
3,1695058132210,40,1182,66946
3,1695058132210,20,1174,66966
3,1695058132210,20,1178,66986
3,1695058132210,20,1172,67006
3,1695058132210,27,1162,67033
3,1695058132210,19,1150,67052
3,1695058132210,19,1150,67071
3,1695058132210,19,1150,67090
3,1695058132210,38,1150,67128
3,1695058132210,20,1158,67148
3,1695058132210,21,1150,67169
3,1695058132210,40,1150,67209
3,1695058132210,20,1150,67229
3,1695058132210,20,1150,67249
3,1695058132210,41,1150,67290
3,1695058132210,20,1146,67310
3,1695058132210,20,1142,67330
3,1695058132210,27,1146,67357
3,1695058132210,19,1134,67376
3,1695058132210,19,1142,67395
3,1695058132210,21,1134,67416
3,1695058132210,19,1134,67435
3,1695058132210,19,1134,67454
3,1695058132210,41,1130,67495
3,1695058132210,38,1130,67533
3,1695058132210,20,1118,67553
3,1695058132210,23,1118,67576
3,1695058132210,38,1118,67614
3,1695058132210,20,1102,67634
3,1695058132210,27,1108,67661
3,1695058132210,19,1098,67680
3,1695058132210,20,1098,67700
3,1695058132210,49,1086,67749
3,1695058132210,14,1084,67763
3,1695058132210,19,1070,67782
3,1695058132210,19,1076,67801
3,1695058132210,31,1086,67832
3,1695058132210,19,1070,67851
3,1695058132210,19,1066,67870
3,1695058132210,17,1054,67887
3,1695058132210,32,1044,67919
3,1695058132210,20,1038,67939
3,1695058132210,20,1046,67959
3,1695058132210,41,1046,68000
3,1695058132210,20,1046,68020
3,1695058132210,23,1050,68043
3,1695058132210,39,1038,68082
3,1695058132210,20,1046,68102
3,1695058132210,23,1044,68125
3,1695058132210,38,1022,68163
3,1695058132210,20,1038,68183
3,1695058132210,23,1038,68206
3,1695058132210,38,1022,68244
3,1695058132210,20,1022,68264
3,1695058132210,23,1038,68287
3,1695058132210,38,1038,68325
3,1695058132210,20,1022,68345
3,1695058132210,27,1022,68372
3,1695058132210,19,1022,68391
3,1695058132210,19,1022,68410
3,1695058132210,19,1022,68429
3,1695058132210,38,1006,68467
3,1695058132210,20,1006,68487
3,1695058132210,20,1014,68507
3,1695058132210,41,1002,68548
3,1695058132210,21,998,68569
3,1695058132210,45,998,68614
3,1695058132210,19,980,68633
3,1695058132210,19,982,68652
3,1695058132210,39,982,68691
3,1695058132210,20,974,68711
3,1695058132210,20,974,68731
3,1695058132210,23,974,68754
3,1695058132210,38,954,68792
3,1695058132210,20,958,68812
3,1695058132210,21,958,68833
3,1695058132210,19,958,68852
3,1695058132210,20,958,68872
3,1695058132210,20,958,68892
3,1695058132210,23,958,68915
3,1695058132210,38,982,68953
3,1695058132210,20,980,68973
3,1695058132210,32,982,69005
3,1695058132210,14,986,69019
3,1695058132210,19,982,69038
3,1695058132210,19,974,69057
3,1695058132210,31,974,69088
3,1695058132210,19,982,69107
3,1695058132210,19,978,69126
3,1695058132210,16,958,69142
3,1695058132210,32,958,69174
3,1695058132210,20,958,69194
3,1695058132210,20,958,69214
3,1695058132210,41,958,69255
3,1695058132210,20,954,69275
3,1695058132210,20,958,69295
3,1695058132210,27,954,69322
3,1695058132210,19,958,69341
3,1695058132210,19,958,69360
3,1695058132210,22,942,69382
3,1695058132210,19,942,69401
3,1695058132210,19,942,69420
3,1695058132210,19,942,69439
3,1695058132210,39,942,69478
3,1695058132210,20,938,69498
3,1695058132210,20,926,69518
3,1695058132210,23,926,69541
3,1695058132210,38,918,69579
3,1695058132210,20,932,69599
3,1695058132210,33,918,69632
3,1695058132210,32,922,69664
3,1695058132210,19,916,69683
3,1695058132210,38,926,69721
3,1695058132210,20,926,69741
3,1695058132210,20,942,69761
3,1695058132210,41,942,69802
3,1695058132210,20,950,69822
3,1695058132210,20,942,69842
3,1695058132210,41,942,69883
3,1695058132210,21,950,69904
3,1695058132210,20,942,69924
3,1695058132210,41,950,69965
3,1695058132210,20,954,69985
3,1695058132210,23,942,70008
3,1695058132210,38,950,70046
3,1695058132210,20,950,70066
3,1695058132210,23,950,70089
3,1695058132210,38,938,70127
3,1695058132210,20,948,70147
3,1695058132210,23,942,70170
3,1695058132210,19,934,70189
3,1695058132210,39,942,70228
3,1695058132210,32,950,70260
3,1695058132210,14,942,70274
3,1695058132210,19,942,70293
3,1695058132210,19,938,70312
3,1695058132210,31,934,70343
3,1695058132210,19,934,70362
3,1695058132210,26,934,70388
3,1695058132210,32,926,70420
3,1695058132210,14,918,70434
3,1695058132210,19,918,70453
3,1695058132210,23,926,70476
3,1695058132210,37,918,70513
3,1695058132210,20,918,70533
3,1695058132210,22,922,70555
3,1695058132210,29,926,70584
3,1695058132210,19,938,70603
3,1695058132210,19,942,70622
3,1695058132210,22,950,70644
3,1695058132210,19,950,70663
3,1695058132210,19,950,70682
3,1695058132210,19,958,70701
3,1695058132210,27,970,70728
3,1695058132210,22,958,70750
3,1695058132210,20,956,70770
3,1695058132210,23,958,70793
3,1695058132210,38,974,70831
3,1695058132210,20,970,70851
3,1695058132210,23,982,70874
3,1695058132210,20,980,70894
3,1695058132210,38,980,70932
3,1695058132210,21,990,70953
3,1695058132210,40,982,70993
3,1695058132210,20,970,71013
3,1695058132210,32,982,71045
3,1695058132210,14,982,71059
3,1695058132210,19,990,71078
3,1695058132210,19,982,71097
3,1695058132210,20,982,71117
3,1695058132210,20,990,71137
3,1695058132210,38,986,71175
3,1695058132210,32,990,71207
3,1695058132210,19,980,71226
3,1695058132210,19,986,71245
3,1695058132210,22,986,71267
3,1695058132210,19,970,71286
3,1695058132210,19,980,71305
3,1695058132210,19,980,71324
3,1695058132210,26,990,71350
3,1695058132210,22,974,71372
3,1695058132210,20,990,71392
3,1695058132210,23,998,71415
3,1695058132210,38,1006,71453
3,1695058132210,20,1018,71473
3,1695058132210,23,1014,71496
3,1695058132210,38,1022,71534
3,1695058132210,20,1046,71554
3,1695058132210,32,1044,71586
3,1695058132210,14,1046,71600
3,1695058132210,19,1050,71619
3,1695058132210,20,1054,71639
3,1695058132210,31,1050,71670
3,1695058132210,19,1070,71689
3,1695058132210,26,1070,71715
3,1695058132210,40,1070,71755
3,1695058132210,20,1078,71775
3,1695058132210,20,1098,71795
3,1695058132210,41,1078,71836
3,1695058132210,20,1094,71856
3,1695058132210,20,1086,71876
3,1695058132210,41,1102,71917
3,1695058132210,20,1102,71937
3,1695058132210,23,1098,71960
3,1695058132210,42,1098,72002
3,1695058132210,20,1098,72022
3,1695058132210,22,1110,72044
3,1695058132210,19,1108,72063
3,1695058132210,19,1108,72082
3,1695058132210,19,1110,72101
3,1695058132210,32,1110,72133
3,1695058132210,19,1110,72152
3,1695058132210,25,1110,72177
3,1695058132210,32,1114,72209
3,1695058132210,14,1118,72223
3,1695058132210,19,1118,72242
3,1695058132210,19,1118,72261
3,1695058132210,31,1134,72292
3,1695058132210,19,1150,72311
3,1695058132210,26,1150,72337
3,1695058132210,41,1182,72378
3,1695058132210,20,1178,72398
3,1695058132210,20,1174,72418
3,1695058132210,41,1194,72459
3,1695058132210,20,1198,72479
3,1695058132210,20,1194,72499
3,1695058132210,32,1198,72531
3,1695058132210,19,1206,72550
3,1695058132210,14,1206,72564
3,1695058132210,27,1210,72591
3,1695058132210,20,1206,72611
3,1695058132210,19,1230,72630
3,1695058132210,14,1236,72644
3,1695058132210,31,1230,72675
3,1695058132210,19,1246,72694
3,1695058132210,24,1246,72718
3,1695058132210,23,1246,72741
3,1695058132210,20,1268,72761
3,1695058132210,39,1254,72800
3,1695058132210,23,1262,72823
3,1695058132210,19,1246,72842
3,1695058132210,39,1254,72881
3,1695058132210,33,1258,72914
3,1695058132210,20,1238,72934
3,1695058132210,33,1244,72967
3,1695058132210,31,1236,72998
3,1695058132210,20,1246,73018
3,1695058132210,26,1258,73044
3,1695058132210,41,1262,73085
3,1695058132210,20,1290,73105
3,1695058132210,20,1294,73125
3,1695058132210,41,1318,73166
3,1695058132210,20,1322,73186
3,1695058132210,23,1318,73209
3,1695058132210,24,1334,73233
3,1695058132210,20,1338,73253
3,1695058132210,20,1338,73273
3,1695058132210,27,1356,73300
3,1695058132210,20,1364,73320
3,1695058132210,14,1370,73334
3,1695058132210,20,1374,73354
3,1695058132210,31,1386,73385
3,1695058132210,20,1390,73405
3,1695058132210,25,1406,73430
3,1695058132210,23,1406,73453
3,1695058132210,20,1422,73473
3,1695058132210,20,1406,73493
3,1695058132210,50,1406,73543
3,1695058132210,20,1422,73563
3,1695058132210,14,1422,73577
3,1695058132210,20,1406,73597
3,1695058132210,31,1422,73628
3,1695058132210,20,1438,73648
3,1695058132210,25,1430,73673
3,1695058132210,40,1430,73713
3,1695058132210,20,1438,73733
3,1695058132210,20,1430,73753
3,1695058132210,31,1430,73784
3,1695058132210,14,1438,73798
3,1695058132210,20,1438,73818
3,1695058132210,27,1434,73845
3,1695058132210,20,1434,73865
3,1695058132210,20,1446,73885
3,1695058132210,14,1436,73899
3,1695058132210,27,1454,73926
3,1695058132210,20,1454,73946
3,1695058132210,20,1466,73966
3,1695058132210,14,1494,73980
3,1695058132210,31,1482,74011
3,1695058132210,20,1502,74031
3,1695058132210,24,1518,74055
3,1695058132210,23,1534,74078
3,1695058132210,20,1526,74098
3,1695058132210,38,1534,74136
3,1695058132210,33,1550,74169
3,1695058132210,20,1562,74189
3,1695058132210,20,1578,74209
3,1695058132210,23,1566,74232
3,1695058132210,24,1566,74256
3,1695058132210,20,1582,74276
3,1695058132210,23,1590,74299
3,1695058132210,41,1598,74340
3,1695058132210,20,1598,74360
3,1695058132210,20,1614,74380
3,1695058132210,31,1614,74411
3,1695058132210,15,1622,74426
3,1695058132210,20,1614,74446
3,1695058132210,50,1614,74496
3,1695058132210,20,1622,74516
3,1695058132210,29,1622,74545
3,1695058132210,29,1622,74574
3,1695058132210,15,1622,74589
3,1695058132210,20,1630,74609
3,1695058132210,31,1622,74640
3,1695058132210,20,1630,74660
3,1695058132210,24,1622,74684
3,1695058132210,24,1622,74708
3,1695058132210,20,1614,74728
3,1695058132210,20,1614,74748
3,1695058132210,20,1630,74768
3,1695058132210,39,1646,74807
3,1695058132210,20,1646,74827
3,1695058132210,20,1662,74847
3,1695058132210,32,1662,74879
3,1695058132210,20,1686,74899
3,1695058132210,15,1686,74914
3,1695058132210,20,1686,74934
3,1695058132210,35,1710,74969
3,1695058132210,20,1722,74989
3,1695058132210,20,1726,75009
3,1695058132210,41,1738,75050
3,1695058132210,20,1742,75070
3,1695058132210,20,1738,75090
3,1695058132210,31,1750,75121
3,1695058132210,15,1754,75136
3,1695058132210,20,1750,75156
3,1695058132210,27,1758,75183
3,1695058132210,20,1766,75203
3,1695058132210,20,1774,75223
3,1695058132210,15,1774,75238
3,1695058132210,26,1770,75264
3,1695058132210,15,1774,75279
3,1695058132210,25,1774,75304
3,1695058132210,45,1782,75349
3,1695058132210,20,1790,75369
3,1695058132210,26,1774,75395
3,1695058132210,23,1774,75418
3,1695058132210,20,1770,75438
3,1695058132210,39,1774,75477
3,1695058132210,33,1774,75510
3,1695058132210,20,1782,75530
3,1695058132210,20,1774,75550
3,1695058132210,22,1774,75572
3,1695058132210,24,1782,75596
3,1695058132210,20,1774,75616
3,1695058132210,24,1774,75640
3,1695058132210,41,1790,75681
3,1695058132210,20,1790,75701
3,1695058132210,20,1818,75721
3,1695058132210,32,1818,75753
3,1695058132210,20,1838,75773
3,1695058132210,15,1838,75788
3,1695058132210,27,1838,75815
3,1695058132210,20,1846,75835
3,1695058132210,20,1870,75855
3,1695058132210,20,1866,75875
3,1695058132210,26,1866,75901
3,1695058132210,20,1870,75921
3,1695058132210,23,1870,75944
3,1695058132210,23,1870,75967
3,1695058132210,20,1878,75987
3,1695058132210,39,1886,76026
3,1695058132210,22,1902,76048
3,1695058132210,38,1898,76086
3,1695058132210,20,1886,76106
3,1695058132210,32,1902,76138
3,1695058132210,20,1902,76158
3,1695058132210,15,1902,76173
3,1695058132210,20,1902,76193
3,1695058132210,33,1902,76226
3,1695058132210,20,1898,76246
3,1695058132210,36,1898,76282
3,1695058132210,28,1910,76310
3,1695058132210,20,1902,76330
3,1695058132210,20,1910,76350
3,1695058132210,32,1910,76382
3,1695058132210,15,1902,76397
3,1695058132210,20,1910,76417
3,1695058132210,27,1898,76444
3,1695058132210,20,1902,76464
3,1695058132210,20,1898,76484
3,1695058132210,20,1898,76504
3,1695058132210,26,1914,76530
3,1695058132210,22,1918,76552
3,1695058132210,20,1918,76572
3,1695058132210,22,1940,76594
3,1695058132210,38,1950,76632
3,1695058132210,20,1950,76652
3,1695058132210,22,1966,76674
3,1695058132210,38,1982,76712
3,1695058132210,20,1982,76732
3,1695058132210,32,1982,76764
3,1695058132210,20,1982,76784
3,1695058132210,20,1982,76804
3,1695058132210,15,1998,76819
3,1695058132210,32,1998,76851
3,1695058132210,20,2006,76871
3,1695058132210,23,2014,76894
3,1695058132210,41,2014,76935
3,1695058132210,20,2014,76955
3,1695058132210,20,2006,76975
3,1695058132210,32,2014,77007
3,1695058132210,20,2006,77027
3,1695058132210,15,2006,77042
3,1695058132210,29,2006,77071
3,1695058132210,38,2014,77109
3,1695058132210,20,2006,77129
3,1695058132210,22,2006,77151
3,1695058132210,20,2014,77171
3,1695058132210,20,2006,77191
3,1695058132210,20,2014,77211
3,1695058132210,27,1998,77238
3,1695058132210,21,1982,77259
3,1695058132210,20,1982,77279
3,1695058132210,23,1982,77302
3,1695058132210,20,1982,77322
3,1695058132210,20,1982,77342
3,1695058132210,39,1998,77381
3,1695058132210,40,2014,77421
3,1695058132210,20,2014,77441
3,1695058132210,33,2030,77474
3,1695058132210,20,2042,77494
3,1695058132210,20,2044,77514
3,1695058132210,16,2046,77530
3,1695058132210,33,2046,77563
3,1695058132210,20,2070,77583
3,1695058132210,20,2070,77603
3,1695058132210,32,2046,77635
3,1695058132210,20,2078,77655
3,1695058132210,15,2070,77670
3,1695058132210,28,2078,77698
3,1695058132210,20,2070,77718
3,1695058132210,20,2078,77738
3,1695058132210,20,2078,77758
3,1695058132210,27,2078,77785
3,1695058132210,21,2094,77806
3,1695058132210,20,2094,77826
3,1695058132210,24,2090,77850
3,1695058132210,20,2094,77870
3,1695058132210,20,2106,77890
3,1695058132210,21,2094,77911
3,1695058132210,51,2078,77962
3,1695058132210,20,2078,77982
3,1695058132210,47,2078,78029
3,1695058132210,16,2074,78045
3,1695058132210,20,2074,78065
3,1695058132210,27,2070,78092
3,1695058132210,13,2046,78105
3,1695058132210,20,2046,78125
3,1695058132210,20,2046,78145
3,1695058132210,27,2046,78172
3,1695058132210,13,2046,78185
3,1695058132210,20,2046,78205
3,1695058132210,20,2046,78225
3,1695058132210,41,2070,78266
3,1695058132210,20,2078,78286
3,1695058132210,20,2070,78306
3,1695058132210,24,2090,78330
3,1695058132210,17,2094,78347
3,1695058132210,20,2094,78367
3,1695058132210,20,2102,78387
3,1695058132210,20,2102,78407
3,1695058132210,20,2110,78427
3,1695058132210,20,2110,78447
3,1695058132210,20,2110,78467
3,1695058132210,20,2124,78487
3,1695058132210,20,2110,78507
3,1695058132210,20,2110,78527
3,1695058132210,23,2126,78550
3,1695058132210,18,2126,78568
3,1695058132210,20,2134,78588
3,1695058132210,20,2126,78608
3,1695058132210,23,2126,78631
3,1695058132210,17,2122,78648
3,1695058132210,20,2126,78668
3,1695058132210,20,2126,78688
3,1695058132210,27,2130,78715
3,1695058132210,30,2126,78745
3,1695058132210,7,2126,78752
3,1695058132210,15,2110,78767
3,1695058132210,28,2110,78795
3,1695058132210,13,2110,78808
3,1695058132210,20,2110,78828
3,1695058132210,20,2110,78848
3,1695058132210,41,2102,78889
3,1695058132210,20,2094,78909
3,1695058132210,20,2090,78929
3,1695058132210,23,2094,78952
3,1695058132210,17,2102,78969
3,1695058132210,21,2094,78990
3,1695058132210,20,2094,79010
3,1695058132210,21,2094,79031
3,1695058132210,20,2094,79051
3,1695058132210,20,2090,79071
3,1695058132210,20,2094,79091
3,1695058132210,20,2110,79111
3,1695058132210,20,2110,79131
3,1695058132210,20,2126,79151
3,1695058132210,20,2130,79171
3,1695058132210,20,2134,79191
3,1695058132210,20,2142,79211
3,1695058132210,20,2154,79231
3,1695058132210,23,2158,79254
3,1695058132210,17,2166,79271
3,1695058132210,20,2166,79291
3,1695058132210,20,2158,79311
3,1695058132210,27,2174,79338
3,1695058132210,13,2174,79351
3,1695058132210,20,2174,79371
3,1695058132210,20,2174,79391
3,1695058132210,27,2174,79418
3,1695058132210,13,2174,79431
3,1695058132210,20,2174,79451
3,1695058132210,21,2190,79472
3,1695058132210,40,2190,79512
3,1695058132210,20,2190,79532
3,1695058132210,20,2174,79552
3,1695058132210,20,2174,79572
3,1695058132210,20,2174,79592
3,1695058132210,20,2174,79612
3,1695058132210,20,2174,79632
3,1695058132210,21,2174,79653
3,1695058132210,19,2174,79672
3,1695058132210,20,2166,79692
3,1695058132210,20,2170,79712
3,1695058132210,20,2174,79732
3,1695058132210,20,2170,79752
3,1695058132210,20,2174,79772
3,1695058132210,20,2156,79792
3,1695058132210,20,2166,79812
3,1695058132210,20,2158,79832
3,1695058132210,20,2158,79852
3,1695058132210,23,2158,79875
3,1695058132210,18,2158,79893
3,1695058132210,20,2166,79913
3,1695058132210,20,2166,79933
3,1695058132210,27,2174,79960
3,1695058132210,13,2190,79973
3,1695058132210,20,2206,79993
3,1695058132210,20,2202,80013
3,1695058132210,27,2206,80040
3,1695058132210,13,2222,80053
3,1695058132210,20,2206,80073
3,1695058132210,20,2218,80093
3,1695058132210,41,2222,80134
3,1695058132210,20,2222,80154
3,1695058132210,20,2222,80174
3,1695058132210,24,2222,80198
3,1695058132210,16,2222,80214
3,1695058132210,20,2238,80234
3,1695058132210,20,2238,80254
3,1695058132210,22,2234,80276
3,1695058132210,19,2238,80295
3,1695058132210,20,2238,80315
3,1695058132210,20,2238,80335
3,1695058132210,20,2238,80355
3,1695058132210,20,2234,80375
3,1695058132210,20,2238,80395
3,1695058132210,20,2238,80415
3,1695058132210,21,2230,80436
3,1695058132210,25,2230,80461
3,1695058132210,15,2222,80476
3,1695058132210,23,2222,80499
3,1695058132210,17,2218,80516
3,1695058132210,21,2218,80537
3,1695058132210,20,2218,80557
3,1695058132210,27,2206,80584
3,1695058132210,13,2198,80597
3,1695058132210,20,2206,80617
3,1695058132210,20,2206,80637
3,1695058132210,27,2202,80664
3,1695058132210,13,2198,80677
3,1695058132210,20,2190,80697
3,1695058132210,20,2194,80717
3,1695058132210,27,2198,80744
3,1695058132210,13,2198,80757
3,1695058132210,20,2202,80777
3,1695058132210,21,2218,80798
3,1695058132210,40,2234,80838
3,1695058132210,20,2238,80858
3,1695058132210,20,2234,80878
3,1695058132210,22,2238,80900
3,1695058132210,18,2238,80918
3,1695058132210,20,2238,80938
3,1695058132210,20,2238,80958
3,1695058132210,20,2250,80978
3,1695058132210,20,2262,80998
3,1695058132210,20,2238,81018
3,1695058132210,20,2254,81038
3,1695058132210,20,2238,81058
3,1695058132210,20,2270,81078
3,1695058132210,20,2254,81098
3,1695058132210,23,2262,81121
3,1695058132210,17,2262,81138
3,1695058132210,20,2266,81158
3,1695058132210,21,2270,81179
3,1695058132210,37,2270,81216
3,1695058132210,7,2270,81223
3,1695058132210,16,2262,81239
3,1695058132210,20,2270,81259
3,1695058132210,27,2270,81286
3,1695058132210,13,2262,81299
3,1695058132210,20,2270,81319
3,1695058132210,20,2254,81339
3,1695058132210,27,2254,81366
3,1695058132210,13,2238,81379
3,1695058132210,20,2238,81399
3,1695058132210,20,2238,81419
3,1695058132210,41,2238,81460
3,1695058132210,20,2238,81480
3,1695058132210,20,2234,81500
3,1695058132210,23,2230,81523
3,1695058132210,17,2238,81540
3,1695058132210,20,2230,81560
3,1695058132210,20,2238,81580
3,1695058132210,20,2234,81600
3,1695058132210,20,2230,81620
3,1695058132210,20,2238,81640
3,1695058132210,20,2254,81660
3,1695058132210,20,2270,81680
3,1695058132210,21,2270,81701
3,1695058132210,20,2286,81721
3,1695058132210,23,2286,81744
3,1695058132210,18,2286,81762
3,1695058132210,20,2286,81782
3,1695058132210,20,2282,81802
3,1695058132210,23,2286,81825
3,1695058132210,17,2294,81842
3,1695058132210,20,2286,81862
3,1695058132210,20,2298,81882
3,1695058132210,27,2294,81909
3,1695058132210,13,2302,81922
3,1695058132210,20,2302,81942
3,1695058132210,20,2302,81962
3,1695058132210,27,2302,81989
3,1695058132210,13,2302,82002
3,1695058132210,20,2302,82022
3,1695058132210,20,2302,82042
3,1695058132210,41,2302,82083
3,1695058132210,20,2302,82103
3,1695058132210,20,2302,82123
3,1695058132210,24,2302,82147
3,1695058132210,17,2302,82164
3,1695058132210,21,2294,82185
3,1695058132210,28,2294,82213
3,1695058132210,16,2286,82229
3,1695058132210,16,2286,82245
3,1695058132210,20,2286,82265
3,1695058132210,20,2286,82285
3,1695058132210,20,2282,82305
3,1695058132210,20,2282,82325
3,1695058132210,20,2282,82345
3,1695058132210,20,2270,82365
3,1695058132210,20,2262,82385
3,1695058132210,20,2270,82405
3,1695058132210,20,2270,82425
3,1695058132210,23,2262,82448
3,1695058132210,17,2286,82465
3,1695058132210,20,2294,82485
3,1695058132210,20,2302,82505
3,1695058132210,27,2302,82532
3,1695058132210,13,2302,82545
3,1695058132210,20,2326,82565
3,1695058132210,20,2318,82585
3,1695058132210,28,2326,82613
3,1695058132210,12,2326,82625
3,1695058132210,20,2342,82645
3,1695058132210,20,2330,82665
3,1695058132210,41,2326,82706
3,1695058132210,20,2342,82726
3,1695058132210,20,2334,82746
3,1695058132210,24,2342,82770
3,1695058132210,16,2334,82786
3,1695058132210,20,2342,82806
3,1695058132210,20,2334,82826
3,1695058132210,22,2334,82848
3,1695058132210,19,2326,82867
3,1695058132210,20,2318,82887
3,1695058132210,20,2324,82907
3,1695058132210,20,2318,82927
3,1695058132210,20,2302,82947
3,1695058132210,20,2302,82967
3,1695058132210,20,2302,82987
3,1695058132210,20,2302,83007
3,1695058132210,20,2302,83027
3,1695058132210,21,2298,83048
3,1695058132210,38,2298,83086
3,1695058132210,7,2294,83093
3,1695058132210,14,2286,83107
3,1695058132210,20,2286,83127
3,1695058132210,23,2270,83150
3,1695058132210,17,2270,83167
3,1695058132210,20,2262,83187
3,1695058132210,20,2262,83207
3,1695058132210,27,2254,83234
3,1695058132210,13,2254,83247
3,1695058132210,20,2250,83267
3,1695058132210,20,2262,83287
3,1695058132210,27,2270,83314
3,1695058132210,13,2262,83327
3,1695058132210,20,2270,83347
3,1695058132210,20,2270,83367
3,1695058132210,41,2286,83408
3,1695058132210,20,2286,83428
3,1695058132210,20,2286,83448
3,1695058132210,22,2298,83470
3,1695058132210,18,2302,83488
3,1695058132210,20,2294,83508
3,1695058132210,20,2302,83528
3,1695058132210,20,2286,83548
3,1695058132210,20,2302,83568
3,1695058132210,20,2302,83588
3,1695058132210,20,2302,83608
3,1695058132210,20,2302,83628
3,1695058132210,20,2286,83648
3,1695058132210,20,2294,83668
3,1695058132210,23,2302,83691
3,1695058132210,35,2286,83726
3,1695058132210,7,2302,83733
3,1695058132210,15,2286,83748
3,1695058132210,21,2282,83769
3,1695058132210,19,2286,83788
3,1695058132210,20,2270,83808
3,1695058132210,20,2270,83828
3,1695058132210,27,2262,83855
3,1695058132210,13,2262,83868
3,1695058132210,20,2254,83888
3,1695058132210,20,2238,83908
3,1695058132210,28,2260,83936
3,1695058132210,12,2238,83948
3,1695058132210,20,2238,83968
3,1695058132210,20,2230,83988
3,1695058132210,41,2222,84029
3,1695058132210,20,2206,84049
3,1695058132210,20,2218,84069
3,1695058132210,23,2198,84092
3,1695058132210,17,2202,84109
3,1695058132210,20,2196,84129
3,1695058132210,20,2198,84149
3,1695058132210,21,2206,84170
3,1695058132210,20,2206,84190
3,1695058132210,20,2222,84210
3,1695058132210,20,2222,84230
3,1695058132210,20,2222,84250
3,1695058132210,20,2230,84270
3,1695058132210,20,2222,84290
3,1695058132210,23,2222,84313
3,1695058132210,17,2230,84330
3,1695058132210,20,2222,84350
3,1695058132210,20,2222,84370
3,1695058132210,23,2222,84393
3,1695058132210,18,2222,84411
3,1695058132210,20,2222,84431
3,1695058132210,20,2222,84451
3,1695058132210,27,2222,84478
3,1695058132210,13,2218,84491
3,1695058132210,20,2222,84511
3,1695058132210,21,2206,84532
3,1695058132210,37,2206,84569
3,1695058132210,7,2198,84576
3,1695058132210,15,2198,84591
3,1695058132210,20,2206,84611
3,1695058132210,41,2190,84652
3,1695058132210,20,2174,84672
3,1695058132210,20,2174,84692
3,1695058132210,41,2174,84733
3,1695058132210,20,2158,84753
3,1695058132210,20,2158,84773
3,1695058132210,21,2158,84794
3,1695058132210,19,2134,84813
3,1695058132210,20,2138,84833
3,1695058132210,20,2142,84853
3,1695058132210,20,2126,84873
3,1695058132210,20,2126,84893
3,1695058132210,20,2110,84913
3,1695058132210,20,2110,84933
3,1695058132210,20,2110,84953
3,1695058132210,20,2110,84973
3,1695058132210,20,2102,84993
3,1695058132210,23,2110,85016
3,1695058132210,17,2102,85033
3,1695058132210,20,2122,85053
3,1695058132210,20,2118,85073
3,1695058132210,27,2106,85100
3,1695058132210,13,2110,85113
3,1695058132210,20,2110,85133
3,1695058132210,20,2106,85153
3,1695058132210,27,2094,85180
3,1695058132210,13,2102,85193
3,1695058132210,20,2094,85213
3,1695058132210,20,2094,85233
3,1695058132210,41,2090,85274
3,1695058132210,20,2094,85294
3,1695058132210,21,2070,85315
3,1695058132210,40,2078,85355
3,1695058132210,20,2078,85375
3,1695058132210,20,2070,85395
3,1695058132210,22,2046,85417
3,1695058132210,18,2046,85435
3,1695058132210,21,2046,85456
3,1695058132210,28,2046,85484
3,1695058132210,16,2038,85500
3,1695058132210,15,2030,85515
3,1695058132210,20,2026,85535
3,1695058132210,20,2026,85555
3,1695058132210,20,2014,85575
3,1695058132210,20,2006,85595
3,1695058132210,20,2006,85615
3,1695058132210,23,1994,85638
3,1695058132210,17,1982,85655
3,1695058132210,20,1982,85675
3,1695058132210,20,1982,85695
3,1695058132210,23,1966,85718
3,1695058132210,17,1966,85735
3,1695058132210,20,1966,85755
3,1695058132210,20,1962,85775
3,1695058132210,27,1950,85802
3,1695058132210,13,1966,85815
3,1695058132210,20,1966,85835
3,1695058132210,20,1962,85855
3,1695058132210,28,1974,85883
3,1695058132210,12,1974,85895
3,1695058132210,20,1980,85915
3,1695058132210,20,1982,85935
3,1695058132210,20,1974,85955
3,1695058132210,20,1962,85975
3,1695058132210,20,1966,85995
3,1695058132210,20,1974,86015
3,1695058132210,23,1966,86038
3,1695058132210,18,1962,86056
3,1695058132210,20,1962,86076
3,1695058132210,20,1962,86096
3,1695058132210,20,1958,86116
3,1695058132210,20,1962,86136
3,1695058132210,20,1958,86156
3,1695058132210,20,1958,86176
3,1695058132210,20,1950,86196
3,1695058132210,21,1946,86217
3,1695058132210,20,1942,86237
3,1695058132210,24,1946,86261
3,1695058132210,17,1918,86278
3,1695058132210,20,1918,86298
3,1695058132210,21,1918,86319
3,1695058132210,37,1918,86356
3,1695058132210,7,1918,86363
3,1695058132210,15,1902,86378
3,1695058132210,20,1902,86398
3,1695058132210,27,1898,86425
3,1695058132210,13,1898,86438
3,1695058132210,20,1882,86458
3,1695058132210,20,1878,86478
3,1695058132210,27,1886,86505
3,1695058132210,13,1878,86518
3,1695058132210,20,1870,86538
3,1695058132210,20,1870,86558
3,1695058132210,41,1854,86599
3,1695058132210,20,1850,86619
3,1695058132210,20,1854,86639
3,1695058132210,23,1854,86662
3,1695058132210,17,1854,86679
3,1695058132210,20,1866,86699
3,1695058132210,20,1854,86719
3,1695058132210,22,1854,86741
3,1695058132210,19,1870,86760
3,1695058132210,20,1866,86780
3,1695058132210,20,1854,86800
3,1695058132210,20,1878,86820
3,1695058132210,20,1854,86840
3,1695058132210,20,1866,86860
3,1695058132210,23,1854,86883
3,1695058132210,17,1854,86900
3,1695058132210,20,1854,86920
3,1695058132210,20,1854,86940
3,1695058132210,23,1854,86963
3,1695058132210,17,1838,86980
3,1695058132210,20,1854,87000
3,1695058132210,20,1846,87020
3,1695058132210,28,1846,87048
3,1695058132210,31,1846,87079
3,1695058132210,7,1838,87086
3,1695058132210,15,1838,87101
3,1695058132210,27,1838,87128
3,1695058132210,13,1822,87141
3,1695058132210,20,1822,87161
3,1695058132210,20,1822,87181
3,1695058132210,41,1814,87222
3,1695058132210,20,1790,87242
3,1695058132210,20,1806,87262
3,1695058132210,24,1790,87286
3,1695058132210,16,1790,87302
3,1695058132210,20,1782,87322
3,1695058132210,20,1774,87342
3,1695058132210,21,1782,87363
3,1695058132210,19,1774,87382
3,1695058132210,20,1770,87402
3,1695058132210,20,1766,87422
3,1695058132210,20,1758,87442
3,1695058132210,20,1758,87462
3,1695058132210,20,1750,87482
3,1695058132210,20,1750,87502
3,1695058132210,20,1766,87522
3,1695058132210,20,1770,87542
3,1695058132210,20,1758,87562
3,1695058132210,23,1774,87585
3,1695058132210,17,1758,87602
3,1695058132210,20,1774,87622
3,1695058132210,20,1758,87642
3,1695058132210,27,1750,87669
3,1695058132210,13,1770,87682
3,1695058132210,20,1758,87702
3,1695058132210,20,1758,87722
3,1695058132210,27,1754,87749
3,1695058132210,13,1758,87762
3,1695058132210,20,1748,87782
3,1695058132210,20,1750,87802
3,1695058132210,41,1758,87843
3,1695058132210,20,1758,87863
3,1695058132210,20,1758,87883
3,1695058132210,20,1748,87903
3,1695058132210,20,1754,87923
3,1695058132210,21,1742,87944
3,1695058132210,29,1738,87973
3,1695058132210,17,1738,87990
3,1695058132210,14,1738,88004
3,1695058132210,21,1726,88025
3,1695058132210,20,1710,88045
3,1695058132210,20,1706,88065
3,1695058132210,20,1710,88085
3,1695058132210,20,1710,88105
3,1695058132210,20,1702,88125
3,1695058132210,20,1694,88145
3,1695058132210,20,1694,88165
3,1695058132210,20,1686,88185
3,1695058132210,23,1686,88208
3,1695058132210,17,1678,88225
3,1695058132210,20,1662,88245
3,1695058132210,20,1662,88265
3,1695058132210,23,1662,88288
3,1695058132210,18,1674,88306
3,1695058132210,20,1690,88326
3,1695058132210,20,1674,88346
3,1695058132210,28,1678,88374
3,1695058132210,13,1678,88387
3,1695058132210,20,1662,88407
3,1695058132210,20,1694,88427
3,1695058132210,27,1662,88454
3,1695058132210,13,1678,88467
3,1695058132210,20,1684,88487
3,1695058132210,20,1686,88507
3,1695058132210,41,1684,88548
3,1695058132210,20,1674,88568
3,1695058132210,20,1686,88588
3,1695058132210,23,1686,88611
3,1695058132210,18,1686,88629
3,1695058132210,20,1678,88649
3,1695058132210,20,1662,88669
3,1695058132210,20,1674,88689
3,1695058132210,20,1674,88709
3,1695058132210,20,1662,88729
3,1695058132210,20,1662,88749
3,1695058132210,20,1662,88769
3,1695058132210,20,1662,88789
3,1695058132210,20,1652,88809
3,1695058132210,23,1662,88832
3,1695058132210,17,1662,88849
3,1695058132210,20,1658,88869
3,1695058132210,20,1646,88889
3,1695058132210,23,1646,88912
3,1695058132210,26,1646,88938
3,1695058132210,13,1654,88951
3,1695058132210,18,1654,88969
3,1695058132210,27,1646,88996
3,1695058132210,13,1642,89009
3,1695058132210,20,1630,89029
3,1695058132210,20,1630,89049
3,1695058132210,28,1622,89077
3,1695058132210,13,1630,89090
3,1695058132210,20,1638,89110
3,1695058132210,20,1622,89130
3,1695058132210,41,1630,89171
3,1695058132210,20,1630,89191
3,1695058132210,20,1646,89211
3,1695058132210,23,1626,89234
3,1695058132210,17,1646,89251
3,1695058132210,20,1646,89271
3,1695058132210,20,1646,89291
3,1695058132210,21,1646,89312
3,1695058132210,19,1646,89331
3,1695058132210,20,1642,89351
3,1695058132210,20,1646,89371
3,1695058132210,21,1646,89392
3,1695058132210,20,1646,89412
3,1695058132210,20,1654,89432
3,1695058132210,23,1646,89455
3,1695058132210,17,1642,89472
3,1695058132210,20,1642,89492
3,1695058132210,20,1630,89512
3,1695058132210,23,1646,89535
3,1695058132210,17,1646,89552
3,1695058132210,20,1638,89572
3,1695058132210,20,1644,89592
3,1695058132210,27,1630,89619
3,1695058132210,13,1630,89632
3,1695058132210,20,1622,89652
3,1695058132210,20,1630,89672
3,1695058132210,27,1620,89699
3,1695058132210,14,1622,89713
3,1695058132210,26,1614,89739
3,1695058132210,14,1622,89753
3,1695058132210,41,1610,89794
3,1695058132210,20,1598,89814
3,1695058132210,21,1598,89835
3,1695058132210,40,1582,89875
3,1695058132210,20,1578,89895
3,1695058132210,20,1582,89915
3,1695058132210,22,1578,89937
3,1695058132210,19,1590,89956
3,1695058132210,20,1594,89976
3,1695058132210,20,1590,89996
3,1695058132210,20,1598,90016
3,1695058132210,20,1612,90036
3,1695058132210,20,1610,90056
3,1695058132210,20,1614,90076
3,1695058132210,20,1614,90096
3,1695058132210,20,1610,90116
3,1695058132210,20,1598,90136
3,1695058132210,22,1614,90158
3,1695058132210,18,1614,90176
3,1695058132210,20,1622,90196
3,1695058132210,20,1630,90216
3,1695058132210,27,1610,90243
3,1695058132210,13,1614,90256
3,1695058132210,20,1626,90276
3,1695058132210,20,1622,90296
3,1695058132210,27,1622,90323
3,1695058132210,13,1622,90336
3,1695058132210,20,1622,90356
3,1695058132210,20,1610,90376
3,1695058132210,28,1622,90404
3,1695058132210,13,1622,90417
3,1695058132210,26,1622,90443
3,1695058132210,13,1620,90456
3,1695058132210,41,1614,90497
3,1695058132210,20,1610,90517
3,1695058132210,20,1598,90537
3,1695058132210,22,1590,90559
3,1695058132210,18,1598,90577
3,1695058132210,20,1590,90597
3,1695058132210,20,1596,90617
3,1695058132210,20,1590,90637
3,1695058132210,20,1598,90657
3,1695058132210,20,1590,90677
3,1695058132210,20,1598,90697
3,1695058132210,20,1582,90717
3,1695058132210,21,1582,90738
3,1695058132210,20,1582,90758
3,1695058132210,23,1582,90781
3,1695058132210,18,1582,90799
3,1695058132210,20,1594,90819
3,1695058132210,20,1610,90839
3,1695058132210,23,1598,90862
3,1695058132210,18,1598,90880
3,1695058132210,20,1610,90900
3,1695058132210,20,1620,90920
3,1695058132210,27,1614,90947
3,1695058132210,13,1614,90960
3,1695058132210,20,1622,90980
3,1695058132210,20,1622,91000
3,1695058132210,27,1614,91027
3,1695058132210,13,1622,91040
3,1695058132210,20,1622,91060
3,1695058132210,20,1622,91080
3,1695058132210,41,1622,91121
3,1695058132210,20,1614,91141
3,1695058132210,20,1622,91161
3,1695058132210,23,1630,91184
3,1695058132210,17,1628,91201
3,1695058132210,21,1626,91222
3,1695058132210,30,1630,91252
3,1695058132210,17,1622,91269
3,1695058132210,13,1618,91282
3,1695058132210,20,1610,91302
3,1695058132210,20,1622,91322
3,1695058132210,20,1598,91342
3,1695058132210,20,1610,91362
3,1695058132210,20,1598,91382
3,1695058132210,23,1606,91405
3,1695058132210,18,1598,91423
3,1695058132210,20,1594,91443
3,1695058132210,20,1590,91463
3,1695058132210,23,1594,91486
3,1695058132210,17,1598,91503
3,1695058132210,20,1582,91523
3,1695058132210,20,1582,91543
3,1695058132210,27,1590,91570
3,1695058132210,13,1582,91583
3,1695058132210,20,1582,91603
3,1695058132210,20,1598,91623
3,1695058132210,28,1590,91651
3,1695058132210,13,1590,91664
3,1695058132210,19,1590,91683
3,1695058132210,20,1610,91703
3,1695058132210,41,1610,91744
3,1695058132210,20,1614,91764
3,1695058132210,20,1614,91784
3,1695058132210,24,1622,91808
3,1695058132210,17,1622,91825
3,1695058132210,20,1622,91845
3,1695058132210,20,1622,91865
3,1695058132210,21,1622,91886
3,1695058132210,19,1626,91905
3,1695058132210,20,1626,91925
3,1695058132210,20,1630,91945
3,1695058132210,20,1630,91965
3,1695058132210,20,1642,91985
3,1695058132210,20,1642,92005
3,1695058132210,20,1646,92025
3,1695058132210,20,1646,92045
3,1695058132210,20,1642,92065
3,1695058132210,20,1630,92085
3,1695058132210,21,1642,92106
3,1695058132210,19,1630,92125
3,1695058132210,20,1630,92145
3,1695058132210,21,1646,92166
3,1695058132210,39,1646,92205
3,1695058132210,8,1646,92213
3,1695058132210,13,1630,92226
3,1695058132210,20,1630,92246
3,1695058132210,27,1630,92273
3,1695058132210,13,1642,92286
3,1695058132210,20,1642,92306
3,1695058132210,20,1630,92326
3,1695058132210,41,1630,92367
3,1695058132210,20,1630,92387
3,1695058132210,20,1630,92407
3,1695058132210,41,1622,92448
3,1695058132210,20,1646,92468
3,1695058132210,20,1662,92488
3,1695058132210,22,1662,92510
3,1695058132210,18,1662,92528
3,1695058132210,21,1678,92549
3,1695058132210,20,1686,92569
3,1695058132210,20,1686,92589
3,1695058132210,20,1690,92609
3,1695058132210,20,1694,92629
3,1695058132210,20,1694,92649
3,1695058132210,20,1706,92669
3,1695058132210,20,1694,92689
3,1695058132210,20,1694,92709
3,1695058132210,23,1710,92732
3,1695058132210,17,1710,92749
3,1695058132210,20,1710,92769
3,1695058132210,20,1718,92789
3,1695058132210,23,1718,92812
3,1695058132210,17,1726,92829
3,1695058132210,20,1726,92849
3,1695058132210,20,1726,92869
3,1695058132210,27,1726,92896
3,1695058132210,13,1726,92909
3,1695058132210,20,1726,92929
3,1695058132210,20,1726,92949
3,1695058132210,27,1726,92976
3,1695058132210,14,1726,92990
3,1695058132210,26,1722,93016
3,1695058132210,13,1726,93029
3,1695058132210,41,1726,93070
3,1695058132210,20,1722,93090
3,1695058132210,20,1710,93110
3,1695058132210,23,1726,93133
3,1695058132210,17,1726,93150
3,1695058132210,20,1718,93170
3,1695058132210,20,1710,93190
3,1695058132210,20,1710,93210
3,1695058132210,20,1718,93230
3,1695058132210,20,1710,93250
3,1695058132210,20,1710,93270
3,1695058132210,20,1710,93290
3,1695058132210,20,1726,93310
3,1695058132210,20,1726,93330
3,1695058132210,23,1726,93353
3,1695058132210,17,1750,93370
3,1695058132210,20,1750,93390
3,1695058132210,20,1770,93410
3,1695058132210,23,1758,93433
3,1695058132210,18,1758,93451
3,1695058132210,20,1770,93471
3,1695058132210,20,1774,93491
3,1695058132210,27,1770,93518
3,1695058132210,13,1774,93531
3,1695058132210,20,1774,93551
3,1695058132210,20,1774,93571
3,1695058132210,27,1774,93598
3,1695058132210,13,1774,93611
3,1695058132210,20,1774,93631
3,1695058132210,20,1782,93651
3,1695058132210,41,1774,93692
3,1695058132210,20,1774,93712
3,1695058132210,20,1782,93732
3,1695058132210,24,1782,93756
3,1695058132210,17,1774,93773
3,1695058132210,20,1790,93793
3,1695058132210,20,1782,93813
3,1695058132210,21,1774,93834
3,1695058132210,19,1774,93853
3,1695058132210,21,1782,93874
3,1695058132210,38,1774,93912
3,1695058132210,8,1758,93920
3,1695058132210,14,1770,93934
3,1695058132210,20,1754,93954
3,1695058132210,23,1758,93977
3,1695058132210,17,1774,93994
3,1695058132210,20,1758,94014
3,1695058132210,20,1742,94034
3,1695058132210,23,1748,94057
3,1695058132210,17,1750,94074
3,1695058132210,20,1748,94094
3,1695058132210,20,1750,94114
3,1695058132210,28,1750,94142
3,1695058132210,13,1758,94155
3,1695058132210,20,1770,94175
3,1695058132210,20,1782,94195
3,1695058132210,21,1774,94216
3,1695058132210,19,1786,94235
3,1695058132210,20,1790,94255
3,1695058132210,20,1790,94275
3,1695058132210,41,1790,94316
3,1695058132210,20,1814,94336
3,1695058132210,21,1814,94357
3,1695058132210,24,1806,94381
3,1695058132210,16,1790,94397
3,1695058132210,20,1814,94417
3,1695058132210,20,1806,94437
3,1695058132210,22,1806,94459
3,1695058132210,18,1812,94477
3,1695058132210,20,1818,94497
3,1695058132210,20,1822,94517
3,1695058132210,21,1814,94538
3,1695058132210,26,1822,94564
3,1695058132210,14,1820,94578
3,1695058132210,20,1822,94598
3,1695058132210,20,1806,94618
3,1695058132210,20,1814,94638
3,1695058132210,20,1806,94658
3,1695058132210,23,1806,94681
3,1695058132210,17,1790,94698
3,1695058132210,20,1790,94718
3,1695058132210,20,1790,94738
3,1695058132210,23,1786,94761
3,1695058132210,17,1788,94778
3,1695058132210,20,1774,94798
3,1695058132210,20,1782,94818
3,1695058132210,28,1774,94846
3,1695058132210,13,1758,94859
3,1695058132210,19,1758,94878
3,1695058132210,20,1750,94898
3,1695058132210,27,1754,94925
3,1695058132210,14,1758,94939
3,1695058132210,20,1758,94959
3,1695058132210,20,1758,94979
3,1695058132210,41,1774,95020
3,1695058132210,20,1782,95040
3,1695058132210,20,1774,95060
3,1695058132210,23,1790,95083
3,1695058132210,18,1782,95101
3,1695058132210,20,1786,95121
3,1695058132210,20,1790,95141
3,1695058132210,20,1790,95161
3,1695058132210,20,1790,95181
3,1695058132210,20,1790,95201
3,1695058132210,20,1790,95221
3,1695058132210,20,1790,95241
3,1695058132210,21,1790,95262
3,1695058132210,20,1790,95282
3,1695058132210,23,1790,95305
3,1695058132210,18,1790,95323
3,1695058132210,20,1790,95343
3,1695058132210,21,1790,95364
3,1695058132210,39,1790,95403
3,1695058132210,8,1790,95411
3,1695058132210,13,1790,95424
3,1695058132210,20,1790,95444
3,1695058132210,27,1790,95471
3,1695058132210,13,1790,95484
3,1695058132210,20,1782,95504
3,1695058132210,20,1782,95524
3,1695058132210,27,1782,95551
3,1695058132210,14,1774,95565
3,1695058132210,20,1774,95585
3,1695058132210,20,1770,95605
3,1695058132210,41,1758,95646
3,1695058132210,20,1758,95666
3,1695058132210,20,1742,95686
3,1695058132210,23,1750,95709
3,1695058132210,17,1726,95726
3,1695058132210,20,1740,95746
3,1695058132210,20,1726,95766
3,1695058132210,21,1726,95787
3,1695058132210,19,1726,95806
3,1695058132210,20,1726,95826
3,1695058132210,20,1742,95846
3,1695058132210,20,1742,95866
3,1695058132210,20,1750,95886
3,1695058132210,20,1758,95906
3,1695058132210,23,1758,95929
3,1695058132210,17,1758,95946
3,1695058132210,20,1758,95966
3,1695058132210,20,1758,95986
3,1695058132210,23,1758,96009
3,1695058132210,17,1754,96026
3,1695058132210,20,1758,96046
3,1695058132210,20,1758,96066
3,1695058132210,28,1758,96094
3,1695058132210,13,1758,96107
3,1695058132210,19,1750,96126
3,1695058132210,20,1758,96146
3,1695058132210,27,1758,96173
3,1695058132210,34,1750,96207
3,1695058132210,20,1754,96227
3,1695058132210,41,1742,96268
3,1695058132210,20,1748,96288
3,1695058132210,20,1726,96308
3,1695058132210,24,1742,96332
3,1695058132210,16,1726,96348
3,1695058132210,20,1726,96368
3,1695058132210,20,1722,96388
3,1695058132210,22,1718,96410
3,1695058132210,27,1710,96437
3,1695058132210,13,1702,96450
3,1695058132210,18,1694,96468
3,1695058132210,20,1694,96488
3,1695058132210,20,1684,96508
3,1695058132210,20,1678,96528
3,1695058132210,20,1674,96548
3,1695058132210,27,1662,96575
3,1695058132210,14,1654,96589
3,1695058132210,20,1662,96609
3,1695058132210,23,1662,96632
3,1695058132210,17,1662,96649
3,1695058132210,20,1662,96669
3,1695058132210,20,1662,96689
3,1695058132210,27,1654,96716
3,1695058132210,13,1662,96729
3,1695058132210,20,1662,96749
3,1695058132210,20,1654,96769
3,1695058132210,27,1646,96796
3,1695058132210,13,1654,96809
3,1695058132210,20,1658,96829
3,1695058132210,20,1646,96849
3,1695058132210,27,1646,96876
3,1695058132210,13,1646,96889
3,1695058132210,20,1630,96909
3,1695058132210,20,1630,96929
3,1695058132210,41,1642,96970
3,1695058132210,20,1622,96990
3,1695058132210,20,1614,97010
3,1695058132210,22,1630,97032
3,1695058132210,18,1620,97050
3,1695058132210,21,1620,97071
3,1695058132210,29,1614,97100
3,1695058132210,13,1598,97113
3,1695058132210,17,1598,97130
3,1695058132210,20,1598,97150
3,1695058132210,20,1598,97170
3,1695058132210,20,1582,97190
3,1695058132210,20,1578,97210
3,1695058132210,20,1574,97230
3,1695058132210,23,1562,97253
3,1695058132210,17,1564,97270
3,1695058132210,20,1558,97290
3,1695058132210,20,1558,97310
3,1695058132210,23,1550,97333
3,1695058132210,17,1534,97350
3,1695058132210,20,1562,97370
3,1695058132210,20,1558,97390
3,1695058132210,27,1566,97417
3,1695058132210,13,1558,97430
3,1695058132210,20,1558,97450
3,1695058132210,20,1534,97470
3,1695058132210,27,1558,97497
3,1695058132210,12,1534,97509
3,1695058132210,21,1558,97530
3,1695058132210,20,1558,97550
3,1695058132210,41,1550,97591
3,1695058132210,20,1534,97611
3,1695058132210,20,1554,97631
3,1695058132210,23,1534,97654
3,1695058132210,17,1534,97671
3,1695058132210,20,1534,97691
3,1695058132210,20,1534,97711
3,1695058132210,21,1534,97732
3,1695058132210,20,1534,97752
3,1695058132210,20,1534,97772
3,1695058132210,20,1526,97792
3,1695058132210,21,1518,97813
3,1695058132210,19,1518,97832
3,1695058132210,19,1530,97851
3,1695058132210,24,1518,97875
3,1695058132210,17,1502,97892
3,1695058132210,20,1502,97912
3,1695058132210,20,1486,97932
3,1695058132210,23,1486,97955
3,1695058132210,18,1486,97973
3,1695058132210,20,1470,97993
3,1695058132210,20,1470,98013
3,1695058132210,27,1470,98040
3,1695058132210,13,1466,98053
3,1695058132210,20,1466,98073
3,1695058132210,21,1466,98094
3,1695058132210,38,1462,98132
3,1695058132210,8,1470,98140
3,1695058132210,14,1470,98154
3,1695058132210,20,1470,98174
3,1695058132210,41,1470,98215
3,1695058132210,20,1470,98235
3,1695058132210,19,1462,98254
3,1695058132210,24,1470,98278
3,1695058132210,17,1470,98295
3,1695058132210,20,1466,98315
3,1695058132210,20,1470,98335
3,1695058132210,20,1462,98355
3,1695058132210,20,1482,98375
3,1695058132210,20,1462,98395
3,1695058132210,20,1454,98415
3,1695058132210,20,1470,98435
3,1695058132210,20,1462,98455
3,1695058132210,20,1466,98475
3,1695058132210,20,1470,98495
3,1695058132210,20,1470,98515
3,1695058132210,20,1450,98535
3,1695058132210,20,1450,98555
3,1695058132210,24,1452,98579
3,1695058132210,17,1450,98596
3,1695058132210,19,1438,98615
3,1695058132210,20,1430,98635
3,1695058132210,27,1434,98662
3,1695058132210,13,1438,98675
3,1695058132210,21,1406,98696
3,1695058132210,26,1422,98722
3,1695058132210,20,1422,98742
3,1695058132210,13,1406,98755
3,1695058132210,20,1406,98775
3,1695058132210,20,1406,98795
3,1695058132210,27,1406,98822
3,1695058132210,13,1402,98835
3,1695058132210,20,1390,98855
3,1695058132210,21,1406,98876
3,1695058132210,40,1398,98916
3,1695058132210,20,1406,98936
3,1695058132210,20,1422,98956
3,1695058132210,22,1434,98978
3,1695058132210,18,1422,98996
3,1695058132210,20,1422,99016
3,1695058132210,20,1422,99036
3,1695058132210,20,1426,99056
3,1695058132210,20,1422,99076
3,1695058132210,20,1430,99096
3,1695058132210,20,1428,99116
3,1695058132210,20,1422,99136
3,1695058132210,20,1422,99156
3,1695058132210,20,1406,99176
3,1695058132210,23,1422,99199
3,1695058132210,17,1406,99216
3,1695058132210,20,1428,99236
3,1695058132210,20,1422,99256
3,1695058132210,23,1406,99279
3,1695058132210,18,1406,99297
3,1695058132210,20,1404,99317
3,1695058132210,20,1406,99337
3,1695058132210,27,1406,99364
3,1695058132210,14,1390,99378
3,1695058132210,26,1390,99404
3,1695058132210,13,1374,99417
3,1695058132210,28,1386,99445
3,1695058132210,13,1374,99458
3,1695058132210,19,1374,99477
3,1695058132210,20,1370,99497
3,1695058132210,42,1370,99539
3,1695058132210,20,1358,99559
3,1695058132210,20,1356,99579
3,1695058132210,23,1342,99602
3,1695058132210,17,1350,99619
3,1695058132210,20,1354,99639
3,1695058132210,20,1342,99659
3,1695058132210,20,1338,99679
3,1695058132210,20,1342,99699
3,1695058132210,20,1342,99719
3,1695058132210,20,1342,99739
3,1695058132210,20,1354,99759
3,1695058132210,20,1358,99779
3,1695058132210,20,1354,99799
3,1695058132210,23,1358,99822
3,1695058132210,17,1350,99839
3,1695058132210,20,1358,99859
3,1695058132210,20,1350,99879
3,1695058132210,23,1358,99902
3,1695058132210,17,1358,99919
3,1695058132210,20,1358,99939
3,1695058132210,20,1354,99959
3,1695058132210,28,1342,99987
3,1695058132210,13,1354,100000
3,1695058132210,19,1354,100019
3,1695058132210,20,1354,100039
3,1695058132210,27,1342,100066
3,1695058132210,14,1342,100080
3,1695058132210,20,1342,100100
3,1695058132210,20,1342,100120
3,1695058132210,41,1334,100161
3,1695058132210,20,1326,100181
3,1695058132210,20,1322,100201
3,1695058132210,24,1326,100225
3,1695058132210,17,1310,100242
3,1695058132210,20,1322,100262
3,1695058132210,20,1302,100282
3,1695058132210,21,1302,100303
3,1695058132210,20,1302,100323
3,1695058132210,26,1278,100349
3,1695058132210,13,1278,100362
3,1695058132210,20,1278,100382
3,1695058132210,20,1278,100402
3,1695058132210,20,1278,100422
3,1695058132210,21,1270,100443
3,1695058132210,19,1270,100462
3,1695058132210,20,1262,100482
3,1695058132210,20,1270,100502
3,1695058132210,23,1262,100525
3,1695058132210,17,1278,100542
3,1695058132210,20,1262,100562
3,1695058132210,20,1278,100582
3,1695058132210,27,1278,100609
3,1695058132210,13,1278,100622
3,1695058132210,20,1278,100642
3,1695058132210,20,1278,100662
3,1695058132210,27,1278,100689
3,1695058132210,13,1298,100702
3,1695058132210,20,1278,100722
3,1695058132210,20,1278,100742
3,1695058132210,41,1278,100783
3,1695058132210,20,1278,100803
3,1695058132210,20,1278,100823
3,1695058132210,41,1278,100864
3,1695058132210,20,1274,100884
3,1695058132210,20,1278,100904
3,1695058132210,22,1278,100926
3,1695058132210,18,1278,100944
3,1695058132210,21,1262,100965
3,1695058132210,29,1274,100994
3,1695058132210,13,1270,101007
3,1695058132210,18,1262,101025
3,1695058132210,20,1262,101045
3,1695058132210,20,1258,101065
3,1695058132210,20,1258,101085
3,1695058132210,20,1242,101105
3,1695058132210,20,1238,101125
3,1695058132210,23,1230,101148
3,1695058132210,17,1230,101165
3,1695058132210,20,1214,101185
3,1695058132210,20,1214,101205
3,1695058132210,23,1214,101228
3,1695058132210,18,1198,101246
3,1695058132210,20,1206,101266
3,1695058132210,20,1190,101286
3,1695058132210,27,1196,101313
3,1695058132210,13,1190,101326
3,1695058132210,20,1190,101346
3,1695058132210,20,1188,101366
3,1695058132210,27,1194,101393
3,1695058132210,13,1182,101406
3,1695058132210,20,1188,101426
3,1695058132210,20,1198,101446
3,1695058132210,41,1190,101487
3,1695058132210,20,1182,101507
3,1695058132210,20,1188,101527
3,1695058132210,24,1182,101551
3,1695058132210,17,1178,101568
3,1695058132210,21,1194,101589
3,1695058132210,20,1180,101609
3,1695058132210,20,1170,101629
3,1695058132210,20,1178,101649
3,1695058132210,20,1178,101669
3,1695058132210,20,1170,101689
3,1695058132210,20,1166,101709
3,1695058132210,20,1166,101729
3,1695058132210,20,1166,101749
3,1695058132210,23,1162,101772
3,1695058132210,18,1142,101790
3,1695058132210,20,1150,101810
3,1695058132210,20,1142,101830
3,1695058132210,23,1134,101853
3,1695058132210,17,1134,101870
3,1695058132210,21,1134,101891
3,1695058132210,26,1114,101917
3,1695058132210,21,1114,101938
3,1695058132210,13,1110,101951
3,1695058132210,19,1110,101970
3,1695058132210,20,1110,101990
3,1695058132210,27,1098,102017
3,1695058132210,13,1086,102030
3,1695058132210,20,1078,102050
3,1695058132210,20,1066,102070
3,1695058132210,41,1066,102111
3,1695058132210,20,1054,102131
3,1695058132210,20,1060,102151
3,1695058132210,23,1022,102174
3,1695058132210,17,1046,102191
3,1695058132210,20,1044,102211
3,1695058132210,20,1054,102231
3,1695058132210,21,1054,102252
3,1695058132210,19,1054,102271
3,1695058132210,20,1050,102291
3,1695058132210,20,1046,102311
3,1695058132210,20,1038,102331
3,1695058132210,20,1046,102351
3,1695058132210,20,1038,102371
3,1695058132210,23,1038,102394
3,1695058132210,18,1044,102412
3,1695058132210,20,1022,102432
3,1695058132210,20,1038,102452
3,1695058132210,23,1022,102475
3,1695058132210,18,1022,102493
3,1695058132210,20,1022,102513
3,1695058132210,20,1022,102533
3,1695058132210,21,1022,102554
3,1695058132210,19,1014,102573
3,1695058132210,20,1022,102593
3,1695058132210,20,1014,102613
3,1695058132210,27,1006,102640
3,1695058132210,13,1014,102653
3,1695058132210,20,986,102673
3,1695058132210,20,986,102693
3,1695058132210,41,982,102734
3,1695058132210,20,972,102754
3,1695058132210,20,974,102774
3,1695058132210,41,958,102815
3,1695058132210,26,942,102841
3,1695058132210,35,926,102876
3,1695058132210,19,926,102895
3,1695058132210,20,926,102915
3,1695058132210,20,916,102935
3,1695058132210,20,916,102955
3,1695058132210,20,914,102975
3,1695058132210,20,894,102995
3,1695058132210,20,906,103015
3,1695058132210,20,886,103035
3,1695058132210,20,894,103055
3,1695058132210,20,894,103075
3,1695058132210,23,894,103098
3,1695058132210,18,894,103116
3,1695058132210,20,894,103136
3,1695058132210,20,894,103156
3,1695058132210,23,894,103179
3,1695058132210,17,894,103196
3,1695058132210,20,894,103216
3,1695058132210,20,894,103236
3,1695058132210,27,894,103263
3,1695058132210,13,894,103276
3,1695058132210,20,892,103296
3,1695058132210,20,886,103316
3,1695058132210,28,890,103344
3,1695058132210,13,878,103357
3,1695058132210,19,890,103376
3,1695058132210,21,890,103397
3,1695058132210,40,878,103437
3,1695058132210,20,876,103457
3,1695058132210,20,862,103477
3,1695058132210,22,874,103499
3,1695058132210,18,862,103517
3,1695058132210,20,858,103537
3,1695058132210,21,854,103558
3,1695058132210,38,852,103596
3,1695058132210,8,842,103604
3,1695058132210,13,830,103617
3,1695058132210,20,830,103637
3,1695058132210,20,830,103657
3,1695058132210,20,822,103677
3,1695058132210,20,820,103697
3,1695058132210,23,814,103720
3,1695058132210,18,810,103738
3,1695058132210,20,794,103758
3,1695058132210,20,790,103778
3,1695058132210,23,790,103801
3,1695058132210,18,782,103819
3,1695058132210,20,766,103839
3,1695058132210,20,758,103859
3,1695058132210,27,766,103886
3,1695058132210,13,758,103899
3,1695058132210,20,766,103919
3,1695058132210,20,766,103939
3,1695058132210,27,766,103966
3,1695058132210,13,766,103979
3,1695058132210,20,766,103999
3,1695058132210,20,766,104019
3,1695058132210,41,766,104060
3,1695058132210,20,782,104080
3,1695058132210,20,766,104100
3,1695058132210,24,766,104124
3,1695058132210,16,766,104140
3,1695058132210,20,766,104160
3,1695058132210,20,758,104180
3,1695058132210,21,762,104201
3,1695058132210,19,762,104220
3,1695058132210,20,762,104240
3,1695058132210,20,758,104260
3,1695058132210,20,758,104280
3,1695058132210,20,762,104300
3,1695058132210,20,758,104320
3,1695058132210,23,750,104343
3,1695058132210,18,734,104361
3,1695058132210,20,746,104381
3,1695058132210,20,734,104401
3,1695058132210,23,734,104424
3,1695058132210,17,718,104441
3,1695058132210,20,714,104461
3,1695058132210,20,724,104481
3,1695058132210,27,714,104508
3,1695058132210,32,702,104540
3,1695058132210,22,698,104562
3,1695058132210,41,694,104603
3,1695058132210,20,686,104623
3,1695058132210,20,678,104643
3,1695058132210,41,670,104684
3,1695058132210,20,678,104704
3,1695058132210,20,660,104724
3,1695058132210,24,660,104748
3,1695058132210,16,654,104764
3,1695058132210,20,676,104784
3,1695058132210,20,662,104804
3,1695058132210,21,658,104825
3,1695058132210,19,662,104844
3,1695058132210,20,662,104864
3,1695058132210,20,662,104884
3,1695058132210,20,660,104904
3,1695058132210,20,662,104924
3,1695058132210,20,666,104944
3,1695058132210,23,670,104967
3,1695058132210,18,662,104985
3,1695058132210,20,654,105005
3,1695058132210,20,658,105025
3,1695058132210,23,660,105048
3,1695058132210,18,646,105066
3,1695058132210,20,646,105086
3,1695058132210,21,638,105107
3,1695058132210,27,702,105134
3,1695058132210,13,766,105147
3,1695058132210,19,830,105166
3,1695058132210,20,894,105186
3,1695058132210,27,958,105213
3,1695058132210,13,1006,105226
3,1695058132210,20,1070,105246
3,1695058132210,20,1134,105266
3,1695058132210,27,1198,105293
3,1695058132210,34,1254,105327
3,1695058132210,20,1318,105347
3,1695058132210,41,1374,105388
3,1695058132210,21,1422,105409
3,1695058132210,29,1502,105438
3,1695058132210,18,1550,105456
3,1695058132210,13,1614,105469
3,1695058132210,20,1678,105489
3,1695058132210,20,1726,105509
3,1695058132210,20,1790,105529
3,1695058132210,20,1862,105549
3,1695058132210,20,1918,105569
3,1695058132210,20,1982,105589
3,1695058132210,20,2046,105609
3,1695058132210,20,2126,105629
3,1695058132210,20,2190,105649
3,1695058132210,23,2246,105672
3,1695058132210,18,2310,105690
3,1695058132210,20,2382,105710
3,1695058132210,20,2446,105730
3,1695058132210,23,2510,105753
3,1695058132210,17,2574,105770
3,1695058132210,20,2630,105790
3,1695058132210,20,2702,105810
3,1695058132210,27,2758,105837
3,1695058132210,34,2814,105871
3,1695058132210,20,2886,105891
3,1695058132210,28,2942,105919
3,1695058132210,14,3006,105933
3,1695058132210,19,3070,105952
3,1695058132210,20,3134,105972
3,1695058132210,41,3198,106013
3,1695058132210,20,3262,106033
3,1695058132210,20,3326,106053
3,1695058132210,23,3390,106076
3,1695058132210,17,3438,106093
3,1695058132210,21,3502,106114
3,1695058132210,20,3582,106134
3,1695058132210,20,3630,106154
3,1695058132210,20,3694,106174
3,1695058132210,20,3758,106194
3,1695058132210,20,3814,106214
3,1695058132210,20,3886,106234
3,1695058132210,20,3942,106254
3,1695058132210,20,3998,106274
3,1695058132210,23,4046,106297
3,1695058132210,18,4110,106315
3,1695058132210,20,4174,106335
3,1695058132210,20,4238,106355
3,1695058132210,23,4302,106378
3,1695058132210,17,4366,106395
3,1695058132210,20,4430,106415
3,1695058132210,21,4494,106436
3,1695058132210,38,4558,106474
3,1695058132210,8,4622,106482
3,1695058132210,14,4686,106496
3,1695058132210,19,4734,106515
3,1695058132210,27,4734,106542
3,1695058132210,34,4734,106576
3,1695058132210,20,4750,106596
3,1695058132210,41,4758,106637
3,1695058132210,20,4734,106657
3,1695058132210,20,4758,106677
3,1695058132210,20,4734,106697
3,1695058132210,20,4766,106717
3,1695058132210,20,4766,106737
3,1695058132210,20,4762,106757
3,1695058132210,21,4766,106778
3,1695058132210,19,4758,106797
3,1695058132210,20,4750,106817
3,1695058132210,20,4758,106837
3,1695058132210,21,4758,106858
3,1695058132210,19,4758,106877
3,1695058132210,20,4734,106897
3,1695058132210,23,4734,106920
3,1695058132210,18,4758,106938
3,1695058132210,20,4734,106958
3,1695058132210,20,4734,106978
3,1695058132210,23,4734,107001
3,1695058132210,18,4734,107019
3,1695058132210,20,4734,107039
3,1695058132210,20,4734,107059
3,1695058132210,27,4734,107086
3,1695058132210,14,4734,107100
3,1695058132210,20,4734,107120
3,1695058132210,20,4734,107140
3,1695058132210,27,4734,107167
3,1695058132210,14,4734,107181
3,1695058132210,20,4718,107201
3,1695058132210,20,4726,107221
3,1695058132210,41,4718,107262
3,1695058132210,20,4726,107282
3,1695058132210,20,4734,107302
3,1695058132210,41,4734,107343
3,1695058132210,27,4734,107370
3,1695058132210,14,4734,107384
3,1695058132210,21,4734,107405
3,1695058132210,18,4734,107423
3,1695058132210,20,4766,107443
3,1695058132210,20,4766,107463
3,1695058132210,22,4766,107485
3,1695058132210,19,4766,107504
3,1695058132210,20,4766,107524
3,1695058132210,23,4766,107547
3,1695058132210,18,4766,107565
3,1695058132210,19,4766,107584
3,1695058132210,20,4766,107604
3,1695058132210,23,4782,107627
3,1695058132210,18,4766,107645
3,1695058132210,20,4766,107665
3,1695058132210,20,4766,107685
3,1695058132210,23,4766,107708
3,1695058132210,18,4766,107726
3,1695058132210,20,4766,107746
3,1695058132210,20,4766,107766
3,1695058132210,27,4766,107793
3,1695058132210,14,4766,107807
3,1695058132210,20,4766,107827
3,1695058132210,20,4766,107847
3,1695058132210,27,4766,107874
3,1695058132210,14,4766,107888
3,1695058132210,20,4758,107908
3,1695058132210,21,4734,107929
3,1695058132210,40,4758,107969
3,1695058132210,20,4734,107989
3,1695058132210,20,4766,108009
3,1695058132210,24,4758,108033
3,1695058132210,16,4750,108049
3,1695058132210,20,4766,108069
3,1695058132210,20,4758,108089
3,1695058132210,21,4750,108110
3,1695058132210,20,4766,108130
3,1695058132210,20,4782,108150
3,1695058132210,20,4778,108170
3,1695058132210,21,4790,108191
3,1695058132210,20,4782,108211
3,1695058132210,20,4790,108231
3,1695058132210,23,4782,108254
3,1695058132210,18,4798,108272
3,1695058132210,20,4794,108292
3,1695058132210,20,4798,108312
3,1695058132210,23,4798,108335
3,1695058132210,17,4798,108352
3,1695058132210,20,4798,108372
3,1695058132210,20,4798,108392
3,1695058132210,28,4798,108420
3,1695058132210,32,4798,108452
3,1695058132210,22,4798,108474
3,1695058132210,27,4814,108501
3,1695058132210,14,4814,108515
3,1695058132210,20,4814,108535
3,1695058132210,20,4798,108555
3,1695058132210,41,4798,108596
3,1695058132210,20,4822,108616
3,1695058132210,20,4798,108636
3,1695058132210,24,4798,108660
3,1695058132210,16,4798,108676
3,1695058132210,20,4814,108696
3,1695058132210,20,4798,108716
3,1695058132210,21,4798,108737
3,1695058132210,19,4798,108756
3,1695058132210,20,4798,108776
3,1695058132210,20,4798,108796
3,1695058132210,20,4798,108816
3,1695058132210,21,4798,108837
3,1695058132210,20,4798,108857
3,1695058132210,23,4798,108880
3,1695058132210,18,4798,108898
3,1695058132210,20,4798,108918
3,1695058132210,20,4798,108938
3,1695058132210,23,4814,108961
3,1695058132210,17,4822,108978
3,1695058132210,20,4830,108998
3,1695058132210,20,4822,109018
3,1695058132210,27,4830,109045
3,1695058132210,14,4846,109059
3,1695058132210,20,4846,109079
3,1695058132210,20,4846,109099
3,1695058132210,27,4846,109126
3,1695058132210,14,4846,109140
3,1695058132210,20,4862,109160
3,1695058132210,20,4862,109180
3,1695058132210,41,4862,109221
3,1695058132210,20,4862,109241
3,1695058132210,20,4854,109261
3,1695058132210,24,4862,109285
3,1695058132210,16,4862,109301
3,1695058132210,20,4862,109321
3,1695058132210,20,4862,109341
3,1695058132210,22,4862,109363
3,1695058132210,18,4862,109381
3,1695058132210,21,4862,109402
3,1695058132210,29,4862,109431
3,1695058132210,14,4862,109445
3,1695058132210,16,4862,109461
3,1695058132210,20,4862,109481
3,1695058132210,20,4862,109501
3,1695058132210,21,4862,109522
3,1695058132210,20,4862,109542
3,1695058132210,20,4862,109562
3,1695058132210,23,4862,109585
3,1695058132210,18,4862,109603
3,1695058132210,20,4862,109623
3,1695058132210,20,4862,109643
3,1695058132210,23,4862,109666
3,1695058132210,17,4862,109683
3,1695058132210,20,4862,109703
3,1695058132210,20,4862,109723
3,1695058132210,27,4862,109750
3,1695058132210,14,4862,109764
3,1695058132210,19,4894,109783
3,1695058132210,20,4894,109803
3,1695058132210,28,4894,109831
3,1695058132210,14,4910,109845
3,1695058132210,19,4910,109864
3,1695058132210,20,4910,109884
3,1695058132210,41,4918,109925
3,1695058132210,20,4926,109945
3,1695058132210,20,4926,109965
3,1695058132210,23,4926,109988
3,1695058132210,17,4926,110005
3,1695058132210,20,4950,110025
3,1695058132210,20,4950,110045
3,1695058132210,21,4942,110066
3,1695058132210,20,4942,110086
3,1695058132210,20,4958,110106
3,1695058132210,20,4958,110126
3,1695058132210,21,4958,110147
3,1695058132210,19,4958,110166
3,1695058132210,21,4958,110187
3,1695058132210,39,4958,110226
3,1695058132210,9,4958,110235
3,1695058132210,14,4958,110249
3,1695058132210,19,4958,110268
3,1695058132210,23,4958,110291
3,1695058132210,17,4950,110308
3,1695058132210,20,4958,110328
3,1695058132210,20,4958,110348
3,1695058132210,27,4958,110375
3,1695058132210,14,4958,110389
3,1695058132210,20,4958,110409
3,1695058132210,20,4958,110429
3,1695058132210,28,4958,110457
3,1695058132210,14,4958,110471
3,1695058132210,19,4958,110490
3,1695058132210,20,4958,110510
3,1695058132210,40,4958,110550
3,1695058132210,20,4974,110570
3,1695058132210,20,4974,110590
3,1695058132210,24,4982,110614
3,1695058132210,17,4990,110631
3,1695058132210,21,4990,110652
3,1695058132210,20,4990,110672
3,1695058132210,21,4990,110693
3,1695058132210,19,4990,110712
3,1695058132210,20,5014,110732
3,1695058132210,20,4990,110752
3,1695058132210,21,5014,110773
3,1695058132210,19,5022,110792
3,1695058132210,20,5022,110812
3,1695058132210,21,5022,110833
3,1695058132210,19,5022,110852
3,1695058132210,20,5038,110872
3,1695058132210,20,5022,110892
3,1695058132210,23,5022,110915
3,1695058132210,17,5038,110932
3,1695058132210,20,5046,110952
3,1695058132210,20,5038,110972
3,1695058132210,27,5038,110999
3,1695058132210,15,5038,111014
3,1695058132210,27,5054,111041
3,1695058132210,14,5038,111055
3,1695058132210,26,5038,111081
3,1695058132210,14,5038,111095
3,1695058132210,19,5022,111114
3,1695058132210,20,5054,111134
3,1695058132210,41,5022,111175
3,1695058132210,20,5038,111195
3,1695058132210,20,5022,111215
3,1695058132210,24,5038,111239
3,1695058132210,16,5038,111255
3,1695058132210,20,5038,111275
3,1695058132210,20,5038,111295
3,1695058132210,22,5038,111317
3,1695058132210,18,5022,111335
3,1695058132210,20,5022,111355
3,1695058132210,20,5038,111375
3,1695058132210,21,5038,111396
3,1695058132210,19,5054,111415
3,1695058132210,20,5054,111435
3,1695058132210,23,5054,111458
3,1695058132210,18,5054,111476
3,1695058132210,19,5054,111495
3,1695058132210,20,5054,111515
3,1695058132210,23,5070,111538
3,1695058132210,18,5070,111556
3,1695058132210,19,5086,111575
3,1695058132210,20,5086,111595
3,1695058132210,23,5086,111618
3,1695058132210,17,5086,111635
3,1695058132210,20,5102,111655
3,1695058132210,20,5102,111675
3,1695058132210,27,5086,111702
3,1695058132210,14,5102,111716
3,1695058132210,20,5102,111736
3,1695058132210,20,5110,111756
3,1695058132210,27,5118,111783
3,1695058132210,14,5110,111797
3,1695058132210,20,5102,111817
3,1695058132210,20,5102,111837
3,1695058132210,41,5110,111878
3,1695058132210,21,5110,111899
3,1695058132210,35,5118,111934
3,1695058132210,13,5118,111947
3,1695058132210,14,5102,111961
3,1695058132210,18,5110,111979
3,1695058132210,20,5102,111999
3,1695058132210,21,5102,112020
3,1695058132210,19,5118,112039
3,1695058132210,20,5102,112059
3,1695058132210,20,5102,112079
3,1695058132210,21,5086,112100
3,1695058132210,19,5102,112119
3,1695058132210,20,5102,112139
3,1695058132210,23,5102,112162
3,1695058132210,18,5102,112180
3,1695058132210,19,5102,112199
3,1695058132210,20,5118,112219
3,1695058132210,24,5118,112243
3,1695058132210,17,5118,112260
3,1695058132210,20,5118,112280
3,1695058132210,20,5118,112300
3,1695058132210,27,5118,112327
3,1695058132210,14,5150,112341
3,1695058132210,20,5118,112361
3,1695058132210,20,5118,112381
3,1695058132210,27,5166,112408
3,1695058132210,14,5166,112422
3,1695058132210,20,5166,112442
3,1695058132210,21,5166,112463
3,1695058132210,40,5174,112503
3,1695058132210,20,5182,112523
3,1695058132210,20,5182,112543
3,1695058132210,23,5182,112566
3,1695058132210,17,5182,112583
3,1695058132210,20,5182,112603
3,1695058132210,20,5182,112623
3,1695058132210,21,5182,112644
3,1695058132210,19,5182,112663
3,1695058132210,20,5182,112683
3,1695058132210,20,5182,112703
3,1695058132210,21,5182,112724
3,1695058132210,19,5182,112743
3,1695058132210,21,5182,112764
3,1695058132210,39,5182,112803
3,1695058132210,9,5182,112812
3,1695058132210,14,5182,112826
3,1695058132210,18,5182,112844
3,1695058132210,22,5182,112866
3,1695058132210,18,5182,112884
3,1695058132210,20,5182,112904
3,1695058132210,20,5182,112924
3,1695058132210,21,5182,112945
3,1695058132210,19,5182,112964
3,1695058132210,20,5182,112984
3,1695058132210,20,5182,113004
3,1695058132210,27,5182,113031
3,1695058132210,14,5182,113045
3,1695058132210,20,5198,113065
3,1695058132210,20,5206,113085
3,1695058132210,41,5214,113126
3,1695058132210,20,5214,113146
3,1695058132210,20,5214,113166
3,1695058132210,24,5214,113190
3,1695058132210,16,5246,113206
3,1695058132210,20,5238,113226
3,1695058132210,20,5230,113246
3,1695058132210,22,5238,113268
3,1695058132210,18,5230,113286
3,1695058132210,20,5246,113306
3,1695058132210,20,5246,113326
3,1695058132210,21,5246,113347
3,1695058132210,20,5246,113367
3,1695058132210,20,5246,113387
3,1695058132210,23,5246,113410
3,1695058132210,18,5246,113428
3,1695058132210,19,5270,113447
3,1695058132210,20,5278,113467
3,1695058132210,23,5246,113490
3,1695058132210,18,5278,113508
3,1695058132210,19,5246,113527
3,1695058132210,20,5246,113547
3,1695058132210,23,5246,113570
3,1695058132210,17,5270,113587
3,1695058132210,21,5270,113608
3,1695058132210,27,5270,113635
3,1695058132210,21,5270,113656
3,1695058132210,14,5246,113670
3,1695058132210,18,5246,113688
3,1695058132210,20,5246,113708
3,1695058132210,28,5246,113736
3,1695058132210,14,5246,113750
3,1695058132210,18,5246,113768
3,1695058132210,20,5246,113788
3,1695058132210,41,5246,113829
3,1695058132210,20,5270,113849
3,1695058132210,20,5278,113869
3,1695058132210,23,5278,113892
3,1695058132210,18,5294,113910
3,1695058132210,20,5294,113930
3,1695058132210,20,5294,113950
3,1695058132210,21,5310,113971
3,1695058132210,19,5310,113990
3,1695058132210,20,5294,114010
3,1695058132210,20,5310,114030
3,1695058132210,21,5302,114051
3,1695058132210,19,5310,114070
3,1695058132210,20,5310,114090
3,1695058132210,23,5310,114113
3,1695058132210,18,5310,114131
3,1695058132210,19,5326,114150
3,1695058132210,20,5310,114170
3,1695058132210,23,5326,114193
3,1695058132210,18,5342,114211
3,1695058132210,20,5326,114231
3,1695058132210,20,5326,114251
3,1695058132210,27,5310,114278
3,1695058132210,14,5342,114292
3,1695058132210,19,5326,114311
3,1695058132210,20,5310,114331
3,1695058132210,27,5338,114358
3,1695058132210,15,5334,114373
3,1695058132210,27,5334,114400
3,1695058132210,14,5326,114414
3,1695058132210,38,5310,114452
3,1695058132210,20,5326,114472
3,1695058132210,20,5310,114492
3,1695058132210,23,5310,114515
3,1695058132210,17,5310,114532
3,1695058132210,20,5310,114552
3,1695058132210,20,5310,114572
3,1695058132210,21,5310,114593
3,1695058132210,19,5310,114612
3,1695058132210,20,5310,114632
3,1695058132210,20,5310,114652
3,1695058132210,21,5310,114673
3,1695058132210,19,5310,114692
3,1695058132210,20,5310,114712
3,1695058132210,23,5310,114735
3,1695058132210,18,5326,114753
3,1695058132210,19,5334,114772
3,1695058132210,20,5342,114792
3,1695058132210,23,5342,114815
3,1695058132210,17,5342,114832
3,1695058132210,20,5342,114852
3,1695058132210,20,5342,114872
3,1695058132210,27,5342,114899
3,1695058132210,14,5342,114913
3,1695058132210,19,5358,114932
3,1695058132210,20,5358,114952
3,1695058132210,27,5358,114979
3,1695058132210,14,5374,114993
3,1695058132210,19,5374,115012
3,1695058132210,20,5358,115032
3,1695058132210,41,5358,115073
3,1695058132210,21,5358,115094
3,1695058132210,35,5358,115129
3,1695058132210,13,5358,115142
3,1695058132210,14,5358,115156
3,1695058132210,18,5366,115174
3,1695058132210,20,5358,115194
3,1695058132210,22,5366,115216
3,1695058132210,19,5358,115235
3,1695058132210,20,5342,115255
3,1695058132210,20,5342,115275
3,1695058132210,22,5342,115297
3,1695058132210,19,5342,115316
3,1695058132210,20,5342,115336
3,1695058132210,23,5342,115359
3,1695058132210,18,5342,115377
3,1695058132210,19,5342,115396
3,1695058132210,20,5342,115416
3,1695058132210,23,5342,115439
3,1695058132210,18,5334,115457
3,1695058132210,19,5342,115476
3,1695058132210,20,5334,115496
3,1695058132210,27,5342,115523
3,1695058132210,14,5342,115537
3,1695058132210,19,5342,115556
3,1695058132210,20,5358,115576
3,1695058132210,27,5358,115603
3,1695058132210,14,5374,115617
3,1695058132210,19,5374,115636
3,1695058132210,20,5374,115656
3,1695058132210,27,5374,115683
3,1695058132210,14,5374,115697
3,1695058132210,19,5374,115716
3,1695058132210,20,5374,115736
3,1695058132210,41,5374,115777
3,1695058132210,20,5374,115797
3,1695058132210,20,5374,115817
3,1695058132210,23,5374,115840
3,1695058132210,32,5374,115872
3,1695058132210,9,5374,115881
3,1695058132210,16,5374,115897
3,1695058132210,21,5374,115918
3,1695058132210,19,5374,115937
3,1695058132210,20,5374,115957
3,1695058132210,20,5374,115977
3,1695058132210,21,5374,115998
3,1695058132210,19,5374,116017
3,1695058132210,20,5374,116037
3,1695058132210,24,5374,116061
3,1695058132210,19,5374,116080
3,1695058132210,18,5374,116098
3,1695058132210,20,5374,116118
3,1695058132210,23,5374,116141
3,1695058132210,18,5374,116159
3,1695058132210,20,5374,116179
3,1695058132210,20,5374,116199
3,1695058132210,27,5358,116226
3,1695058132210,14,5358,116240
3,1695058132210,19,5358,116259
3,1695058132210,20,5366,116279
3,1695058132210,27,5358,116306
3,1695058132210,14,5374,116320
3,1695058132210,19,5358,116339
3,1695058132210,20,5374,116359
3,1695058132210,41,5374,116400
3,1695058132210,20,5374,116420
3,1695058132210,20,5374,116440
3,1695058132210,23,5374,116463
3,1695058132210,17,5374,116480
3,1695058132210,20,5398,116500
3,1695058132210,20,5374,116520
3,1695058132210,21,5406,116541
3,1695058132210,19,5406,116560
3,1695058132210,20,5406,116580
3,1695058132210,20,5406,116600
3,1695058132210,22,5422,116622
3,1695058132210,18,5406,116640
3,1695058132210,20,5406,116660
3,1695058132210,23,5406,116683
3,1695058132210,19,5422,116702
3,1695058132210,19,5406,116721
3,1695058132210,20,5406,116741
3,1695058132210,23,5406,116764
3,1695058132210,18,5406,116782
3,1695058132210,20,5406,116802
3,1695058132210,21,5406,116823
3,1695058132210,39,5406,116862
3,1695058132210,9,5406,116871
3,1695058132210,14,5374,116885
3,1695058132210,17,5406,116902
3,1695058132210,27,5374,116929
3,1695058132210,14,5374,116943
3,1695058132210,19,5374,116962
3,1695058132210,21,5374,116983
3,1695058132210,40,5374,117023
3,1695058132210,20,5374,117043
3,1695058132210,20,5374,117063
3,1695058132210,20,5374,117083
3,1695058132210,20,5374,117103
3,1695058132210,20,5374,117123
3,1695058132210,20,5374,117143
3,1695058132210,22,5374,117165
3,1695058132210,19,5374,117184
3,1695058132210,20,5374,117204
3,1695058132210,20,5374,117224
3,1695058132210,21,5406,117245
3,1695058132210,19,5406,117264
3,1695058132210,20,5406,117284
3,1695058132210,24,5406,117308
3,1695058132210,19,5422,117327
3,1695058132210,18,5422,117345
3,1695058132210,20,5422,117365
3,1695058132210,23,5406,117388
3,1695058132210,17,5406,117405
3,1695058132210,20,5422,117425
3,1695058132210,20,5422,117445
3,1695058132210,27,5422,117472
3,1695058132210,14,5406,117486
3,1695058132210,19,5422,117505
3,1695058132210,20,5422,117525
3,1695058132210,27,5422,117552
3,1695058132210,33,5406,117585
3,1695058132210,21,5422,117606
3,1695058132210,27,5406,117633
3,1695058132210,14,5406,117647
3,1695058132210,19,5406,117666
3,1695058132210,20,5406,117686
3,1695058132210,41,5374,117727
3,1695058132210,20,5374,117747
3,1695058132210,20,5374,117767
3,1695058132210,24,5374,117791
3,1695058132210,32,5406,117823
3,1695058132210,9,5374,117832
3,1695058132210,15,5374,117847
3,1695058132210,21,5374,117868
3,1695058132210,20,5374,117888
3,1695058132210,19,5374,117907
3,1695058132210,20,5374,117927
3,1695058132210,21,5374,117948
3,1695058132210,19,5374,117967
3,1695058132210,20,5374,117987
3,1695058132210,23,5406,118010
3,1695058132210,19,5406,118029
3,1695058132210,19,5406,118048
3,1695058132210,20,5406,118068
3,1695058132210,23,5406,118091
3,1695058132210,17,5422,118108
3,1695058132210,20,5422,118128
3,1695058132210,20,5406,118148
3,1695058132210,27,5406,118175
3,1695058132210,14,5406,118189
3,1695058132210,19,5422,118208
3,1695058132210,20,5422,118228
3,1695058132210,28,5422,118256
3,1695058132210,14,5406,118270
3,1695058132210,18,5406,118288
3,1695058132210,20,5422,118308
3,1695058132210,41,5406,118349
3,1695058132210,20,5406,118369
3,1695058132210,20,5406,118389
3,1695058132210,23,5406,118412
3,1695058132210,17,5406,118429
3,1695058132210,20,5406,118449
3,1695058132210,20,5374,118469
3,1695058132210,21,5374,118490
3,1695058132210,20,5374,118510
3,1695058132210,27,5374,118537
3,1695058132210,17,5374,118554
3,1695058132210,19,5374,118573
3,1695058132210,17,5374,118590
3,1695058132210,20,5374,118610
3,1695058132210,41,5374,118651
3,1695058132210,20,5374,118671
3,1695058132210,20,5374,118691
3,1695058132210,24,5374,118715
3,1695058132210,17,5374,118732
3,1695058132210,20,5374,118752
3,1695058132210,20,5374,118772
3,1695058132210,27,5374,118799
3,1695058132210,14,5374,118813
3,1695058132210,19,5374,118832
3,1695058132210,20,5374,118852
3,1695058132210,27,5406,118879
3,1695058132210,14,5406,118893
3,1695058132210,19,5406,118912
3,1695058132210,20,5406,118932
3,1695058132210,41,5406,118973
3,1695058132210,20,5406,118993
3,1695058132210,20,5406,119013
3,1695058132210,24,5406,119037
3,1695058132210,16,5406,119053
3,1695058132210,20,5422,119073
3,1695058132210,20,5406,119093
3,1695058132210,20,5406,119113
3,1695058132210,20,5406,119133
3,1695058132210,20,5406,119153
3,1695058132210,20,5406,119173
3,1695058132210,21,5406,119194
3,1695058132210,19,5374,119213
3,1695058132210,20,5374,119233
3,1695058132210,23,5374,119256
3,1695058132210,37,5374,119293
3,1695058132210,9,5374,119302
3,1695058132210,14,5374,119316
3,1695058132210,19,5374,119335
3,1695058132210,17,5374,119352
3,1695058132210,20,5374,119372
3,1695058132210,20,5358,119392
3,1695058132210,27,5374,119419
3,1695058132210,14,5374,119433
3,1695058132210,19,5374,119452
3,1695058132210,20,5374,119472
3,1695058132210,27,5358,119499
3,1695058132210,14,5358,119513
3,1695058132210,19,5358,119532
3,1695058132210,20,5374,119552
3,1695058132210,28,5374,119580
3,1695058132210,14,5374,119594
3,1695058132210,18,5374,119612
3,1695058132210,20,5374,119632
3,1695058132210,41,5374,119673
3,1695058132210,21,5374,119694
3,1695058132210,20,5374,119714
3,1695058132210,23,5374,119737
3,1695058132210,18,5374,119755
3,1695058132210,20,5374,119775
3,1695058132210,20,5374,119795
3,1695058132210,21,5374,119816
3,1695058132210,19,5374,119835
3,1695058132210,20,5374,119855
3,1695058132210,20,5374,119875
3,1695058132210,21,5374,119896
3,1695058132210,19,5374,119915
3,1695058132210,20,5374,119935
3,1695058132210,23,5374,119958
3,1695058132210,19,5374,119977
3,1695058132210,19,5374,119996
3,1695058132210,20,5374,120016
3,1695058132210,23,5374,120039
3,1695058132210,18,5374,120057
3,1695058132210,20,5374,120077
3,1695058132210,21,5366,120098
3,1695058132210,40,5366,120138
3,1695058132210,9,5358,120147
3,1695058132210,14,5342,120161
3,1695058132210,16,5358,120177
3,1695058132210,27,5342,120204
3,1695058132210,14,5342,120218
3,1695058132210,19,5342,120237
3,1695058132210,20,5334,120257
3,1695058132210,41,5342,120298
3,1695058132210,20,5342,120318
3,1695058132210,20,5342,120338
3,1695058132210,23,5342,120361
3,1695058132210,17,5342,120378
3,1695058132210,20,5358,120398
3,1695058132210,20,5342,120418
3,1695058132210,21,5358,120439
3,1695058132210,19,5358,120458
3,1695058132210,20,5358,120478
3,1695058132210,20,5358,120498
3,1695058132210,21,5358,120519
3,1695058132210,19,5358,120538
3,1695058132210,20,5358,120558
3,1695058132210,23,5358,120581
3,1695058132210,19,5342,120600
3,1695058132210,19,5358,120619
3,1695058132210,20,5358,120639
3,1695058132210,23,5358,120662
3,1695058132210,18,5358,120680
3,1695058132210,20,5358,120700
3,1695058132210,20,5342,120720
3,1695058132210,28,5342,120748
3,1695058132210,15,5342,120763
3,1695058132210,18,5342,120781
3,1695058132210,20,5342,120801
3,1695058132210,27,5342,120828
3,1695058132210,15,5342,120843
3,1695058132210,20,5326,120863
3,1695058132210,28,5334,120891
3,1695058132210,33,5310,120924
3,1695058132210,20,5310,120944
3,1695058132210,20,5310,120964
3,1695058132210,24,5310,120988
3,1695058132210,16,5310,121004
3,1695058132210,20,5310,121024
3,1695058132210,20,5302,121044
3,1695058132210,22,5302,121066
3,1695058132210,19,5310,121085
3,1695058132210,20,5302,121105
3,1695058132210,20,5310,121125
3,1695058132210,20,5310,121145
3,1695058132210,20,5310,121165
3,1695058132210,20,5310,121185
3,1695058132210,23,5334,121208
3,1695058132210,19,5326,121227
3,1695058132210,18,5326,121245
3,1695058132210,20,5334,121265
3,1695058132210,23,5334,121288
3,1695058132210,17,5334,121305
3,1695058132210,20,5342,121325
3,1695058132210,20,5326,121345
3,1695058132210,27,5326,121372
3,1695058132210,15,5310,121387
3,1695058132210,19,5310,121406
3,1695058132210,20,5310,121426
3,1695058132210,27,5310,121453
3,1695058132210,15,5310,121468
3,1695058132210,19,5310,121487
3,1695058132210,21,5310,121508
3,1695058132210,27,5310,121535
3,1695058132210,15,5310,121550
3,1695058132210,18,5310,121568
3,1695058132210,20,5310,121588
3,1695058132210,41,5294,121629
3,1695058132210,20,5294,121649
3,1695058132210,20,5294,121669
3,1695058132210,22,5294,121691
3,1695058132210,18,5294,121709
3,1695058132210,20,5294,121729
3,1695058132210,20,5294,121749
3,1695058132210,22,5278,121771
3,1695058132210,19,5278,121790
3,1695058132210,20,5278,121810
3,1695058132210,23,5270,121833
3,1695058132210,20,5278,121853
3,1695058132210,33,5278,121886
3,1695058132210,10,5278,121896
3,1695058132210,19,5278,121915
3,1695058132210,19,5294,121934
3,1695058132210,19,5294,121953
3,1695058132210,20,5294,121973
3,1695058132210,22,5294,121995
3,1695058132210,18,5302,122013
3,1695058132210,20,5302,122033
3,1695058132210,20,5310,122053
3,1695058132210,27,5310,122080
3,1695058132210,15,5310,122095
3,1695058132210,19,5294,122114
3,1695058132210,20,5310,122134
3,1695058132210,28,5310,122162
3,1695058132210,15,5310,122177
3,1695058132210,18,5302,122195
3,1695058132210,20,5310,122215
3,1695058132210,41,5310,122256
3,1695058132210,20,5310,122276
3,1695058132210,20,5310,122296
3,1695058132210,23,5310,122319
3,1695058132210,17,5310,122336
3,1695058132210,20,5310,122356
3,1695058132210,20,5302,122376
3,1695058132210,22,5294,122398
3,1695058132210,19,5294,122417
3,1695058132210,20,5294,122437
3,1695058132210,20,5294,122457
3,1695058132210,22,5294,122479
3,1695058132210,19,5294,122498
3,1695058132210,21,5278,122519
3,1695058132210,40,5294,122559
3,1695058132210,15,5294,122574
3,1695058132210,10,5278,122584
3,1695058132210,16,5278,122600
3,1695058132210,23,5278,122623
3,1695058132210,17,5278,122640
3,1695058132210,20,5278,122660
3,1695058132210,20,5278,122680
3,1695058132210,27,5278,122707
3,1695058132210,15,5294,122722
3,1695058132210,18,5294,122740
3,1695058132210,20,5294,122760
3,1695058132210,27,5294,122787
3,1695058132210,15,5310,122802
3,1695058132210,19,5310,122821
3,1695058132210,20,5294,122841
3,1695058132210,41,5294,122882
3,1695058132210,20,5294,122902
3,1695058132210,20,5310,122922
3,1695058132210,41,5302,122963
3,1695058132210,20,5294,122983
3,1695058132210,20,5310,123003
3,1695058132210,22,5310,123025
3,1695058132210,19,5310,123044
3,1695058132210,20,5310,123064
3,1695058132210,20,5310,123084
3,1695058132210,22,5302,123106
3,1695058132210,18,5310,123124
3,1695058132210,21,5294,123145
3,1695058132210,29,5310,123174
3,1695058132210,15,5294,123189
3,1695058132210,16,5294,123205
3,1695058132210,20,5294,123225
3,1695058132210,23,5294,123248
3,1695058132210,17,5278,123265
3,1695058132210,20,5278,123285
3,1695058132210,20,5278,123305
3,1695058132210,28,5278,123333
3,1695058132210,15,5278,123348
3,1695058132210,17,5270,123365
3,1695058132210,20,5278,123385
3,1695058132210,27,5270,123412
3,1695058132210,15,5270,123427
3,1695058132210,19,5278,123446
3,1695058132210,20,5270,123466
3,1695058132210,27,5294,123493
3,1695058132210,15,5278,123508
3,1695058132210,19,5294,123527
3,1695058132210,20,5278,123547
3,1695058132210,41,5294,123588
3,1695058132210,20,5294,123608
3,1695058132210,20,5294,123628
3,1695058132210,22,5294,123650
3,1695058132210,18,5294,123668
3,1695058132210,20,5294,123688
3,1695058132210,20,5294,123708
3,1695058132210,22,5294,123730
3,1695058132210,19,5294,123749
3,1695058132210,20,5294,123769
3,1695058132210,23,5294,123792
3,1695058132210,19,5294,123811
3,1695058132210,19,5278,123830
3,1695058132210,20,5294,123850
3,1695058132210,23,5278,123873
3,1695058132210,19,5294,123892
3,1695058132210,19,5294,123911
3,1695058132210,20,5294,123931
3,1695058132210,23,5278,123954
3,1695058132210,17,5278,123971
3,1695058132210,20,5278,123991
3,1695058132210,20,5294,124011
3,1695058132210,27,5278,124038
3,1695058132210,15,5270,124053
3,1695058132210,33,5246,124086
3,1695058132210,10,5246,124096
3,1695058132210,22,5246,124118
3,1695058132210,15,5230,124133
3,1695058132210,19,5246,124152
3,1695058132210,20,5246,124172
3,1695058132210,41,5246,124213
3,1695058132210,21,5246,124234
3,1695058132210,20,5246,124254
3,1695058132210,23,5278,124277
3,1695058132210,17,5270,124294
3,1695058132210,20,5278,124314
3,1695058132210,20,5278,124334
3,1695058132210,22,5278,124356
3,1695058132210,19,5278,124375
3,1695058132210,20,5278,124395
3,1695058132210,20,5278,124415
3,1695058132210,22,5278,124437
3,1695058132210,19,5294,124456
3,1695058132210,20,5278,124476
3,1695058132210,23,5278,124499
3,1695058132210,19,5278,124518
3,1695058132210,19,5278,124537
3,1695058132210,20,5278,124557
3,1695058132210,23,5278,124580
3,1695058132210,17,5278,124597
3,1695058132210,20,5294,124617
3,1695058132210,20,5294,124637
3,1695058132210,27,5278,124664
3,1695058132210,15,5278,124679
3,1695058132210,19,5278,124698
3,1695058132210,20,5278,124718
3,1695058132210,27,5270,124745
3,1695058132210,15,5246,124760
3,1695058132210,19,5246,124779
3,1695058132210,20,5246,124799
3,1695058132210,41,5262,124840
3,1695058132210,181,5246,125021
3,1695058132210,31,5246,125052
3,1695058132210,17,5246,125069
3,1695058132210,16,5246,125085
3,1695058132210,20,5246,125105
3,1695058132210,23,5246,125128
3,1695058132210,18,5246,125146
3,1695058132210,19,5278,125165
3,1695058132210,20,5270,125185
3,1695058132210,20,5270,125205
3,1695058132210,19,5278,125224
3,1695058132210,21,5278,125245
3,1695058132210,20,5270,125265
3,1695058132210,27,5278,125292
3,1695058132210,13,5270,125305
3,1695058132210,20,5278,125325
3,1695058132210,20,5278,125345
3,1695058132210,27,5246,125372
3,1695058132210,14,5270,125386
3,1695058132210,20,5278,125406
3,1695058132210,20,5278,125426
3,1695058132210,27,5246,125453
3,1695058132210,13,5270,125466
3,1695058132210,26,5246,125492
3,1695058132210,15,5270,125507
3,1695058132210,41,5246,125548
3,1695058132210,20,5246,125568
3,1695058132210,20,5246,125588
3,1695058132210,23,5246,125611
3,1695058132210,17,5246,125628
3,1695058132210,19,5246,125647
3,1695058132210,21,5246,125668
3,1695058132210,20,5230,125688
3,1695058132210,20,5230,125708
3,1695058132210,20,5230,125728
3,1695058132210,20,5230,125748
3,1695058132210,21,5230,125769
3,1695058132210,20,5230,125789
3,1695058132210,20,5214,125809
3,1695058132210,23,5230,125832
3,1695058132210,18,5230,125850
3,1695058132210,20,5246,125870
3,1695058132210,20,5238,125890
3,1695058132210,23,5246,125913
3,1695058132210,17,5246,125930
3,1695058132210,20,5246,125950
3,1695058132210,20,5246,125970
3,1695058132210,27,5246,125997
3,1695058132210,13,5246,126010
3,1695058132210,20,5246,126030
3,1695058132210,21,5246,126051
3,1695058132210,27,5246,126078
3,1695058132210,13,5246,126091
3,1695058132210,19,5246,126110
3,1695058132210,20,5246,126130
3,1695058132210,40,5246,126170
3,1695058132210,20,5246,126190
3,1695058132210,19,5246,126209
3,1695058132210,24,5246,126233
3,1695058132210,18,5246,126251
3,1695058132210,26,5246,126277
3,1695058132210,13,5246,126290
3,1695058132210,19,5246,126309
3,1695058132210,20,5246,126329
3,1695058132210,22,5246,126351
3,1695058132210,20,5238,126371
3,1695058132210,20,5238,126391
3,1695058132210,20,5246,126411
3,1695058132210,20,5230,126431
3,1695058132210,23,5214,126454
3,1695058132210,18,5230,126472
3,1695058132210,20,5214,126492
3,1695058132210,20,5214,126512
3,1695058132210,23,5214,126535
3,1695058132210,17,5214,126552
3,1695058132210,20,5214,126572
3,1695058132210,20,5214,126592
3,1695058132210,27,5214,126619
3,1695058132210,13,5214,126632
3,1695058132210,20,5230,126652
3,1695058132210,20,5230,126672
3,1695058132210,27,5214,126699
3,1695058132210,13,5214,126712
3,1695058132210,20,5246,126732
3,1695058132210,20,5230,126752
3,1695058132210,41,5230,126793
3,1695058132210,20,5230,126813
3,1695058132210,20,5238,126833
3,1695058132210,24,5230,126857
3,1695058132210,16,5230,126873
3,1695058132210,20,5246,126893
3,1695058132210,19,5246,126912
3,1695058132210,23,5230,126935
3,1695058132210,19,5246,126954
3,1695058132210,20,5230,126974
3,1695058132210,20,5238,126994
3,1695058132210,20,5230,127014
3,1695058132210,20,5230,127034
3,1695058132210,19,5230,127053
3,1695058132210,24,5214,127077
3,1695058132210,18,5214,127095
3,1695058132210,20,5214,127115
3,1695058132210,21,5230,127136
3,1695058132210,38,5214,127174
3,1695058132210,8,5214,127182
3,1695058132210,13,5206,127195
3,1695058132210,20,5214,127215
3,1695058132210,21,5214,127236
3,1695058132210,19,5198,127255
3,1695058132210,20,5214,127275
3,1695058132210,20,5182,127295
3,1695058132210,25,5182,127320
3,1695058132210,13,5182,127333
3,1695058132210,20,5182,127353
3,1695058132210,20,5182,127373
3,1695058132210,29,5182,127402
3,1695058132210,13,5206,127415
3,1695058132210,19,5182,127434
3,1695058132210,20,5206,127454
3,1695058132210,41,5214,127495
3,1695058132210,20,5214,127515
3,1695058132210,20,5214,127535
3,1695058132210,22,5214,127557
3,1695058132210,18,5214,127575
3,1695058132210,20,5214,127595
3,1695058132210,20,5214,127615
3,1695058132210,20,5214,127635
3,1695058132210,20,5214,127655
3,1695058132210,20,5214,127675
3,1695058132210,20,5214,127695
3,1695058132210,20,5214,127715
3,1695058132210,20,5214,127735
3,1695058132210,20,5206,127755
3,1695058132210,23,5214,127778
3,1695058132210,18,5214,127796
3,1695058132210,20,5206,127816
3,1695058132210,21,5206,127837
3,1695058132210,38,5206,127875
3,1695058132210,8,5214,127883
3,1695058132210,13,5198,127896
3,1695058132210,20,5182,127916
3,1695058132210,27,5198,127943
3,1695058132210,13,5198,127956
3,1695058132210,20,5198,127976
3,1695058132210,20,5182,127996
3,1695058132210,27,5198,128023
3,1695058132210,13,5182,128036
3,1695058132210,20,5182,128056
3,1695058132210,20,5182,128076
3,1695058132210,39,5166,128115
3,1695058132210,22,5166,128137
3,1695058132210,20,5166,128157
3,1695058132210,23,5166,128180
3,1695058132210,17,5174,128197
3,1695058132210,20,5174,128217
3,1695058132210,19,5174,128236
3,1695058132210,22,5174,128258
3,1695058132210,20,5182,128278
3,1695058132210,20,5182,128298
3,1695058132210,20,5182,128318
3,1695058132210,21,5182,128339
3,1695058132210,19,5182,128358
3,1695058132210,20,5182,128378
3,1695058132210,23,5182,128401
3,1695058132210,18,5182,128419
3,1695058132210,20,5182,128439
3,1695058132210,20,5182,128459
3,1695058132210,23,5182,128482
3,1695058132210,18,5182,128500
3,1695058132210,18,5182,128518
3,1695058132210,20,5182,128538
3,1695058132210,29,5198,128567
3,1695058132210,12,5198,128579
3,1695058132210,19,5182,128598
3,1695058132210,20,5182,128618
3,1695058132210,29,5182,128647
3,1695058132210,12,5182,128659
3,1695058132210,19,5182,128678
3,1695058132210,20,5182,128698
3,1695058132210,41,5182,128739
3,1695058132210,27,5182,128766
3,1695058132210,12,5182,128778
3,1695058132210,41,5174,128819
3,1695058132210,20,5166,128839
3,1695058132210,20,5166,128859
3,1695058132210,21,5166,128880
3,1695058132210,19,5166,128899
3,1695058132210,20,5166,128919
3,1695058132210,20,5118,128939
3,1695058132210,20,5150,128959
3,1695058132210,20,5166,128979
3,1695058132210,20,5118,128999
3,1695058132210,20,5166,129019
3,1695058132210,20,5166,129039
3,1695058132210,20,5166,129059
3,1695058132210,20,5182,129079
3,1695058132210,22,5182,129101
3,1695058132210,17,5182,129118
3,1695058132210,20,5182,129138
3,1695058132210,20,5182,129158
3,1695058132210,29,5182,129187
3,1695058132210,14,5182,129201
3,1695058132210,17,5182,129218
3,1695058132210,20,5182,129238
3,1695058132210,29,5182,129267
3,1695058132210,12,5198,129279
3,1695058132210,22,5182,129301
3,1695058132210,18,5198,129319
3,1695058132210,41,5198,129360
3,1695058132210,20,5198,129380
3,1695058132210,20,5182,129400
3,1695058132210,43,5182,129443
3,1695058132210,18,5182,129461
3,1695058132210,20,5198,129481
3,1695058132210,23,5182,129504
3,1695058132210,27,5198,129531
3,1695058132210,12,5182,129543
3,1695058132210,18,5182,129561
3,1695058132210,20,5174,129581
3,1695058132210,20,5182,129601
3,1695058132210,20,5182,129621
3,1695058132210,20,5182,129641
3,1695058132210,21,5182,129662
3,1695058132210,22,5174,129684
3,1695058132210,18,5182,129702
3,1695058132210,23,5166,129725
3,1695058132210,20,5166,129745
3,1695058132210,20,5150,129765
3,1695058132210,18,5166,129783
3,1695058132210,23,5150,129806
3,1695058132210,18,5166,129824
3,1695058132210,20,5166,129844
3,1695058132210,20,5166,129864
3,1695058132210,27,5166,129891
3,1695058132210,13,5166,129904
3,1695058132210,20,5174,129924
3,1695058132210,20,5182,129944
3,1695058132210,29,5182,129973
3,1695058132210,12,5182,129985
3,1695058132210,19,5182,130004
3,1695058132210,23,5182,130027
3,1695058132210,38,5182,130065
3,1695058132210,23,5182,130088
3,1695058132210,20,5182,130108
3,1695058132210,20,5182,130128
3,1695058132210,20,5182,130148
3,1695058132210,20,5182,130168
3,1695058132210,18,5198,130186
3,1695058132210,20,5182,130206
3,1695058132210,20,5198,130226
3,1695058132210,20,5182,130246
3,1695058132210,20,5198,130266
3,1695058132210,23,5182,130289
3,1695058132210,18,5182,130307
3,1695058132210,20,5182,130327
3,1695058132210,20,5182,130347
3,1695058132210,20,5182,130367
3,1695058132210,20,5182,130387
3,1695058132210,20,5182,130407
3,1695058132210,23,5174,130430
3,1695058132210,20,5182,130450
3,1695058132210,18,5182,130468
3,1695058132210,20,5182,130488
3,1695058132210,30,5166,130518
3,1695058132210,15,5166,130533
3,1695058132210,25,5166,130558
3,1695058132210,12,5182,130570
3,1695058132210,25,5166,130595
3,1695058132210,13,5174,130608
3,1695058132210,23,5166,130631
3,1695058132210,20,5150,130651
3,1695058132210,41,5150,130692
3,1695058132210,18,5166,130710
3,1695058132210,20,5150,130730
3,1695058132210,24,5166,130754
3,1695058132210,16,5166,130770
3,1695058132210,23,5182,130793
3,1695058132210,18,5182,130811
3,1695058132210,21,5182,130832
3,1695058132210,19,5182,130851
3,1695058132210,20,5182,130871
3,1695058132210,23,5182,130894
3,1695058132210,19,5182,130913
3,1695058132210,19,5182,130932
3,1695058132210,23,5182,130955
3,1695058132210,18,5182,130973
3,1695058132210,20,5174,130993
3,1695058132210,20,5174,131013
3,1695058132210,20,5182,131033
3,1695058132210,24,5182,131057
3,1695058132210,16,5182,131073
3,1695058132210,23,5182,131096
3,1695058132210,28,5182,131124
3,1695058132210,26,5182,131150
3,1695058132210,7,5182,131157
3,1695058132210,19,5182,131176
3,1695058132210,18,5182,131194
3,1695058132210,29,5182,131223
3,1695058132210,12,5174,131235
3,1695058132210,21,5182,131256
3,1695058132210,18,5182,131274
3,1695058132210,29,5166,131303
3,1695058132210,12,5166,131315
3,1695058132210,21,5166,131336
3,1695058132210,20,5118,131356
3,1695058132210,18,5118,131374
3,1695058132210,20,5166,131394
3,1695058132210,20,5118,131414
3,1695058132210,23,5118,131437
3,1695058132210,20,5118,131457
3,1695058132210,19,5118,131476
3,1695058132210,20,5118,131496
3,1695058132210,23,5118,131519
3,1695058132210,19,5118,131538
3,1695058132210,19,5118,131557
3,1695058132210,20,5150,131577
3,1695058132210,20,5166,131597
3,1695058132210,23,5166,131620
3,1695058132210,18,5166,131638
3,1695058132210,23,5166,131661
3,1695058132210,24,5166,131685
3,1695058132210,16,5166,131701
3,1695058132210,18,5174,131719
3,1695058132210,23,5166,131742
3,1695058132210,23,5174,131765
3,1695058132210,15,5166,131780
3,1695058132210,23,5182,131803
3,1695058132210,20,5174,131823
3,1695058132210,27,5166,131850
3,1695058132210,12,5166,131862
3,1695058132210,21,5166,131883
3,1695058132210,20,5174,131903
3,1695058132210,27,5182,131930
3,1695058132210,13,5182,131943
3,1695058132210,25,5182,131968
3,1695058132210,13,5178,131981
3,1695058132210,43,5182,132024
3,1695058132210,20,5182,132044
3,1695058132210,20,5166,132064
3,1695058132210,23,5166,132087
3,1695058132210,15,5166,132102
3,1695058132210,20,5166,132122
3,1695058132210,23,5166,132145
3,1695058132210,19,5150,132164
3,1695058132210,21,5166,132185
3,1695058132210,18,5150,132203
3,1695058132210,23,5166,132226
3,1695058132210,21,5150,132247
3,1695058132210,19,5118,132266
3,1695058132210,18,5118,132284
3,1695058132210,20,5118,132304
3,1695058132210,22,5118,132326
3,1695058132210,20,5118,132346
3,1695058132210,18,5118,132364
3,1695058132210,26,5118,132390
3,1695058132210,17,5118,132407
3,1695058132210,20,5118,132427
3,1695058132210,20,5118,132447
3,1695058132210,27,5166,132474
3,1695058132210,15,5118,132489
3,1695058132210,19,5166,132508
3,1695058132210,20,5150,132528
3,1695058132210,27,5166,132555
3,1695058132210,12,5166,132567
3,1695058132210,19,5166,132586
3,1695058132210,23,5174,132609
3,1695058132210,41,5166,132650
3,1695058132210,18,5182,132668
3,1695058132210,20,5166,132688
3,1695058132210,24,5166,132712
3,1695058132210,16,5182,132728
3,1695058132210,21,5182,132749
3,1695058132210,30,5182,132779
3,1695058132210,19,5182,132798
3,1695058132210,15,5182,132813
3,1695058132210,18,5182,132831
3,1695058132210,18,5182,132849
3,1695058132210,23,5182,132872
3,1695058132210,20,5182,132892
3,1695058132210,20,5182,132912
3,1695058132210,18,5182,132930
3,1695058132210,23,5174,132953
3,1695058132210,20,5166,132973
3,1695058132210,20,5182,132993
3,1695058132210,24,5166,133017
3,1695058132210,17,5182,133034
3,1695058132210,20,5166,133054
3,1695058132210,20,5166,133074
3,1695058132210,27,5166,133101
3,1695058132210,15,5166,133116
3,1695058132210,19,5118,133135
3,1695058132210,20,5166,133155
3,1695058132210,27,5150,133182
3,1695058132210,15,5118,133197
3,1695058132210,19,5118,133216
3,1695058132210,20,5118,133236
3,1695058132210,27,5118,133263
3,1695058132210,15,5118,133278
3,1695058132210,19,5150,133297
3,1695058132210,20,5166,133317
3,1695058132210,41,5166,133358
3,1695058132210,20,5150,133378
3,1695058132210,20,5174,133398
3,1695058132210,20,5182,133418
3,1695058132210,20,5182,133438
3,1695058132210,20,5182,133458
3,1695058132210,20,5182,133478
3,1695058132210,22,5182,133500
3,1695058132210,19,5182,133519
3,1695058132210,20,5182,133539
3,1695058132210,23,5182,133562
3,1695058132210,17,5182,133579
3,1695058132210,25,5182,133604
3,1695058132210,16,5198,133620
3,1695058132210,23,5182,133643
3,1695058132210,19,5198,133662
3,1695058132210,19,5214,133681
3,1695058132210,20,5198,133701
3,1695058132210,23,5198,133724
3,1695058132210,17,5206,133741
3,1695058132210,20,5198,133761
3,1695058132210,20,5182,133781
3,1695058132210,28,5206,133809
3,1695058132210,15,5182,133824
3,1695058132210,18,5182,133842
3,1695058132210,20,5182,133862
3,1695058132210,27,5182,133889
3,1695058132210,15,5182,133904
3,1695058132210,19,5182,133923
3,1695058132210,20,5182,133943
3,1695058132210,41,5182,133984
3,1695058132210,20,5182,134004
3,1695058132210,18,5174,134022
3,1695058132210,23,5182,134045
3,1695058132210,17,5182,134062
3,1695058132210,23,5182,134085
3,1695058132210,20,5182,134105
3,1695058132210,22,5182,134127
3,1695058132210,19,5182,134146
3,1695058132210,20,5182,134166
3,1695058132210,20,5182,134186
3,1695058132210,19,5182,134205
3,1695058132210,21,5198,134226
3,1695058132210,20,5214,134246
3,1695058132210,23,5214,134269
3,1695058132210,19,5214,134288
3,1695058132210,18,5214,134306
3,1695058132210,18,5230,134324
3,1695058132210,24,5214,134348
3,1695058132210,19,5214,134367
3,1695058132210,20,5230,134387
3,1695058132210,20,5214,134407
3,1695058132210,27,5214,134434
3,1695058132210,15,5230,134449
3,1695058132210,19,5230,134468
3,1695058132210,18,5230,134486
3,1695058132210,30,5214,134516
3,1695058132210,33,5214,134549
3,1695058132210,21,5230,134570
3,1695058132210,41,5230,134611
3,1695058132210,20,5214,134631
3,1695058132210,20,5214,134651
3,1695058132210,24,5230,134675
3,1695058132210,16,5214,134691
3,1695058132210,20,5214,134711
3,1695058132210,20,5214,134731
3,1695058132210,22,5214,134753
3,1695058132210,19,5214,134772
3,1695058132210,20,5214,134792
3,1695058132210,20,5214,134812
3,1695058132210,22,5206,134834
3,1695058132210,19,5206,134853
3,1695058132210,20,5206,134873
3,1695058132210,18,5206,134891
3,1695058132210,23,5214,134914
3,1695058132210,20,5198,134934
3,1695058132210,20,5214,134954
3,1695058132210,23,5206,134977
3,1695058132210,17,5214,134994
3,1695058132210,20,5214,135014
3,1695058132210,20,5230,135034
3,1695058132210,22,5214,135056
3,1695058132210,17,5246,135073
3,1695058132210,20,5230,135093
3,1695058132210,21,5246,135114
3,1695058132210,25,5246,135139
3,1695058132210,12,5246,135151
3,1695058132210,20,5246,135171
3,1695058132210,20,5246,135191
3,1695058132210,29,5246,135220
3,1695058132210,15,5246,135235
3,1695058132210,16,5246,135251
3,1695058132210,20,5246,135271
3,1695058132210,43,5270,135314
3,1695058132210,20,5278,135334
3,1695058132210,21,5246,135355
3,1695058132210,40,5278,135395
3,1695058132210,15,5278,135410
3,1695058132210,10,5294,135420
3,1695058132210,16,5278,135436
3,1695058132210,20,5278,135456
3,1695058132210,20,5278,135476
3,1695058132210,20,5278,135496
3,1695058132210,17,5278,135513
3,1695058132210,23,5278,135536
3,1695058132210,20,5270,135556
3,1695058132210,20,5278,135576
3,1695058132210,23,5278,135599
3,1695058132210,19,5278,135618
3,1695058132210,19,5278,135637
3,1695058132210,20,5278,135657
3,1695058132210,23,5278,135680
3,1695058132210,17,5278,135697
3,1695058132210,20,5246,135717
3,1695058132210,20,5270,135737
3,1695058132210,28,5246,135765
3,1695058132210,12,5246,135777
3,1695058132210,20,5246,135797
3,1695058132210,20,5270,135817
3,1695058132210,27,5270,135844
3,1695058132210,15,5278,135859
3,1695058132210,19,5278,135878
3,1695058132210,20,5294,135898
3,1695058132210,41,5294,135939
3,1695058132210,20,5310,135959
3,1695058132210,17,5310,135976
3,1695058132210,26,5310,136002
3,1695058132210,17,5310,136019
3,1695058132210,20,5326,136039
3,1695058132210,20,5310,136059
3,1695058132210,22,5326,136081
3,1695058132210,19,5334,136100
3,1695058132210,20,5342,136120
3,1695058132210,20,5342,136140
3,1695058132210,22,5342,136162
3,1695058132210,18,5342,136180
3,1695058132210,20,5342,136200
3,1695058132210,23,5358,136223
3,1695058132210,20,5342,136243
3,1695058132210,33,5342,136276
3,1695058132210,10,5342,136286
3,1695058132210,18,5358,136304
3,1695058132210,17,5342,136321
3,1695058132210,20,5358,136341
3,1695058132210,20,5358,136361
3,1695058132210,27,5342,136388
3,1695058132210,15,5342,136403
3,1695058132210,19,5358,136422
3,1695058132210,17,5342,136439
3,1695058132210,29,5342,136468
3,1695058132210,15,5342,136483
3,1695058132210,19,5342,136502
3,1695058132210,21,5342,136523
3,1695058132210,40,5342,136563
3,1695058132210,20,5342,136583
3,1695058132210,20,5342,136603
3,1695058132210,24,5334,136627
3,1695058132210,16,5342,136643
3,1695058132210,20,5342,136663
3,1695058132210,20,5342,136683
3,1695058132210,22,5358,136705
3,1695058132210,19,5366,136724
3,1695058132210,17,5374,136741
3,1695058132210,23,5374,136764
3,1695058132210,22,5374,136786
3,1695058132210,19,5374,136805
3,1695058132210,20,5374,136825
3,1695058132210,23,5374,136848
3,1695058132210,19,5374,136867
3,1695058132210,19,5406,136886
3,1695058132210,20,5406,136906
3,1695058132210,23,5374,136929
3,1695058132210,17,5406,136946
3,1695058132210,20,5406,136966
3,1695058132210,20,5406,136986
3,1695058132210,23,5422,137009
3,1695058132210,17,5406,137026
3,1695058132210,20,5422,137046
3,1695058132210,20,5422,137066
3,1695058132210,27,5422,137093
3,1695058132210,15,5422,137108
3,1695058132210,19,5422,137127
3,1695058132210,20,5430,137147
3,1695058132210,27,5422,137174
3,1695058132210,15,5422,137189
3,1695058132210,19,5422,137208
3,1695058132210,20,5406,137228
3,1695058132210,42,5406,137270
3,1695058132210,28,5422,137298
3,1695058132210,15,5422,137313
3,1695058132210,21,5422,137334
3,1695058132210,15,5406,137349
3,1695058132210,20,5406,137369
3,1695058132210,20,5406,137389
3,1695058132210,22,5406,137411
3,1695058132210,19,5406,137430
3,1695058132210,20,5406,137450
3,1695058132210,23,5406,137473
3,1695058132210,19,5406,137492
3,1695058132210,19,5406,137511
3,1695058132210,20,5406,137531
3,1695058132210,21,5422,137552
3,1695058132210,19,5430,137571
3,1695058132210,20,5438,137591
3,1695058132210,20,5454,137611
3,1695058132210,23,5454,137634
3,1695058132210,17,5470,137651
3,1695058132210,20,5462,137671
3,1695058132210,20,5470,137691
3,1695058132210,27,5470,137718
3,1695058132210,15,5470,137733
3,1695058132210,19,5470,137752
3,1695058132210,20,5470,137772
3,1695058132210,27,5470,137799
3,1695058132210,15,5470,137814
3,1695058132210,19,5470,137833
3,1695058132210,20,5486,137853
3,1695058132210,41,5486,137894
3,1695058132210,20,5486,137914
3,1695058132210,20,5486,137934
3,1695058132210,24,5494,137958
3,1695058132210,33,5502,137991
3,1695058132210,24,5502,138015
3,1695058132210,23,5486,138038
3,1695058132210,17,5494,138055
3,1695058132210,20,5494,138075
3,1695058132210,20,5494,138095
3,1695058132210,22,5494,138117
3,1695058132210,18,5486,138135
3,1695058132210,20,5470,138155
3,1695058132210,23,5486,138178
3,1695058132210,19,5486,138197
3,1695058132210,18,5486,138215
3,1695058132210,20,5470,138235
3,1695058132210,23,5486,138258
3,1695058132210,17,5486,138275
3,1695058132210,20,5470,138295
3,1695058132210,20,5470,138315
3,1695058132210,27,5486,138342
3,1695058132210,15,5486,138357
3,1695058132210,19,5486,138376
3,1695058132210,20,5502,138396
3,1695058132210,27,5502,138423
3,1695058132210,15,5502,138438
3,1695058132210,19,5502,138457
3,1695058132210,20,5534,138477
3,1695058132210,27,5534,138504
3,1695058132210,15,5534,138519
3,1695058132210,19,5534,138538
3,1695058132210,20,5534,138558
3,1695058132210,41,5558,138599
3,1695058132210,20,5550,138619
3,1695058132210,20,5558,138639
3,1695058132210,22,5566,138661
3,1695058132210,18,5566,138679
3,1695058132210,20,5566,138699
3,1695058132210,20,5566,138719
3,1695058132210,22,5566,138741
3,1695058132210,19,5566,138760
3,1695058132210,20,5566,138780
3,1695058132210,23,5566,138803
3,1695058132210,19,5566,138822
3,1695058132210,18,5566,138840
3,1695058132210,20,5566,138860
3,1695058132210,23,5566,138883
3,1695058132210,33,5566,138916
3,1695058132210,10,5590,138926
3,1695058132210,15,5566,138941
3,1695058132210,22,5566,138963
3,1695058132210,17,5566,138980
3,1695058132210,20,5566,139000
3,1695058132210,20,5582,139020
3,1695058132210,27,5566,139047
3,1695058132210,15,5566,139062
3,1695058132210,19,5566,139081
3,1695058132210,20,5566,139101
3,1695058132210,27,5566,139128
3,1695058132210,15,5582,139143
3,1695058132210,18,5566,139161
3,1695058132210,20,5590,139181
3,1695058132210,41,5598,139222
3,1695058132210,20,5614,139242
3,1695058132210,20,5598,139262
3,1695058132210,23,5598,139285
3,1695058132210,17,5630,139302
3,1695058132210,20,5630,139322
3,1695058132210,20,5630,139342
3,1695058132210,22,5630,139364
3,1695058132210,18,5630,139382
3,1695058132210,20,5630,139402
3,1695058132210,23,5630,139425
3,1695058132210,19,5630,139444
3,1695058132210,18,5630,139462
3,1695058132210,20,5630,139482
3,1695058132210,23,5630,139505
3,1695058132210,19,5630,139524
3,1695058132210,18,5678,139542
3,1695058132210,21,5678,139563
3,1695058132210,35,5662,139598
3,1695058132210,10,5678,139608
3,1695058132210,15,5678,139623
3,1695058132210,20,5678,139643
3,1695058132210,21,5678,139664
3,1695058132210,19,5678,139683
3,1695058132210,20,5678,139703
3,1695058132210,20,5678,139723
3,1695058132210,27,5678,139750
3,1695058132210,15,5678,139765
3,1695058132210,19,5678,139784
3,1695058132210,20,5678,139804
3,1695058132210,41,5678,139845
3,1695058132210,20,5694,139865
3,1695058132210,20,5662,139885
3,1695058132210,24,5678,139909
3,1695058132210,16,5678,139925
3,1695058132210,20,5662,139945
3,1695058132210,20,5678,139965
3,1695058132210,22,5678,139987
3,1695058132210,18,5678,140005
3,1695058132210,20,5694,140025
3,1695058132210,20,5694,140045
3,1695058132210,23,5710,140068
3,1695058132210,17,5710,140085
3,1695058132210,20,5718,140105
3,1695058132210,23,5726,140128
3,1695058132210,19,5726,140147
3,1695058132210,18,5742,140165
3,1695058132210,20,5742,140185
3,1695058132210,23,5742,140208
3,1695058132210,18,5742,140226
3,1695058132210,20,5742,140246
3,1695058132210,20,5758,140266
3,1695058132210,27,5758,140293
3,1695058132210,15,5750,140308
3,1695058132210,19,5758,140327
3,1695058132210,20,5758,140347
3,1695058132210,27,5758,140374
3,1695058132210,15,5758,140389
3,1695058132210,19,5758,140408
3,1695058132210,20,5758,140428
3,1695058132210,27,5758,140455
3,1695058132210,16,5758,140471
3,1695058132210,33,5758,140504
3,1695058132210,10,5758,140514
3,1695058132210,36,5758,140550
3,1695058132210,20,5758,140570
3,1695058132210,20,5758,140590
3,1695058132210,23,5758,140613
3,1695058132210,17,5758,140630
3,1695058132210,20,5758,140650
3,1695058132210,20,5758,140670
3,1695058132210,22,5758,140692
3,1695058132210,18,5758,140710
3,1695058132210,20,5758,140730
3,1695058132210,23,5750,140753
3,1695058132210,19,5758,140772
3,1695058132210,18,5758,140790
3,1695058132210,20,5758,140810
3,1695058132210,23,5790,140833
3,1695058132210,17,5790,140850
3,1695058132210,20,5806,140870
3,1695058132210,20,5806,140890
3,1695058132210,23,5806,140913
3,1695058132210,18,5806,140931
3,1695058132210,20,5806,140951
3,1695058132210,21,5822,140972
3,1695058132210,27,5822,140999
3,1695058132210,15,5822,141014
3,1695058132210,18,5822,141032
3,1695058132210,20,5822,141052
3,1695058132210,27,5822,141079
3,1695058132210,15,5822,141094
3,1695058132210,18,5822,141112
3,1695058132210,21,5822,141133
3,1695058132210,40,5822,141173
3,1695058132210,20,5822,141193
3,1695058132210,20,5846,141213
3,1695058132210,23,5846,141236
3,1695058132210,17,5822,141253
3,1695058132210,20,5822,141273
3,1695058132210,20,5838,141293
3,1695058132210,22,5838,141315
3,1695058132210,18,5822,141333
3,1695058132210,20,5822,141353
3,1695058132210,20,5822,141373
3,1695058132210,22,5822,141395
3,1695058132210,18,5822,141413
3,1695058132210,20,5822,141433
3,1695058132210,23,5822,141456
3,1695058132210,19,5822,141475
3,1695058132210,18,5822,141493
3,1695058132210,33,5822,141526
3,1695058132210,23,5822,141549
3,1695058132210,10,5822,141559
3,1695058132210,15,5822,141574
3,1695058132210,19,5846,141593
3,1695058132210,27,5854,141620
3,1695058132210,15,5854,141635
3,1695058132210,18,5854,141653
3,1695058132210,20,5854,141673
3,1695058132210,27,5878,141700
3,1695058132210,15,5870,141715
3,1695058132210,18,5870,141733
3,1695058132210,20,5886,141753
3,1695058132210,41,5886,141794
3,1695058132210,20,5886,141814
3,1695058132210,20,5886,141834
3,1695058132210,24,5886,141858
3,1695058132210,16,5886,141874
3,1695058132210,20,5886,141894
3,1695058132210,20,5886,141914
3,1695058132210,22,5886,141936
3,1695058132210,18,5886,141954
3,1695058132210,20,5886,141974
3,1695058132210,20,5886,141994
3,1695058132210,22,5886,142016
3,1695058132210,18,5886,142034
3,1695058132210,20,5886,142054
3,1695058132210,23,5886,142077
3,1695058132210,20,5886,142097
3,1695058132210,33,5886,142130
3,1695058132210,10,5886,142140
3,1695058132210,18,5886,142158
3,1695058132210,16,5882,142174
3,1695058132210,20,5886,142194
3,1695058132210,20,5886,142214
3,1695058132210,23,5870,142237
3,1695058132210,17,5870,142254
3,1695058132210,20,5870,142274
3,1695058132210,20,5870,142294
3,1695058132210,27,5854,142321
3,1695058132210,15,5854,142336
3,1695058132210,19,5870,142355
3,1695058132210,20,5878,142375
3,1695058132210,27,5878,142402
3,1695058132210,15,5886,142417
3,1695058132210,18,5886,142435
3,1695058132210,20,5886,142455
3,1695058132210,41,5886,142496
3,1695058132210,20,5886,142516
3,1695058132210,20,5918,142536
3,1695058132210,24,5886,142560
3,1695058132210,17,5918,142577
3,1695058132210,20,5934,142597
3,1695058132210,20,5934,142617
3,1695058132210,22,5918,142639
3,1695058132210,18,5934,142657
3,1695058132210,20,5934,142677
3,1695058132210,23,5934,142700
3,1695058132210,19,5934,142719
3,1695058132210,18,5950,142737
3,1695058132210,20,5934,142757
3,1695058132210,23,5934,142780
3,1695058132210,18,5934,142798
3,1695058132210,34,5942,142832
3,1695058132210,10,5934,142842
3,1695058132210,18,5918,142860
3,1695058132210,18,5934,142878
3,1695058132210,20,5918,142898
3,1695058132210,20,5934,142918
3,1695058132210,27,5918,142945
3,1695058132210,15,5918,142960
3,1695058132210,18,5918,142978
3,1695058132210,20,5918,142998
3,1695058132210,27,5918,143025
3,1695058132210,15,5886,143040
3,1695058132210,18,5886,143058
3,1695058132210,20,5886,143078
3,1695058132210,41,5886,143119
3,1695058132210,20,5886,143139
3,1695058132210,20,5886,143159
3,1695058132210,24,5918,143183
3,1695058132210,17,5918,143200
3,1695058132210,20,5918,143220
3,1695058132210,20,5934,143240
3,1695058132210,23,5950,143263
3,1695058132210,17,5950,143280
3,1695058132210,20,5950,143300
3,1695058132210,20,5950,143320
3,1695058132210,22,5966,143342
3,1695058132210,18,5950,143360
3,1695058132210,20,5966,143380
3,1695058132210,23,5982,143403
3,1695058132210,20,5982,143423
3,1695058132210,18,5982,143441
3,1695058132210,20,5982,143461
3,1695058132210,23,5974,143484
3,1695058132210,17,5982,143501
3,1695058132210,20,5982,143521
3,1695058132210,20,5982,143541
3,1695058132210,27,5982,143568
3,1695058132210,15,5982,143583
3,1695058132210,18,5982,143601
3,1695058132210,21,5982,143622
3,1695058132210,40,5982,143662
3,1695058132210,20,5982,143682
3,1695058132210,20,5982,143702
3,1695058132210,41,5982,143743
3,1695058132210,20,5982,143763
3,1695058132210,20,5950,143783
3,1695058132210,20,5966,143803
3,1695058132210,20,5966,143823
3,1695058132210,20,5974,143843
3,1695058132210,20,5950,143863
3,1695058132210,22,5966,143885
3,1695058132210,18,5950,143903
3,1695058132210,20,5950,143923
3,1695058132210,20,5950,143943
3,1695058132210,22,5950,143965
3,1695058132210,18,5950,143983
3,1695058132210,20,5950,144003
3,1695058132210,24,5974,144027
3,1695058132210,20,5982,144047
3,1695058132210,17,5982,144064
3,1695058132210,20,5982,144084
3,1695058132210,23,5982,144107
3,1695058132210,17,5998,144124
3,1695058132210,20,5998,144144
3,1695058132210,21,5998,144165
3,1695058132210,22,6014,144187
3,1695058132210,17,6014,144204
3,1695058132210,20,6014,144224
3,1695058132210,20,6006,144244
3,1695058132210,27,6014,144271
3,1695058132210,15,6014,144286
3,1695058132210,19,6014,144305
3,1695058132210,20,6014,144325
3,1695058132210,27,6014,144352
3,1695058132210,15,6014,144367
3,1695058132210,18,6014,144385
3,1695058132210,20,6014,144405
3,1695058132210,41,6014,144446
3,1695058132210,20,6014,144466
3,1695058132210,20,6014,144486
3,1695058132210,24,6014,144510
3,1695058132210,17,6014,144527
3,1695058132210,33,6014,144560
3,1695058132210,13,6014,144573
3,1695058132210,19,6014,144592
3,1695058132210,15,5998,144607
3,1695058132210,19,5982,144626
3,1695058132210,23,5982,144649
3,1695058132210,20,5982,144669
3,1695058132210,18,5982,144687
3,1695058132210,20,5982,144707
3,1695058132210,23,5982,144730
3,1695058132210,17,5982,144747
3,1695058132210,20,5982,144767
3,1695058132210,20,5974,144787
3,1695058132210,23,5974,144810
3,1695058132210,17,5950,144827
3,1695058132210,20,5982,144847
3,1695058132210,20,5982,144867
3,1695058132210,27,5982,144894
3,1695058132210,15,5982,144909
3,1695058132210,18,5982,144927
3,1695058132210,20,5998,144947
3,1695058132210,28,5982,144975
3,1695058132210,15,5998,144990
3,1695058132210,17,6014,145007
3,1695058132210,20,5998,145027
3,1695058132210,41,6014,145068
3,1695058132210,20,6014,145088
3,1695058132210,20,6006,145108
3,1695058132210,24,6006,145132
3,1695058132210,17,6014,145149
3,1695058132210,20,6014,145169
3,1695058132210,20,6014,145189
3,1695058132210,22,6006,145211
3,1695058132210,18,6014,145229
3,1695058132210,21,6006,145250
3,1695058132210,40,6014,145290
3,1695058132210,20,6014,145310
3,1695058132210,20,6014,145330
3,1695058132210,23,6006,145353
3,1695058132210,20,5998,145373
3,1695058132210,18,5998,145391
3,1695058132210,20,5998,145411
3,1695058132210,23,5998,145434
3,1695058132210,17,5982,145451
3,1695058132210,20,5982,145471
3,1695058132210,20,5982,145491
3,1695058132210,27,5974,145518
3,1695058132210,15,5974,145533
3,1695058132210,18,5950,145551
3,1695058132210,20,5950,145571
3,1695058132210,28,5950,145599
3,1695058132210,15,5950,145614
3,1695058132210,17,5950,145631
3,1695058132210,20,5934,145651
3,1695058132210,41,5950,145692
3,1695058132210,20,5950,145712
3,1695058132210,20,5950,145732
3,1695058132210,41,5966,145773
3,1695058132210,21,5974,145794
3,1695058132210,20,5966,145814
3,1695058132210,22,5950,145836
3,1695058132210,18,5966,145854
3,1695058132210,20,5950,145874
3,1695058132210,20,5950,145894
3,1695058132210,20,5950,145914
3,1695058132210,20,5950,145934
3,1695058132210,20,5950,145954
3,1695058132210,24,5974,145978
3,1695058132210,20,5950,145998
3,1695058132210,16,5950,146014
3,1695058132210,20,5950,146034
3,1695058132210,23,5950,146057
3,1695058132210,17,5950,146074
3,1695058132210,20,5950,146094
3,1695058132210,20,5950,146114
3,1695058132210,23,5950,146137
3,1695058132210,18,5934,146155
3,1695058132210,20,5934,146175
3,1695058132210,20,5918,146195
3,1695058132210,27,5934,146222
3,1695058132210,15,5918,146237
3,1695058132210,19,5886,146256
3,1695058132210,36,5886,146292
3,1695058132210,19,5886,146311
3,1695058132210,10,5886,146321
3,1695058132210,15,5886,146336
3,1695058132210,18,5886,146354
3,1695058132210,41,5886,146395
3,1695058132210,20,5878,146415
3,1695058132210,20,5870,146435
3,1695058132210,23,5870,146458
3,1695058132210,17,5870,146475
3,1695058132210,20,5870,146495
3,1695058132210,20,5878,146515
3,1695058132210,23,5886,146538
3,1695058132210,17,5886,146555
3,1695058132210,20,5886,146575
3,1695058132210,23,5886,146598
3,1695058132210,20,5886,146618
3,1695058132210,18,5886,146636
3,1695058132210,20,5886,146656
3,1695058132210,24,5886,146680
3,1695058132210,20,5886,146700
3,1695058132210,17,5886,146717
3,1695058132210,20,5886,146737
3,1695058132210,23,5886,146760
3,1695058132210,18,5886,146778
3,1695058132210,20,5886,146798
3,1695058132210,20,5886,146818
3,1695058132210,27,5886,146845
3,1695058132210,15,5886,146860
3,1695058132210,18,5886,146878
3,1695058132210,20,5886,146898
3,1695058132210,27,5886,146925
3,1695058132210,15,5886,146940
3,1695058132210,18,5886,146958
3,1695058132210,20,5886,146978
3,1695058132210,41,5870,147019
3,1695058132210,20,5886,147039
3,1695058132210,20,5870,147059
3,1695058132210,24,5854,147083
3,1695058132210,16,5870,147099
3,1695058132210,20,5870,147119
3,1695058132210,20,5854,147139
3,1695058132210,22,5854,147161
3,1695058132210,18,5854,147179
3,1695058132210,34,5846,147213
3,1695058132210,13,5846,147226
3,1695058132210,16,5822,147242
3,1695058132210,17,5846,147259
3,1695058132210,20,5822,147279
3,1695058132210,22,5846,147301
3,1695058132210,20,5846,147321
3,1695058132210,18,5854,147339
3,1695058132210,20,5846,147359
3,1695058132210,23,5854,147382
3,1695058132210,17,5854,147399
3,1695058132210,20,5870,147419
3,1695058132210,20,5854,147439
3,1695058132210,27,5870,147466
3,1695058132210,16,5878,147482
3,1695058132210,18,5870,147500
3,1695058132210,20,5870,147520
3,1695058132210,27,5870,147547
3,1695058132210,16,5870,147563
3,1695058132210,18,5870,147581
3,1695058132210,20,5854,147601
3,1695058132210,27,5870,147628
3,1695058132210,16,5854,147644
3,1695058132210,18,5870,147662
3,1695058132210,20,5870,147682
3,1695058132210,41,5854,147723
3,1695058132210,20,5870,147743
3,1695058132210,20,5870,147763
3,1695058132210,23,5870,147786
3,1695058132210,17,5870,147803
3,1695058132210,20,5854,147823
3,1695058132210,20,5854,147843
3,1695058132210,22,5854,147865
3,1695058132210,18,5854,147883
3,1695058132210,20,5854,147903
3,1695058132210,23,5846,147926
3,1695058132210,38,5822,147964
3,1695058132210,20,5822,147984
3,1695058132210,23,5846,148007
3,1695058132210,18,5838,148025
3,1695058132210,20,5838,148045
3,1695058132210,20,5822,148065
3,1695058132210,21,5822,148086
3,1695058132210,19,5838,148105
3,1695058132210,20,5854,148125
3,1695058132210,20,5854,148145
3,1695058132210,27,5854,148172
3,1695058132210,16,5854,148188
3,1695058132210,18,5854,148206
3,1695058132210,20,5854,148226
3,1695058132210,27,5870,148253
3,1695058132210,16,5886,148269
3,1695058132210,18,5870,148287
3,1695058132210,20,5870,148307
3,1695058132210,41,5878,148348
3,1695058132210,20,5870,148368
3,1695058132210,20,5870,148388
3,1695058132210,23,5878,148411
3,1695058132210,17,5870,148428
3,1695058132210,20,5870,148448
3,1695058132210,20,5870,148468
3,1695058132210,23,5870,148491
3,1695058132210,18,5870,148509
3,1695058132210,20,5870,148529
3,1695058132210,24,5870,148553
3,1695058132210,20,5854,148573
3,1695058132210,17,5854,148590
3,1695058132210,20,5854,148610
3,1695058132210,23,5854,148633
3,1695058132210,20,5854,148653
3,1695058132210,18,5854,148671
3,1695058132210,21,5854,148692
3,1695058132210,22,5854,148714
3,1695058132210,18,5846,148732
3,1695058132210,21,5854,148753
3,1695058132210,20,5838,148773
3,1695058132210,40,5822,148813
3,1695058132210,20,5822,148833
3,1695058132210,20,5822,148853
3,1695058132210,27,5822,148880
3,1695058132210,16,5822,148896
3,1695058132210,18,5822,148914
3,1695058132210,20,5846,148934
3,1695058132210,41,5854,148975
3,1695058132210,20,5854,148995
3,1695058132210,20,5870,149015
3,1695058132210,24,5870,149039
3,1695058132210,16,5854,149055
3,1695058132210,20,5886,149075
3,1695058132210,20,5886,149095
3,1695058132210,23,5870,149118
3,1695058132210,18,5878,149136
3,1695058132210,20,5886,149156
3,1695058132210,20,5878,149176
3,1695058132210,23,5870,149199
3,1695058132210,18,5870,149217
3,1695058132210,20,5886,149237
3,1695058132210,23,5886,149260
3,1695058132210,20,5886,149280
3,1695058132210,18,5870,149298
3,1695058132210,20,5886,149318
3,1695058132210,24,5870,149342
3,1695058132210,34,5870,149376
3,1695058132210,23,5878,149399
3,1695058132210,23,5870,149422
3,1695058132210,17,5870,149439
3,1695058132210,20,5870,149459
3,1695058132210,20,5870,149479
3,1695058132210,27,5870,149506
3,1695058132210,16,5854,149522
3,1695058132210,18,5854,149540
3,1695058132210,20,5854,149560
3,1695058132210,27,5854,149587
3,1695058132210,16,5854,149603
3,1695058132210,18,5854,149621
3,1695058132210,20,5846,149641
3,1695058132210,41,5838,149682
3,1695058132210,20,5854,149702
3,1695058132210,20,5854,149722
3,1695058132210,24,5854,149746
3,1695058132210,17,5854,149763
3,1695058132210,20,5870,149783
3,1695058132210,20,5870,149803
3,1695058132210,23,5886,149826
3,1695058132210,18,5886,149844
3,1695058132210,20,5886,149864
3,1695058132210,23,5886,149887
3,1695058132210,20,5886,149907
3,1695058132210,18,5878,149925
3,1695058132210,20,5886,149945
3,1695058132210,23,5886,149968
3,1695058132210,17,5886,149985
3,1695058132210,20,5886,150005
3,1695058132210,20,5886,150025
3,1695058132210,23,5886,150048
3,1695058132210,17,5886,150065
3,1695058132210,20,5886,150085
3,1695058132210,20,5886,150105
3,1695058132210,27,5886,150132
3,1695058132210,16,5886,150148
3,1695058132210,18,5886,150166
3,1695058132210,37,5886,150203
3,1695058132210,20,5886,150223
3,1695058132210,11,5870,150234
3,1695058132210,16,5886,150250
3,1695058132210,17,5870,150267
3,1695058132210,41,5854,150308
3,1695058132210,20,5854,150328
3,1695058132210,20,5854,150348
3,1695058132210,24,5854,150372
3,1695058132210,17,5846,150389
3,1695058132210,20,5838,150409
3,1695058132210,20,5846,150429
3,1695058132210,23,5838,150452
3,1695058132210,18,5822,150470
3,1695058132210,20,5846,150490
3,1695058132210,23,5838,150513
3,1695058132210,20,5854,150533
3,1695058132210,17,5854,150550
3,1695058132210,20,5846,150570
3,1695058132210,23,5854,150593
3,1695058132210,21,5870,150614
3,1695058132210,17,5870,150631
3,1695058132210,20,5854,150651
3,1695058132210,23,5870,150674
3,1695058132210,17,5870,150691
3,1695058132210,20,5870,150711
3,1695058132210,20,5854,150731
3,1695058132210,27,5870,150758
3,1695058132210,16,5870,150774
3,1695058132210,18,5854,150792
3,1695058132210,20,5870,150812
3,1695058132210,27,5870,150839
3,1695058132210,16,5878,150855
3,1695058132210,18,5870,150873
3,1695058132210,20,5870,150893
3,1695058132210,41,5870,150934
3,1695058132210,20,5854,150954
3,1695058132210,21,5854,150975
3,1695058132210,40,5854,151015
3,1695058132210,20,5854,151035
3,1695058132210,20,5854,151055
3,1695058132210,23,5838,151078
3,1695058132210,18,5854,151096
3,1695058132210,20,5822,151116
3,1695058132210,20,5822,151136
3,1695058132210,23,5822,151159
3,1695058132210,18,5822,151177
3,1695058132210,20,5822,151197
3,1695058132210,24,5806,151221
3,1695058132210,20,5814,151241
3,1695058132210,17,5790,151258
3,1695058132210,20,5806,151278
3,1695058132210,23,5806,151301
3,1695058132210,17,5790,151318
3,1695058132210,20,5790,151338
3,1695058132210,20,5790,151358
3,1695058132210,22,5806,151380
3,1695058132210,17,5806,151397
3,1695058132210,21,5822,151418
3,1695058132210,20,5806,151438
3,1695058132210,27,5814,151465
3,1695058132210,16,5822,151481
3,1695058132210,18,5822,151499
3,1695058132210,20,5806,151519
3,1695058132210,27,5822,151546
3,1695058132210,16,5814,151562
3,1695058132210,18,5822,151580
3,1695058132210,20,5822,151600
3,1695058132210,41,5806,151641
3,1695058132210,20,5814,151661
3,1695058132210,20,5814,151681
3,1695058132210,23,5806,151704
3,1695058132210,17,5806,151721
3,1695058132210,20,5806,151741
3,1695058132210,20,5806,151761
3,1695058132210,23,5790,151784
3,1695058132210,34,5806,151818
3,1695058132210,26,5790,151844
3,1695058132210,20,5790,151864
3,1695058132210,17,5782,151881
3,1695058132210,20,5790,151901
3,1695058132210,23,5790,151924
3,1695058132210,17,5790,151941
3,1695058132210,20,5758,151961
3,1695058132210,20,5758,151981
3,1695058132210,23,5758,152004
3,1695058132210,17,5758,152021
3,1695058132210,20,5750,152041
3,1695058132210,20,5758,152061
3,1695058132210,27,5742,152088
3,1695058132210,16,5742,152104
3,1695058132210,17,5742,152121
3,1695058132210,20,5726,152141
3,1695058132210,27,5742,152168
3,1695058132210,16,5726,152184
3,1695058132210,18,5726,152202
3,1695058132210,20,5750,152222
3,1695058132210,41,5742,152263
3,1695058132210,20,5742,152283
3,1695058132210,20,5758,152303
3,1695058132210,21,5758,152324
3,1695058132210,20,5758,152344
3,1695058132210,20,5758,152364
3,1695058132210,20,5750,152384
3,1695058132210,24,5758,152408
3,1695058132210,16,5758,152424
3,1695058132210,20,5758,152444
3,1695058132210,23,5758,152467
3,1695058132210,20,5750,152487
3,1695058132210,17,5750,152504
3,1695058132210,20,5758,152524
3,1695058132210,23,5742,152547
3,1695058132210,20,5758,152567
3,1695058132210,17,5742,152584
3,1695058132210,20,5750,152604
3,1695058132210,23,5742,152627
3,1695058132210,18,5742,152645
3,1695058132210,20,5742,152665
3,1695058132210,20,5726,152685
3,1695058132210,27,5742,152712
3,1695058132210,16,5726,152728
3,1695058132210,18,5742,152746
3,1695058132210,37,5726,152783
3,1695058132210,20,5710,152803
3,1695058132210,16,5726,152819
3,1695058132210,11,5718,152830
3,1695058132210,43,5710,152873
3,1695058132210,16,5694,152889
3,1695058132210,18,5694,152907
3,1695058132210,20,5694,152927
3,1695058132210,41,5678,152968
3,1695058132210,20,5678,152988
3,1695058132210,20,5686,153008
3,1695058132210,23,5678,153031
3,1695058132210,17,5678,153048
3,1695058132210,20,5678,153068
3,1695058132210,20,5678,153088
3,1695058132210,23,5678,153111
3,1695058132210,17,5686,153128
3,1695058132210,20,5694,153148
3,1695058132210,23,5694,153171
3,1695058132210,20,5694,153191
3,1695058132210,17,5694,153208
3,1695058132210,20,5694,153228
3,1695058132210,22,5694,153250
3,1695058132210,17,5694,153267
3,1695058132210,20,5678,153287
3,1695058132210,20,5694,153307
3,1695058132210,23,5678,153330
3,1695058132210,17,5694,153347
3,1695058132210,20,5694,153367
3,1695058132210,20,5694,153387
3,1695058132210,27,5678,153414
3,1695058132210,16,5694,153430
3,1695058132210,18,5694,153448
3,1695058132210,37,5694,153485
3,1695058132210,20,5694,153505
3,1695058132210,11,5694,153516
3,1695058132210,16,5694,153532
3,1695058132210,16,5678,153548
3,1695058132210,41,5678,153589
3,1695058132210,20,5678,153609
3,1695058132210,20,5678,153629
3,1695058132210,23,5662,153652
3,1695058132210,17,5662,153669
3,1695058132210,20,5630,153689
3,1695058132210,20,5630,153709
3,1695058132210,24,5630,153733
3,1695058132210,16,5630,153749
3,1695058132210,20,5630,153769
3,1695058132210,23,5630,153792
3,1695058132210,20,5630,153812
3,1695058132210,17,5630,153829
3,1695058132210,20,5630,153849
3,1695058132210,23,5630,153872
3,1695058132210,17,5630,153889
3,1695058132210,20,5630,153909
3,1695058132210,20,5630,153929
3,1695058132210,23,5630,153952
3,1695058132210,17,5630,153969
3,1695058132210,20,5630,153989
3,1695058132210,20,5630,154009
3,1695058132210,27,5630,154036
3,1695058132210,16,5630,154052
3,1695058132210,18,5630,154070
3,1695058132210,20,5630,154090
3,1695058132210,27,5630,154117
3,1695058132210,16,5630,154133
3,1695058132210,18,5630,154151
3,1695058132210,20,5630,154171
3,1695058132210,41,5630,154212
3,1695058132210,20,5630,154232
3,1695058132210,20,5630,154252
3,1695058132210,24,5630,154276
3,1695058132210,16,5630,154292
3,1695058132210,21,5630,154313
3,1695058132210,41,5630,154354
3,1695058132210,19,5630,154373
3,1695058132210,20,5630,154393
3,1695058132210,20,5630,154413
3,1695058132210,20,5630,154433
3,1695058132210,20,5622,154453
3,1695058132210,20,5598,154473
3,1695058132210,23,5622,154496
3,1695058132210,20,5598,154516
3,1695058132210,17,5614,154533
3,1695058132210,20,5614,154553
3,1695058132210,23,5598,154576
3,1695058132210,17,5614,154593
3,1695058132210,20,5598,154613
3,1695058132210,20,5598,154633
3,1695058132210,23,5598,154656
3,1695058132210,17,5598,154673
3,1695058132210,41,5614,154714
3,1695058132210,27,5614,154741
3,1695058132210,16,5630,154757
3,1695058132210,17,5614,154774
3,1695058132210,20,5614,154794
3,1695058132210,27,5614,154821
3,1695058132210,16,5614,154837
3,1695058132210,17,5630,154854
3,1695058132210,20,5630,154874
3,1695058132210,41,5630,154915
3,1695058132210,20,5630,154935
3,1695058132210,20,5630,154955
3,1695058132210,24,5622,154979
3,1695058132210,16,5614,154995
3,1695058132210,20,5630,155015
3,1695058132210,21,5630,155036
3,1695058132210,23,5622,155059
3,1695058132210,16,5630,155075
3,1695058132210,20,5630,155095
3,1695058132210,23,5630,155118
3,1695058132210,20,5630,155138
3,1695058132210,17,5630,155155
3,1695058132210,20,5630,155175
3,1695058132210,23,5626,155198
3,1695058132210,17,5622,155215
3,1695058132210,20,5622,155235
3,1695058132210,20,5614,155255
3,1695058132210,23,5598,155278
3,1695058132210,17,5614,155295
3,1695058132210,20,5630,155315
3,1695058132210,20,5614,155335
3,1695058132210,28,5614,155363
3,1695058132210,34,5598,155397
3,1695058132210,19,5598,155416
3,1695058132210,28,5598,155444
3,1695058132210,16,5614,155460
3,1695058132210,17,5614,155477
3,1695058132210,20,5614,155497
3,1695058132210,41,5630,155538
3,1695058132210,20,5630,155558
3,1695058132210,20,5630,155578
3,1695058132210,23,5630,155601
3,1695058132210,17,5630,155618
3,1695058132210,20,5630,155638
3,1695058132210,20,5630,155658
3,1695058132210,23,5630,155681
3,1695058132210,17,5630,155698
3,1695058132210,20,5630,155718
3,1695058132210,23,5630,155741
3,1695058132210,20,5662,155761
3,1695058132210,17,5630,155778
3,1695058132210,20,5630,155798
3,1695058132210,22,5630,155820
3,1695058132210,20,5662,155840
3,1695058132210,17,5630,155857
3,1695058132210,20,5630,155877
3,1695058132210,23,5662,155900
3,1695058132210,18,5662,155918
3,1695058132210,21,5662,155939
3,1695058132210,20,5662,155959
3,1695058132210,27,5630,155986
3,1695058132210,16,5630,156002
3,1695058132210,17,5662,156019
3,1695058132210,20,5662,156039
3,1695058132210,27,5630,156066
3,1695058132210,16,5630,156082
3,1695058132210,17,5630,156099
3,1695058132210,21,5630,156120
3,1695058132210,46,5630,156166
3,1695058132210,16,5630,156182
3,1695058132210,18,5630,156200
3,1695058132210,24,5630,156224
3,1695058132210,16,5630,156240
3,1695058132210,20,5630,156260
3,1695058132210,20,5630,156280
3,1695058132210,23,5662,156303
3,1695058132210,17,5662,156320
3,1695058132210,20,5678,156340
3,1695058132210,20,5678,156360
3,1695058132210,23,5686,156383
3,1695058132210,17,5694,156400
3,1695058132210,20,5694,156420
3,1695058132210,23,5694,156443
3,1695058132210,20,5694,156463
3,1695058132210,17,5694,156480
3,1695058132210,20,5718,156500
3,1695058132210,21,5694,156521
3,1695058132210,19,5726,156540
3,1695058132210,20,5718,156560
3,1695058132210,20,5726,156580
3,1695058132210,24,5726,156604
3,1695058132210,17,5726,156621
3,1695058132210,20,5726,156641
3,1695058132210,20,5726,156661
3,1695058132210,27,5726,156688
3,1695058132210,16,5726,156704
3,1695058132210,18,5726,156722
3,1695058132210,37,5726,156759
3,1695058132210,20,5726,156779
3,1695058132210,16,5742,156795
3,1695058132210,11,5726,156806
3,1695058132210,16,5726,156822
3,1695058132210,40,5726,156862
3,1695058132210,20,5726,156882
3,1695058132210,21,5726,156903
3,1695058132210,23,5726,156926
3,1695058132210,17,5726,156943
3,1695058132210,20,5742,156963
3,1695058132210,20,5726,156983
3,1695058132210,23,5726,157006
3,1695058132210,17,5726,157023
3,1695058132210,20,5726,157043
3,1695058132210,23,5726,157066
3,1695058132210,20,5726,157086
3,1695058132210,17,5726,157103
3,1695058132210,20,5742,157123
3,1695058132210,23,5742,157146
3,1695058132210,17,5758,157163
3,1695058132210,20,5758,157183
3,1695058132210,20,5750,157203
3,1695058132210,24,5758,157227
3,1695058132210,16,5758,157243
3,1695058132210,20,5758,157263
3,1695058132210,20,5758,157283
3,1695058132210,27,5758,157310
3,1695058132210,16,5782,157326
3,1695058132210,17,5758,157343
3,1695058132210,20,5758,157363
3,1695058132210,27,5758,157390
3,1695058132210,16,5758,157406
3,1695058132210,17,5790,157423
3,1695058132210,21,5782,157444
3,1695058132210,40,5790,157484
3,1695058132210,20,5790,157504
3,1695058132210,20,5790,157524
3,1695058132210,24,5790,157548
3,1695058132210,17,5790,157565
3,1695058132210,20,5790,157585
3,1695058132210,20,5790,157605
3,1695058132210,23,5790,157628
3,1695058132210,17,5758,157645
3,1695058132210,20,5790,157665
3,1695058132210,23,5758,157688
3,1695058132210,20,5758,157708
3,1695058132210,17,5758,157725
3,1695058132210,21,5758,157746
3,1695058132210,23,5758,157769
3,1695058132210,20,5758,157789
3,1695058132210,16,5758,157805
3,1695058132210,20,5758,157825
3,1695058132210,23,5758,157848
3,1695058132210,18,5758,157866
3,1695058132210,20,5758,157886
3,1695058132210,20,5758,157906
3,1695058132210,27,5758,157933
3,1695058132210,16,5758,157949
3,1695058132210,17,5758,157966
3,1695058132210,20,5758,157986
3,1695058132210,27,5758,158013
3,1695058132210,16,5782,158029
3,1695058132210,17,5790,158046
3,1695058132210,20,5790,158066
3,1695058132210,41,5782,158107
3,1695058132210,20,5790,158127
3,1695058132210,20,5790,158147
3,1695058132210,41,5758,158188
3,1695058132210,20,5790,158208
3,1695058132210,20,5790,158228
3,1695058132210,23,5758,158251
3,1695058132210,17,5758,158268
3,1695058132210,20,5782,158288
3,1695058132210,20,5790,158308
3,1695058132210,23,5782,158331
3,1695058132210,17,5782,158348
3,1695058132210,21,5758,158369
3,1695058132210,42,5758,158411
3,1695058132210,19,5790,158430
3,1695058132210,20,5758,158450
3,1695058132210,24,5758,158474
3,1695058132210,17,5758,158491
3,1695058132210,20,5758,158511
3,1695058132210,20,5758,158531
3,1695058132210,23,5758,158554
3,1695058132210,17,5758,158571
3,1695058132210,20,5742,158591
3,1695058132210,20,5758,158611
3,1695058132210,27,5758,158638
3,1695058132210,16,5742,158654
3,1695058132210,17,5742,158671
3,1695058132210,20,5742,158691
3,1695058132210,27,5742,158718
3,1695058132210,16,5742,158734
3,1695058132210,17,5742,158751
3,1695058132210,20,5726,158771
3,1695058132210,20,5742,158791
3,1695058132210,20,5742,158811
3,1695058132210,20,5758,158831
3,1695058132210,20,5758,158851
3,1695058132210,23,5758,158874
3,1695058132210,17,5758,158891
3,1695058132210,20,5758,158911
3,1695058132210,20,5758,158931
3,1695058132210,24,5758,158955
3,1695058132210,37,5758,158992
3,1695058132210,23,5758,159015
3,1695058132210,21,5758,159036
3,1695058132210,17,5758,159053
3,1695058132210,20,5758,159073
3,1695058132210,23,5758,159096
3,1695058132210,17,5758,159113
3,1695058132210,20,5758,159133
3,1695058132210,20,5758,159153
3,1695058132210,23,5758,159176
3,1695058132210,17,5750,159193
3,1695058132210,20,5758,159213
3,1695058132210,20,5758,159233
3,1695058132210,27,5742,159260
3,1695058132210,16,5742,159276
3,1695058132210,17,5742,159293
3,1695058132210,20,5758,159313
3,1695058132210,28,5742,159341
3,1695058132210,16,5742,159357
3,1695058132210,38,5726,159395
3,1695058132210,40,5726,159435
3,1695058132210,20,5694,159455
3,1695058132210,20,5710,159475
3,1695058132210,24,5718,159499
3,1695058132210,37,5710,159536
3,1695058132210,21,5694,159557
3,1695058132210,23,5710,159580
3,1695058132210,16,5694,159596
3,1695058132210,20,5718,159616
3,1695058132210,23,5694,159639
3,1695058132210,21,5726,159660
3,1695058132210,17,5710,159677
3,1695058132210,20,5718,159697
3,1695058132210,23,5726,159720
3,1695058132210,21,5718,159741
3,1695058132210,17,5726,159758
3,1695058132210,20,5726,159778
3,1695058132210,24,5726,159802
3,1695058132210,17,5726,159819
3,1695058132210,20,5726,159839
3,1695058132210,20,5726,159859
3,1695058132210,27,5726,159886
3,1695058132210,16,5726,159902
3,1695058132210,17,5726,159919
3,1695058132210,20,5726,159939
3,1695058132210,27,5726,159966
3,1695058132210,16,5726,159982
3,1695058132210,17,5726,159999
3,1695058132210,20,5742,160019
3,1695058132210,27,5726,160046
3,1695058132210,16,5726,160062
3,1695058132210,18,5726,160080
3,1695058132210,32,5726,160112
3,1695058132210,28,5718,160140
3,1695058132210,20,5726,160160
3,1695058132210,20,5694,160180
3,1695058132210,23,5694,160203
3,1695058132210,17,5694,160220
3,1695058132210,21,5694,160241
3,1695058132210,20,5694,160261
3,1695058132210,23,5710,160284
3,1695058132210,17,5694,160301
3,1695058132210,20,5694,160321
3,1695058132210,24,5694,160345
3,1695058132210,21,5694,160366
3,1695058132210,37,5678,160403
3,1695058132210,23,5678,160426
3,1695058132210,18,5678,160444
3,1695058132210,21,5678,160465
3,1695058132210,20,5678,160485
3,1695058132210,23,5678,160508
3,1695058132210,18,5678,160526
3,1695058132210,20,5678,160546
3,1695058132210,20,5678,160566
3,1695058132210,27,5686,160593
3,1695058132210,16,5678,160609
3,1695058132210,38,5694,160647
3,1695058132210,27,5686,160674
3,1695058132210,16,5694,160690
3,1695058132210,17,5686,160707
3,1695058132210,20,5678,160727
3,1695058132210,41,5686,160768
3,1695058132210,20,5694,160788
3,1695058132210,20,5694,160808
3,1695058132210,20,5678,160828
3,1695058132210,20,5686,160848
3,1695058132210,20,5686,160868
3,1695058132210,21,5686,160889
3,1695058132210,41,5686,160930
3,1695058132210,19,5686,160949
3,1695058132210,23,5678,160972
3,1695058132210,21,5678,160993
3,1695058132210,17,5678,161010
3,1695058132210,20,5678,161030
3,1695058132210,23,5630,161053
3,1695058132210,17,5630,161070
3,1695058132210,20,5662,161090
3,1695058132210,20,5630,161110
3,1695058132210,23,5630,161133
3,1695058132210,17,5630,161150
3,1695058132210,20,5630,161170
3,1695058132210,20,5630,161190
3,1695058132210,27,5630,161217
3,1695058132210,16,5630,161233
3,1695058132210,17,5630,161250
3,1695058132210,20,5622,161270
3,1695058132210,27,5630,161297
3,1695058132210,16,5626,161313
3,1695058132210,17,5630,161330
3,1695058132210,20,5630,161350
3,1695058132210,41,5630,161391
3,1695058132210,20,5630,161411
3,1695058132210,20,5630,161431
3,1695058132210,41,5630,161472
3,1695058132210,20,5630,161492
3,1695058132210,20,5630,161512
3,1695058132210,23,5630,161535
3,1695058132210,17,5630,161552
3,1695058132210,20,5630,161572
3,1695058132210,23,5630,161595
3,1695058132210,21,5630,161616
3,1695058132210,17,5630,161633
3,1695058132210,20,5630,161653
3,1695058132210,23,5630,161676
3,1695058132210,21,5630,161697
3,1695058132210,17,5630,161714
3,1695058132210,20,5630,161734
3,1695058132210,23,5630,161757
3,1695058132210,17,5630,161774
3,1695058132210,20,5630,161794
3,1695058132210,20,5630,161814
3,1695058132210,27,5630,161841
3,1695058132210,16,5630,161857
3,1695058132210,18,5630,161875
3,1695058132210,37,5614,161912
3,1695058132210,21,5614,161933
3,1695058132210,16,5614,161949
3,1695058132210,11,5614,161960
3,1695058132210,16,5598,161976
3,1695058132210,25,5598,162001
3,1695058132210,17,5598,162018
3,1695058132210,37,5598,162055
3,1695058132210,41,5566,162096
3,1695058132210,20,5590,162116
3,1695058132210,20,5590,162136
3,1695058132210,23,5582,162159
3,1695058132210,17,5582,162176
3,1695058132210,20,5598,162196
3,1695058132210,20,5598,162216
3,1695058132210,23,5598,162239
3,1695058132210,17,5598,162256
3,1695058132210,21,5598,162277
3,1695058132210,22,5598,162299
3,1695058132210,21,5598,162320
3,1695058132210,17,5598,162337
3,1695058132210,20,5598,162357
3,1695058132210,23,5614,162380
3,1695058132210,18,5598,162398
3,1695058132210,20,5614,162418
3,1695058132210,20,5598,162438
3,1695058132210,23,5598,162461
3,1695058132210,18,5598,162479
3,1695058132210,20,5614,162499
3,1695058132210,20,5614,162519
3,1695058132210,33,5598,162552
3,1695058132210,11,5598,162563
3,1695058132210,37,5598,162600
3,1695058132210,27,5598,162627
3,1695058132210,17,5598,162644
3,1695058132210,17,5598,162661
3,1695058132210,20,5598,162681
3,1695058132210,41,5598,162722
3,1695058132210,20,5590,162742
3,1695058132210,20,5582,162762
3,1695058132210,24,5566,162786
3,1695058132210,17,5590,162803
3,1695058132210,35,5566,162838
3,1695058132210,20,5566,162858
3,1695058132210,11,5566,162869
3,1695058132210,17,5566,162886
3,1695058132210,17,5566,162903
3,1695058132210,21,5566,162924
3,1695058132210,19,5566,162943
3,1695058132210,20,5566,162963
3,1695058132210,20,5566,162983
3,1695058132210,23,5566,163006
3,1695058132210,17,5566,163023
3,1695058132210,20,5566,163043
3,1695058132210,20,5566,163063
3,1695058132210,24,5566,163087
3,1695058132210,17,5566,163104
3,1695058132210,20,5582,163124
3,1695058132210,20,5582,163144
3,1695058132210,27,5590,163171
3,1695058132210,17,5598,163188
3,1695058132210,17,5590,163205
3,1695058132210,20,5598,163225
3,1695058132210,27,5598,163252
3,1695058132210,17,5598,163269
3,1695058132210,17,5598,163286
3,1695058132210,20,5598,163306
3,1695058132210,41,5598,163347
3,1695058132210,20,5598,163367
3,1695058132210,20,5598,163387
3,1695058132210,24,5614,163411
3,1695058132210,37,5598,163448
3,1695058132210,20,5598,163468
3,1695058132210,24,5598,163492
3,1695058132210,17,5598,163509
3,1695058132210,19,5598,163528
3,1695058132210,23,5582,163551
3,1695058132210,21,5582,163572
3,1695058132210,17,5582,163589
3,1695058132210,20,5582,163609
3,1695058132210,23,5566,163632
3,1695058132210,21,5566,163653
3,1695058132210,17,5582,163670
3,1695058132210,21,5566,163691
3,1695058132210,42,5566,163733
3,1695058132210,19,5566,163752
3,1695058132210,20,5566,163772
3,1695058132210,27,5566,163799
3,1695058132210,17,5566,163816
3,1695058132210,17,5566,163833
3,1695058132210,20,5566,163853
3,1695058132210,33,5566,163886
3,1695058132210,12,5566,163898
3,1695058132210,17,5566,163915
3,1695058132210,19,5566,163934
3,1695058132210,27,5598,163961
3,1695058132210,17,5598,163978
3,1695058132210,37,5598,164015
3,1695058132210,41,5598,164056
3,1695058132210,20,5614,164076
3,1695058132210,21,5598,164097
3,1695058132210,23,5598,164120
3,1695058132210,37,5598,164157
3,1695058132210,20,5614,164177
3,1695058132210,24,5598,164201
3,1695058132210,17,5598,164218
3,1695058132210,20,5598,164238
3,1695058132210,23,5598,164261
3,1695058132210,21,5614,164282
3,1695058132210,17,5598,164299
3,1695058132210,20,5598,164319
3,1695058132210,23,5598,164342
3,1695058132210,17,5598,164359
3,1695058132210,20,5590,164379
3,1695058132210,20,5598,164399
3,1695058132210,23,5598,164422
3,1695058132210,18,5590,164440
3,1695058132210,20,5590,164460
3,1695058132210,20,5598,164480
3,1695058132210,28,5598,164508
3,1695058132210,35,5566,164543
3,1695058132210,19,5582,164562
3,1695058132210,27,5566,164589
3,1695058132210,17,5566,164606
3,1695058132210,17,5566,164623
3,1695058132210,20,5566,164643
3,1695058132210,41,5566,164684
3,1695058132210,20,5566,164704
3,1695058132210,20,5566,164724
3,1695058132210,24,5566,164748
3,1695058132210,37,5566,164785
3,1695058132210,20,5590,164805
3,1695058132210,24,5598,164829
3,1695058132210,37,5598,164866
3,1695058132210,23,5598,164889
3,1695058132210,21,5598,164910
3,1695058132210,37,5598,164947
3,1695058132210,24,5598,164971
3,1695058132210,38,5598,165009
3,1695058132210,20,5614,165029
3,1695058132210,23,5614,165052
3,1695058132210,18,5598,165070
3,1695058132210,20,5598,165090
3,1695058132210,20,5614,165110
3,1695058132210,21,5614,165131
3,1695058132210,19,5614,165150
3,1695058132210,20,5614,165170
3,1695058132210,20,5614,165190
3,1695058132210,27,5614,165217
3,1695058132210,17,5598,165234
3,1695058132210,17,5598,165251
3,1695058132210,20,5598,165271
3,1695058132210,41,5598,165312
3,1695058132210,21,5590,165333
3,1695058132210,38,5590,165371
3,1695058132210,23,5598,165394
3,1695058132210,20,5598,165414
3,1695058132210,20,5598,165434
3,1695058132210,24,5582,165458
3,1695058132210,37,5590,165495
3,1695058132210,24,5566,165519
3,1695058132210,37,5598,165556
3,1695058132210,20,5598,165576
3,1695058132210,23,5598,165599
3,1695058132210,21,5598,165620
3,1695058132210,37,5614,165657
3,1695058132210,23,5614,165680
3,1695058132210,18,5630,165698
3,1695058132210,20,5630,165718
3,1695058132210,20,5630,165738
3,1695058132210,23,5630,165761
3,1695058132210,17,5630,165778
3,1695058132210,20,5630,165798
3,1695058132210,20,5630,165818
3,1695058132210,27,5630,165845
3,1695058132210,17,5630,165862
3,1695058132210,37,5630,165899
3,1695058132210,27,5630,165926
3,1695058132210,17,5630,165943
3,1695058132210,37,5630,165980
3,1695058132210,41,5630,166021
3,1695058132210,20,5630,166041
3,1695058132210,20,5630,166061
3,1695058132210,24,5630,166085
3,1695058132210,37,5630,166122
3,1695058132210,20,5630,166142
3,1695058132210,24,5614,166166
3,1695058132210,37,5630,166203
3,1695058132210,23,5630,166226
3,1695058132210,39,5630,166265
3,1695058132210,19,5630,166284
3,1695058132210,24,5614,166308
3,1695058132210,37,5622,166345
3,1695058132210,20,5614,166365
3,1695058132210,23,5630,166388
3,1695058132210,17,5630,166405
3,1695058132210,20,5630,166425
3,1695058132210,20,5630,166445
3,1695058132210,27,5630,166472
3,1695058132210,17,5662,166489
3,1695058132210,37,5662,166526
3,1695058132210,27,5678,166553
3,1695058132210,17,5678,166570
3,1695058132210,37,5678,166607
3,1695058132210,41,5686,166648
3,1695058132210,20,5678,166668
3,1695058132210,20,5678,166688
3,1695058132210,24,5694,166712
3,1695058132210,37,5686,166749
3,1695058132210,20,5694,166769
3,1695058132210,24,5694,166793
3,1695058132210,38,5694,166831
3,1695058132210,22,5694,166853
3,1695058132210,21,5694,166874
3,1695058132210,37,5694,166911
3,1695058132210,23,5694,166934
3,1695058132210,18,5694,166952
3,1695058132210,20,5694,166972
3,1695058132210,20,5694,166992
3,1695058132210,23,5694,167015
3,1695058132210,37,5678,167052
3,1695058132210,20,5694,167072
3,1695058132210,27,5686,167099
3,1695058132210,17,5678,167116
3,1695058132210,37,5678,167153
3,1695058132210,27,5686,167180
3,1695058132210,17,5694,167197
3,1695058132210,37,5694,167234
3,1695058132210,41,5718,167275
3,1695058132210,20,5710,167295
3,1695058132210,20,5726,167315
3,1695058132210,24,5726,167339
3,1695058132210,17,5726,167356
3,1695058132210,20,5726,167376
3,1695058132210,42,5742,167418
3,1695058132210,18,5742,167436
3,1695058132210,20,5750,167456
3,1695058132210,23,5750,167479
3,1695058132210,21,5758,167500
3,1695058132210,37,5758,167537
3,1695058132210,23,5758,167560
3,1695058132210,21,5758,167581
3,1695058132210,37,5754,167618
3,1695058132210,23,5758,167641
3,1695058132210,17,5758,167658
3,1695058132210,20,5750,167678
3,1695058132210,20,5758,167698
3,1695058132210,23,5742,167721
3,1695058132210,18,5750,167739
3,1695058132210,20,5742,167759
3,1695058132210,20,5758,167779
3,1695058132210,27,5742,167806
3,1695058132210,17,5758,167823
3,1695058132210,37,5726,167860
3,1695058132210,27,5726,167887
3,1695058132210,17,5726,167904
3,1695058132210,38,5726,167942
3,1695058132210,40,5726,167982
3,1695058132210,20,5726,168002
3,1695058132210,20,5726,168022
3,1695058132210,41,5742,168063
3,1695058132210,21,5758,168084
3,1695058132210,20,5742,168104
3,1695058132210,24,5742,168128
3,1695058132210,37,5758,168165
3,1695058132210,23,5758,168188
3,1695058132210,21,5758,168209
3,1695058132210,37,5758,168246
3,1695058132210,23,5782,168269
3,1695058132210,17,5758,168286
3,1695058132210,20,5782,168306
3,1695058132210,20,5758,168326
3,1695058132210,23,5758,168349
3,1695058132210,17,5758,168366
3,1695058132210,20,5758,168386
3,1695058132210,20,5758,168406
3,1695058132210,27,5758,168433
3,1695058132210,17,5758,168450
3,1695058132210,37,5758,168487
3,1695058132210,27,5758,168514
3,1695058132210,17,5758,168531
3,1695058132210,37,5758,168568
3,1695058132210,41,5758,168609
3,1695058132210,20,5758,168629
3,1695058132210,21,5758,168650
3,1695058132210,24,5758,168674
3,1695058132210,17,5758,168691
3,1695058132210,19,5750,168710
3,1695058132210,20,5758,168730
3,1695058132210,24,5742,168754
3,1695058132210,37,5742,168791
3,1695058132210,23,5758,168814
3,1695058132210,22,5758,168836
3,1695058132210,18,5758,168854
3,1695058132210,35,5758,168889
3,1695058132210,24,5758,168913
3,1695058132210,20,5758,168933
3,1695058132210,20,5758,168953
3,1695058132210,23,5758,168976
3,1695058132210,17,5758,168993
3,1695058132210,20,5758,169013
3,1695058132210,20,5790,169033
3,1695058132210,33,5758,169066
3,1695058132210,12,5758,169078
3,1695058132210,17,5790,169095
3,1695058132210,19,5782,169114
3,1695058132210,27,5758,169141
3,1695058132210,17,5758,169158
3,1695058132210,37,5758,169195
3,1695058132210,41,5758,169236
3,1695058132210,20,5758,169256
3,1695058132210,20,5758,169276
3,1695058132210,24,5758,169300
3,1695058132210,17,5758,169317
3,1695058132210,19,5758,169336
3,1695058132210,20,5758,169356
3,1695058132210,20,5758,169376
3,1695058132210,20,5742,169396
3,1695058132210,20,5742,169416
3,1695058132210,24,5758,169440
3,1695058132210,37,5742,169477
3,1695058132210,20,5726,169497
3,1695058132210,23,5742,169520
3,1695058132210,22,5726,169542
3,1695058132210,36,5726,169578
3,1695058132210,23,5718,169601
3,1695058132210,17,5726,169618
3,1695058132210,20,5726,169638
3,1695058132210,20,5726,169658
3,1695058132210,23,5726,169681
3,1695058132210,17,5742,169698
3,1695058132210,20,5726,169718
3,1695058132210,20,5742,169738
3,1695058132210,27,5750,169765
3,1695058132210,17,5758,169782
3,1695058132210,37,5742,169819
3,1695058132210,27,5758,169846
3,1695058132210,17,5742,169863
3,1695058132210,37,5750,169900
3,1695058132210,41,5758,169941
3,1695058132210,20,5750,169961
3,1695058132210,20,5758,169981
3,1695058132210,24,5758,170005
3,1695058132210,37,5750,170042
3,1695058132210,20,5742,170062
3,1695058132210,24,5750,170086
3,1695058132210,37,5726,170123
3,1695058132210,24,5742,170147
3,1695058132210,37,5742,170184
3,1695058132210,20,5726,170204
3,1695058132210,23,5742,170227
3,1695058132210,17,5726,170244
3,1695058132210,20,5718,170264
3,1695058132210,20,5726,170284
3,1695058132210,23,5726,170307
3,1695058132210,18,5710,170325
3,1695058132210,35,5694,170360
3,1695058132210,32,5694,170392
3,1695058132210,17,5694,170409
3,1695058132210,37,5694,170446
3,1695058132210,33,5694,170479
3,1695058132210,12,5694,170491
3,1695058132210,17,5694,170508
3,1695058132210,18,5718,170526
3,1695058132210,41,5726,170567
3,1695058132210,20,5726,170587
3,1695058132210,20,5726,170607
3,1695058132210,24,5726,170631
3,1695058132210,37,5726,170668
3,1695058132210,20,5726,170688
3,1695058132210,24,5726,170712
3,1695058132210,18,5726,170730
3,1695058132210,35,5726,170765
3,1695058132210,24,5726,170789
3,1695058132210,20,5726,170809
3,1695058132210,20,5726,170829
3,1695058132210,23,5726,170852
3,1695058132210,18,5726,170870
3,1695058132210,20,5718,170890
3,1695058132210,20,5726,170910
3,1695058132210,23,5718,170933
3,1695058132210,18,5718,170951
3,1695058132210,20,5718,170971
3,1695058132210,20,5718,170991
3,1695058132210,27,5718,171018
3,1695058132210,17,5710,171035
3,1695058132210,37,5694,171072
3,1695058132210,33,5694,171105
3,1695058132210,30,5694,171135
3,1695058132210,18,5694,171153
3,1695058132210,41,5678,171194
3,1695058132210,20,5678,171214
3,1695058132210,20,5662,171234
3,1695058132210,41,5662,171275
3,1695058132210,20,5630,171295
3,1695058132210,20,5630,171315
3,1695058132210,24,5662,171339
3,1695058132210,37,5630,171376
3,1695058132210,22,5662,171398
3,1695058132210,21,5662,171419
3,1695058132210,37,5678,171456
3,1695058132210,23,5678,171479
3,1695058132210,21,5662,171500
3,1695058132210,37,5678,171537
3,1695058132210,21,5678,171558
3,1695058132210,19,5678,171577
3,1695058132210,20,5678,171597
3,1695058132210,20,5678,171617
3,1695058132210,23,5678,171640
3,1695058132210,18,5662,171658
3,1695058132210,20,5678,171678
3,1695058132210,20,5678,171698
3,1695058132210,27,5662,171725
3,1695058132210,17,5662,171742
3,1695058132210,37,5630,171779
3,1695058132210,27,5630,171806
3,1695058132210,17,5630,171823
3,1695058132210,17,5630,171840
3,1695058132210,19,5630,171859
3,1695058132210,41,5630,171900
3,1695058132210,20,5630,171920
3,1695058132210,20,5630,171940
3,1695058132210,41,5630,171981
3,1695058132210,21,5622,172002
3,1695058132210,42,5614,172044
3,1695058132210,18,5614,172062
3,1695058132210,20,5598,172082
3,1695058132210,23,5614,172105
3,1695058132210,21,5598,172126
3,1695058132210,37,5598,172163
3,1695058132210,23,5598,172186
3,1695058132210,18,5614,172204
3,1695058132210,20,5614,172224
3,1695058132210,20,5614,172244
3,1695058132210,23,5598,172267
3,1695058132210,18,5614,172285
3,1695058132210,20,5614,172305
3,1695058132210,20,5614,172325
3,1695058132210,27,5614,172352
3,1695058132210,17,5614,172369
3,1695058132210,37,5598,172406
3,1695058132210,33,5614,172439
3,1695058132210,12,5598,172451
3,1695058132210,17,5598,172468
3,1695058132210,18,5598,172486
3,1695058132210,41,5598,172527
3,1695058132210,41,5598,172568
3,1695058132210,24,5590,172592
3,1695058132210,17,5598,172609
3,1695058132210,19,5582,172628
3,1695058132210,20,5582,172648
3,1695058132210,24,5582,172672
3,1695058132210,17,5566,172689
3,1695058132210,19,5566,172708
3,1695058132210,23,5566,172731
3,1695058132210,21,5558,172752
3,1695058132210,18,5550,172770
3,1695058132210,35,5550,172805
3,1695058132210,24,5534,172829
3,1695058132210,20,5550,172849
3,1695058132210,20,5534,172869
3,1695058132210,23,5534,172892
3,1695058132210,18,5534,172910
3,1695058132210,20,5502,172930
3,1695058132210,20,5502,172950
3,1695058132210,27,5502,172977
3,1695058132210,17,5502,172994
3,1695058132210,17,5502,173011
3,1695058132210,19,5502,173030
3,1695058132210,27,5502,173057
3,1695058132210,17,5502,173074
3,1695058132210,17,5502,173091
3,1695058132210,19,5502,173110
3,1695058132210,41,5502,173151
3,1695058132210,20,5502,173171
3,1695058132210,21,5502,173192
3,1695058132210,40,5502,173232
3,1695058132210,20,5502,173252
3,1695058132210,20,5502,173272
3,1695058132210,41,5502,173313
3,1695058132210,20,5502,173333
3,1695058132210,23,5502,173356
3,1695058132210,21,5502,173377
3,1695058132210,17,5502,173394
3,1695058132210,19,5502,173413
3,1695058132210,23,5502,173436
3,1695058132210,21,5502,173457
3,1695058132210,17,5486,173474
3,1695058132210,19,5470,173493
3,1695058132210,23,5486,173516
3,1695058132210,18,5486,173534
3,1695058132210,20,5470,173554
3,1695058132210,21,5470,173575
3,1695058132210,42,5470,173617
3,1695058132210,18,5454,173635
3,1695058132210,20,5438,173655
3,1695058132210,26,5438,173681
3,1695058132210,17,5438,173698
3,1695058132210,17,5438,173715
3,1695058132210,19,5438,173734
3,1695058132210,33,5422,173767
3,1695058132210,12,5422,173779
3,1695058132210,17,5422,173796
3,1695058132210,18,5406,173814
3,1695058132210,20,5406,173834
3,1695058132210,20,5406,173854
3,1695058132210,20,5406,173874
3,1695058132210,20,5406,173894
3,1695058132210,24,5374,173918
3,1695058132210,17,5374,173935
3,1695058132210,19,5406,173954
3,1695058132210,20,5374,173974
3,1695058132210,24,5406,173998
3,1695058132210,17,5406,174015
3,1695058132210,19,5406,174034
3,1695058132210,23,5406,174057
3,1695058132210,21,5374,174078
3,1695058132210,37,5374,174115
3,1695058132210,23,5406,174138
3,1695058132210,17,5374,174155
3,1695058132210,20,5374,174175
3,1695058132210,20,5374,174195
3,1695058132210,23,5374,174218
3,1695058132210,17,5374,174235
3,1695058132210,20,5374,174255
3,1695058132210,20,5374,174275
3,1695058132210,33,5374,174308
3,1695058132210,13,5374,174321
3,1695058132210,35,5374,174356
3,1695058132210,27,5374,174383
3,1695058132210,18,5374,174401
3,1695058132210,17,5366,174418
3,1695058132210,19,5358,174437
3,1695058132210,41,5358,174478
3,1695058132210,20,5342,174498
3,1695058132210,20,5358,174518
3,1695058132210,24,5342,174542
3,1695058132210,17,5342,174559
3,1695058132210,19,5342,174578
3,1695058132210,20,5334,174598
3,1695058132210,24,5310,174622
3,1695058132210,17,5310,174639
3,1695058132210,19,5310,174658
3,1695058132210,23,5310,174681
3,1695058132210,21,5310,174702
3,1695058132210,17,5310,174719
3,1695058132210,19,5310,174738
3,1695058132210,23,5302,174761
3,1695058132210,38,5302,174799
3,1695058132210,20,5294,174819
3,1695058132210,23,5294,174842
3,1695058132210,17,5302,174859
3,1695058132210,20,5302,174879
3,1695058132210,20,5310,174899
3,1695058132210,27,5310,174926
3,1695058132210,17,5310,174943
3,1695058132210,17,5310,174960
3,1695058132210,19,5310,174979
3,1695058132210,32,5310,175011
3,1695058132210,12,5310,175023
3,1695058132210,17,5310,175040
3,1695058132210,19,5294,175059
3,1695058132210,27,5294,175086
3,1695058132210,17,5306,175103
3,1695058132210,17,5310,175120
3,1695058132210,19,5294,175139
3,1695058132210,40,5294,175179
3,1695058132210,20,5294,175199
3,1695058132210,20,5294,175219
3,1695058132210,24,5294,175243
3,1695058132210,17,5294,175260
3,1695058132210,20,5278,175280
3,1695058132210,42,5278,175322
3,1695058132210,18,5278,175340
3,1695058132210,20,5278,175360
3,1695058132210,23,5278,175383
3,1695058132210,21,5262,175404
3,1695058132210,17,5246,175421
3,1695058132210,19,5246,175440
3,1695058132210,23,5246,175463
3,1695058132210,17,5262,175480
3,1695058132210,20,5246,175500
3,1695058132210,20,5246,175520
3,1695058132210,22,5246,175542
3,1695058132210,18,5246,175560
3,1695058132210,20,5246,175580
3,1695058132210,20,5230,175600
3,1695058132210,27,5246,175627
3,1695058132210,17,5230,175644
4,1695059120977,0,8190,0
4,1695059120977,35,8062,35
4,1695059120977,7,8046,42
4,1695059120977,15,7934,57
4,1695059120977,27,7918,84
4,1695059120977,13,7854,97
4,1695059120977,20,7790,117
4,1695059120977,20,7734,137
4,1695059120977,27,7678,164
4,1695059120977,13,7614,177
4,1695059120977,20,7550,197
4,1695059120977,20,7510,217
4,1695059120977,41,7454,258
4,1695059120977,20,7390,278
4,1695059120977,20,7286,298
4,1695059120977,24,7150,322
4,1695059120977,16,7038,338
4,1695059120977,20,6942,358
4,1695059120977,20,6878,378
4,1695059120977,22,6814,400
4,1695059120977,19,6742,419
4,1695059120977,20,6670,439
4,1695059120977,20,6582,459
4,1695059120977,20,6494,479
4,1695059120977,20,6414,499
4,1695059120977,20,6326,519
4,1695059120977,20,6262,539
4,1695059120977,20,6174,559
4,1695059120977,20,6110,579
4,1695059120977,20,6014,599
4,1695059120977,23,5950,622
4,1695059120977,17,5886,639
4,1695059120977,20,5806,659
4,1695059120977,20,5758,679
4,1695059120977,27,5694,706
4,1695059120977,13,5630,719
4,1695059120977,20,5566,739
4,1695059120977,20,5502,759
4,1695059120977,27,5438,786
4,1695059120977,14,5374,800
4,1695059120977,20,5342,820
4,1695059120977,20,5278,840
4,1695059120977,41,5230,881
4,1695059120977,20,5166,901
4,1695059120977,20,5098,921
4,1695059120977,24,5038,945
4,1695059120977,16,4974,961
4,1695059120977,20,4918,981
4,1695059120977,20,4862,1001
4,1695059120977,22,4798,1023
4,1695059120977,19,4734,1042
4,1695059120977,20,4670,1062
4,1695059120977,20,4630,1082
4,1695059120977,20,4566,1102
4,1695059120977,20,4478,1122
4,1695059120977,20,4414,1142
4,1695059120977,20,4366,1162
4,1695059120977,20,4302,1182
4,1695059120977,20,4238,1202
4,1695059120977,20,4174,1222
4,1695059120977,23,4110,1245
4,1695059120977,17,4062,1262
4,1695059120977,20,3998,1282
4,1695059120977,20,3934,1302
4,1695059120977,27,3950,1329
4,1695059120977,13,3934,1342
4,1695059120977,20,3934,1362
4,1695059120977,20,3926,1382
4,1695059120977,27,3918,1409
4,1695059120977,13,3902,1422
4,1695059120977,20,3886,1442
4,1695059120977,20,3838,1462
4,1695059120977,41,3838,1503
4,1695059120977,20,3838,1523
4,1695059120977,20,3838,1543
4,1695059120977,24,3862,1567
4,1695059120977,16,3838,1583
4,1695059120977,20,3870,1603
4,1695059120977,20,3882,1623
4,1695059120977,22,3886,1645
4,1695059120977,18,3886,1663
4,1695059120977,20,3902,1683
4,1695059120977,20,3902,1703
4,1695059120977,20,3902,1723
4,1695059120977,20,3902,1743
4,1695059120977,20,3902,1763
4,1695059120977,20,3886,1783
4,1695059120977,20,3870,1803
4,1695059120977,20,3882,1823
4,1695059120977,20,3886,1843
4,1695059120977,23,3838,1866
4,1695059120977,17,3870,1883
4,1695059120977,20,3838,1903
4,1695059120977,20,3822,1923
4,1695059120977,27,3822,1950
4,1695059120977,13,3798,1963
4,1695059120977,20,3758,1983
4,1695059120977,20,3742,2003
4,1695059120977,27,3710,2030
4,1695059120977,13,3702,2043
4,1695059120977,20,3670,2063
4,1695059120977,20,3646,2083
4,1695059120977,41,3582,2124
4,1695059120977,20,3582,2144
4,1695059120977,20,3550,2164
4,1695059120977,24,3542,2188
4,1695059120977,17,3510,2205
4,1695059120977,20,3486,2225
4,1695059120977,20,3454,2245
4,1695059120977,21,3438,2266
4,1695059120977,19,3422,2285
4,1695059120977,20,3390,2305
4,1695059120977,20,3386,2325
4,1695059120977,20,3358,2345
4,1695059120977,20,3326,2365
4,1695059120977,20,3310,2385
4,1695059120977,20,3286,2405
4,1695059120977,20,3246,2425
4,1695059120977,20,3222,2445
4,1695059120977,20,3190,2465
4,1695059120977,23,3166,2488
4,1695059120977,17,3150,2505
4,1695059120977,20,3126,2525
4,1695059120977,20,3118,2545
4,1695059120977,28,3118,2573
4,1695059120977,13,3102,2586
4,1695059120977,20,3070,2606
4,1695059120977,20,3070,2626
4,1695059120977,27,3070,2653
4,1695059120977,13,3070,2666
4,1695059120977,20,3070,2686
4,1695059120977,20,3070,2706
4,1695059120977,41,3062,2747
4,1695059120977,20,3054,2767
4,1695059120977,20,3030,2787
4,1695059120977,24,3030,2811
4,1695059120977,17,3006,2828
4,1695059120977,20,2990,2848
4,1695059120977,20,2974,2868
4,1695059120977,21,2942,2889
4,1695059120977,19,2926,2908
4,1695059120977,20,2910,2928
4,1695059120977,20,2910,2948
4,1695059120977,20,2878,2968
4,1695059120977,20,2862,2988
4,1695059120977,20,2814,3008
4,1695059120977,20,2782,3028
4,1695059120977,20,2750,3048
4,1695059120977,20,2750,3068
4,1695059120977,20,2734,3088
4,1695059120977,23,2718,3111
4,1695059120977,17,2718,3128
4,1695059120977,20,2710,3148
4,1695059120977,20,2710,3168
4,1695059120977,27,2718,3195
4,1695059120977,13,2718,3208
4,1695059120977,20,2734,3228
4,1695059120977,20,2750,3248
4,1695059120977,27,2750,3275
4,1695059120977,12,2750,3287
4,1695059120977,20,2774,3307
4,1695059120977,20,2782,3327
4,1695059120977,41,2798,3368
4,1695059120977,20,2798,3388
4,1695059120977,20,2810,3408
4,1695059120977,24,2838,3432
4,1695059120977,17,2842,3449
4,1695059120977,20,2870,3469
4,1695059120977,20,2878,3489
4,1695059120977,21,2894,3510
4,1695059120977,19,2910,3529
4,1695059120977,20,2922,3549
4,1695059120977,20,2934,3569
4,1695059120977,20,2942,3589
4,1695059120977,20,2942,3609
4,1695059120977,20,2958,3629
4,1695059120977,20,2942,3649
4,1695059120977,20,2986,3669
4,1695059120977,20,2974,3689
4,1695059120977,20,2990,3709
4,1695059120977,24,2974,3733
4,1695059120977,17,2974,3750
4,1695059120977,20,2942,3770
4,1695059120977,20,2926,3790
4,1695059120977,27,2878,3817
4,1695059120977,13,2846,3830
4,1695059120977,20,2814,3850
4,1695059120977,20,2814,3870
4,1695059120977,27,2814,3897
4,1695059120977,13,2838,3910
4,1695059120977,20,2814,3930
4,1695059120977,20,2814,3950
4,1695059120977,41,2814,3991
4,1695059120977,20,2814,4011
4,1695059120977,20,2814,4031
4,1695059120977,20,2814,4051
4,1695059120977,20,2810,4071
4,1695059120977,20,2814,4091
4,1695059120977,20,2814,4111
4,1695059120977,21,2814,4132
4,1695059120977,19,2814,4151
4,1695059120977,20,2846,4171
4,1695059120977,20,2870,4191
4,1695059120977,20,2878,4211
4,1695059120977,20,2902,4231
4,1695059120977,20,2926,4251
4,1695059120977,20,2942,4271
4,1695059120977,20,2974,4291
4,1695059120977,20,2986,4311
4,1695059120977,20,2990,4331
4,1695059120977,23,3006,4354
4,1695059120977,17,3006,4371
4,1695059120977,20,3006,4391
4,1695059120977,21,2998,4412
4,1695059120977,26,3006,4438
4,1695059120977,13,3006,4451
4,1695059120977,20,3006,4471
4,1695059120977,20,2998,4491
4,1695059120977,28,2990,4519
4,1695059120977,12,3006,4531
4,1695059120977,20,3006,4551
4,1695059120977,20,3006,4571
4,1695059120977,41,3038,4612
4,1695059120977,21,3054,4633
4,1695059120977,50,3070,4683
4,1695059120977,12,3070,4695
4,1695059120977,18,3102,4713
4,1695059120977,20,3126,4733
4,1695059120977,21,3118,4754
4,1695059120977,19,3126,4773
4,1695059120977,20,3150,4793
4,1695059120977,20,3150,4813
4,1695059120977,20,3158,4833
4,1695059120977,20,3166,4853
4,1695059120977,20,3182,4873
4,1695059120977,20,3182,4893
4,1695059120977,20,3194,4913
4,1695059120977,20,3198,4933
4,1695059120977,20,3198,4953
4,1695059120977,23,3222,4976
4,1695059120977,17,3230,4993
4,1695059120977,20,3222,5013
4,1695059120977,20,3246,5033
4,1695059120977,27,3246,5060
4,1695059120977,13,3262,5073
4,1695059120977,20,3246,5093
4,1695059120977,20,3262,5113
4,1695059120977,28,3262,5141
4,1695059120977,12,3246,5153
4,1695059120977,20,3262,5173
4,1695059120977,20,3278,5193
4,1695059120977,41,3278,5234
4,1695059120977,20,3278,5254
4,1695059120977,20,3286,5274
4,1695059120977,24,3294,5298
4,1695059120977,17,3294,5315
4,1695059120977,20,3310,5335
4,1695059120977,20,3318,5355
4,1695059120977,21,3358,5376
4,1695059120977,19,3358,5395
4,1695059120977,20,3374,5415
4,1695059120977,20,3414,5435
4,1695059120977,20,3414,5455
4,1695059120977,20,3414,5475
4,1695059120977,21,3438,5496
4,1695059120977,37,3454,5533
4,1695059120977,7,3454,5540
4,1695059120977,16,3454,5556
4,1695059120977,20,3478,5576
4,1695059120977,23,3486,5599
4,1695059120977,17,3486,5616
4,1695059120977,20,3502,5636
4,1695059120977,20,3498,5656
4,1695059120977,27,3518,5683
4,1695059120977,13,3518,5696
4,1695059120977,20,3518,5716
4,1695059120977,20,3550,5736
4,1695059120977,27,3546,5763
4,1695059120977,13,3550,5776
4,1695059120977,20,3566,5796
4,1695059120977,20,3566,5816
4,1695059120977,41,3574,5857
4,1695059120977,20,3582,5877
4,1695059120977,20,3566,5897
4,1695059120977,20,3582,5917
4,1695059120977,20,3582,5937
4,1695059120977,20,3582,5957
4,1695059120977,20,3582,5977
4,1695059120977,21,3582,5998
4,1695059120977,19,3582,6017
4,1695059120977,20,3582,6037
4,1695059120977,20,3582,6057
4,1695059120977,20,3582,6077
4,1695059120977,20,3614,6097
4,1695059120977,20,3638,6117
4,1695059120977,20,3646,6137
4,1695059120977,20,3674,6157
4,1695059120977,20,3678,6177
4,1695059120977,21,3694,6198
4,1695059120977,37,3710,6235
4,1695059120977,7,3726,6242
4,1695059120977,16,3742,6258
4,1695059120977,20,3742,6278
4,1695059120977,27,3758,6305
4,1695059120977,13,3758,6318
4,1695059120977,20,3774,6338
4,1695059120977,20,3774,6358
4,1695059120977,27,3774,6385
4,1695059120977,13,3798,6398
4,1695059120977,20,3798,6418
4,1695059120977,20,3806,6438
4,1695059120977,41,3822,6479
4,1695059120977,20,3838,6499
4,1695059120977,20,3838,6519
4,1695059120977,24,3830,6543
4,1695059120977,17,3838,6560
4,1695059120977,20,3838,6580
4,1695059120977,20,3838,6600
4,1695059120977,21,3870,6621
4,1695059120977,19,3866,6640
4,1695059120977,20,3870,6660
4,1695059120977,20,3870,6680
4,1695059120977,20,3866,6700
4,1695059120977,20,3870,6720
4,1695059120977,20,3870,6740
4,1695059120977,20,3870,6760
4,1695059120977,20,3870,6780
4,1695059120977,21,3870,6801
4,1695059120977,20,3870,6821
4,1695059120977,23,3882,6844
4,1695059120977,18,3886,6862
4,1695059120977,20,3894,6882
4,1695059120977,20,3902,6902
4,1695059120977,27,3918,6929
4,1695059120977,13,3934,6942
4,1695059120977,20,3958,6962
4,1695059120977,20,3966,6982
4,1695059120977,27,3990,7009
4,1695059120977,13,3998,7022
4,1695059120977,20,4014,7042
4,1695059120977,20,4022,7062
4,1695059120977,41,4030,7103
4,1695059120977,21,4030,7124
4,1695059120977,20,4046,7144
4,1695059120977,23,4046,7167
4,1695059120977,17,4062,7184
4,1695059120977,20,4078,7204
4,1695059120977,20,4062,7224
4,1695059120977,21,4078,7245
4,1695059120977,19,4086,7264
4,1695059120977,20,4094,7284
4,1695059120977,20,4094,7304
4,1695059120977,20,4094,7324
4,1695059120977,21,4094,7345
4,1695059120977,25,4094,7370
4,1695059120977,14,4094,7384
4,1695059120977,20,4094,7404
4,1695059120977,20,4094,7424
4,1695059120977,20,4094,7444
4,1695059120977,23,4094,7467
4,1695059120977,18,4094,7485
4,1695059120977,20,4094,7505
4,1695059120977,20,4094,7525
4,1695059120977,27,4094,7552
4,1695059120977,13,4142,7565
4,1695059120977,20,4142,7585
4,1695059120977,20,4094,7605
4,1695059120977,27,4142,7632
4,1695059120977,13,4142,7645
4,1695059120977,20,4142,7665
4,1695059120977,20,4150,7685
4,1695059120977,41,4174,7726
4,1695059120977,20,4190,7746
4,1695059120977,20,4206,7766
4,1695059120977,23,4206,7789
4,1695059120977,17,4222,7806
4,1695059120977,20,4238,7826
4,1695059120977,20,4246,7846
4,1695059120977,20,4254,7866
4,1695059120977,20,4270,7886
4,1695059120977,20,4270,7906
4,1695059120977,20,4278,7926
4,1695059120977,20,4286,7946
4,1695059120977,20,4286,7966
4,1695059120977,20,4286,7986
4,1695059120977,20,4286,8006
4,1695059120977,20,4302,8026
4,1695059120977,20,4318,8046
4,1695059120977,20,4318,8066
4,1695059120977,23,4318,8089
4,1695059120977,18,4334,8107
4,1695059120977,20,4334,8127
4,1695059120977,25,4334,8152
4,1695059120977,21,4350,8173
4,1695059120977,13,4350,8186
4,1695059120977,20,4350,8206
4,1695059120977,20,4350,8226
4,1695059120977,27,4350,8253
4,1695059120977,13,4350,8266
4,1695059120977,20,4350,8286
4,1695059120977,20,4350,8306
4,1695059120977,41,4350,8347
4,1695059120977,20,4350,8367
4,1695059120977,20,4350,8387
4,1695059120977,24,4350,8411
4,1695059120977,17,4350,8428
4,1695059120977,20,4350,8448
4,1695059120977,20,4350,8468
4,1695059120977,22,4374,8490
4,1695059120977,18,4350,8508
4,1695059120977,20,4382,8528
4,1695059120977,20,4398,8548
4,1695059120977,20,4406,8568
4,1695059120977,20,4414,8588
4,1695059120977,20,4430,8608
4,1695059120977,20,4438,8628
4,1695059120977,20,4446,8648
4,1695059120977,20,4462,8668
4,1695059120977,20,4446,8688
4,1695059120977,23,4446,8711
4,1695059120977,17,4478,8728
4,1695059120977,20,4478,8748
4,1695059120977,20,4478,8768
4,1695059120977,27,4478,8795
4,1695059120977,13,4502,8808
4,1695059120977,20,4494,8828
4,1695059120977,20,4502,8848
4,1695059120977,27,4502,8875
4,1695059120977,13,4502,8888
4,1695059120977,20,4510,8908
4,1695059120977,21,4510,8929
4,1695059120977,40,4510,8969
4,1695059120977,20,4526,8989
4,1695059120977,21,4510,9010
4,1695059120977,37,4526,9047
4,1695059120977,7,4526,9054
4,1695059120977,16,4510,9070
4,1695059120977,20,4510,9090
4,1695059120977,21,4526,9111
4,1695059120977,19,4522,9130
4,1695059120977,20,4526,9150
4,1695059120977,21,4510,9171
4,1695059120977,20,4526,9191
4,1695059120977,20,4526,9211
4,1695059120977,20,4526,9231
4,1695059120977,20,4526,9251
4,1695059120977,20,4534,9271
4,1695059120977,20,4522,9291
4,1695059120977,20,4526,9311
4,1695059120977,23,4542,9334
4,1695059120977,17,4534,9351
4,1695059120977,20,4542,9371
4,1695059120977,20,4566,9391
4,1695059120977,27,4574,9418
4,1695059120977,13,4574,9431
4,1695059120977,20,4590,9451
4,1695059120977,20,4590,9471
4,1695059120977,28,4590,9499
4,1695059120977,13,4606,9512
4,1695059120977,20,4606,9532
4,1695059120977,20,4606,9552
4,1695059120977,41,4606,9593
4,1695059120977,20,4606,9613
4,1695059120977,20,4638,9633
4,1695059120977,24,4606,9657
4,1695059120977,16,4638,9673
4,1695059120977,20,4654,9693
4,1695059120977,20,4638,9713
4,1695059120977,21,4606,9734
4,1695059120977,20,4638,9754
4,1695059120977,25,4638,9779
4,1695059120977,14,4654,9793
4,1695059120977,20,4638,9813
4,1695059120977,21,4654,9834
4,1695059120977,20,4654,9854
4,1695059120977,20,4638,9874
4,1695059120977,20,4638,9894
4,1695059120977,20,4638,9914
4,1695059120977,20,4638,9934
4,1695059120977,23,4654,9957
4,1695059120977,17,4638,9974
4,1695059120977,20,4638,9994
4,1695059120977,20,4638,10014
4,1695059120977,27,4638,10041
4,1695059120977,13,4638,10054
4,1695059120977,20,4606,10074
4,1695059120977,20,4606,10094
4,1695059120977,27,4638,10121
4,1695059120977,13,4638,10134
4,1695059120977,20,4606,10154
4,1695059120977,20,4638,10174
4,1695059120977,40,4670,10214
4,1695059120977,20,4686,10234
4,1695059120977,20,4670,10254
4,1695059120977,41,4686,10295
4,1695059120977,20,4702,10315
4,1695059120977,20,4702,10335
4,1695059120977,21,4702,10356
4,1695059120977,19,4702,10375
4,1695059120977,20,4702,10395
4,1695059120977,20,4702,10415
4,1695059120977,20,4718,10435
4,1695059120977,20,4718,10455
4,1695059120977,20,4718,10475
4,1695059120977,20,4718,10495
4,1695059120977,20,4718,10515
4,1695059120977,20,4718,10535
4,1695059120977,20,4718,10555
4,1695059120977,23,4726,10578
4,1695059120977,17,4734,10595
4,1695059120977,20,4726,10615
4,1695059120977,20,4734,10635
4,1695059120977,27,4718,10662
4,1695059120977,13,4726,10675
4,1695059120977,20,4718,10695
4,1695059120977,20,4718,10715
4,1695059120977,28,4718,10743
4,1695059120977,30,4718,10773
4,1695059120977,7,4702,10780
4,1695059120977,15,4702,10795
4,1695059120977,41,4702,10836
4,1695059120977,20,4702,10856
4,1695059120977,20,4702,10876
4,1695059120977,41,4702,10917
4,1695059120977,20,4702,10937
4,1695059120977,20,4694,10957
4,1695059120977,21,4694,10978
4,1695059120977,19,4694,10997
4,1695059120977,20,4702,11017
4,1695059120977,20,4718,11037
4,1695059120977,20,4718,11057
4,1695059120977,20,4718,11077
4,1695059120977,20,4726,11097
4,1695059120977,20,4726,11117
4,1695059120977,20,4734,11137
4,1695059120977,20,4734,11157
4,1695059120977,20,4734,11177
4,1695059120977,22,4734,11199
4,1695059120977,17,4734,11216
4,1695059120977,20,4734,11236
4,1695059120977,20,4734,11256
4,1695059120977,27,4734,11283
4,1695059120977,13,4734,11296
4,1695059120977,20,4734,11316
4,1695059120977,20,4734,11336
4,1695059120977,27,4734,11363
4,1695059120977,13,4734,11376
4,1695059120977,20,4734,11396
4,1695059120977,20,4734,11416
4,1695059120977,41,4734,11457
4,1695059120977,20,4734,11477
4,1695059120977,21,4734,11498
4,1695059120977,37,4734,11535
4,1695059120977,7,4734,11542
4,1695059120977,15,4718,11557
4,1695059120977,20,4718,11577
4,1695059120977,22,4734,11599
4,1695059120977,19,4718,11618
4,1695059120977,21,4718,11639
4,1695059120977,20,4718,11659
4,1695059120977,20,4718,11679
4,1695059120977,20,4702,11699
4,1695059120977,20,4702,11719
4,1695059120977,20,4702,11739
4,1695059120977,20,4702,11759
4,1695059120977,20,4698,11779
4,1695059120977,20,4702,11799
4,1695059120977,23,4702,11822
4,1695059120977,17,4718,11839
4,1695059120977,20,4718,11859
4,1695059120977,20,4718,11879
4,1695059120977,27,4726,11906
4,1695059120977,13,4726,11919
4,1695059120977,20,4734,11939
4,1695059120977,20,4734,11959
4,1695059120977,28,4726,11987
4,1695059120977,12,4730,11999
4,1695059120977,20,4734,12019
4,1695059120977,20,4734,12039
4,1695059120977,41,4734,12080
4,1695059120977,20,4734,12100
4,1695059120977,20,4734,12120
4,1695059120977,24,4734,12144
4,1695059120977,16,4734,12160
4,1695059120977,20,4726,12180
4,1695059120977,20,4734,12200
4,1695059120977,22,4726,12222
4,1695059120977,19,4734,12241
4,1695059120977,21,4726,12262
4,1695059120977,28,4718,12290
4,1695059120977,16,4718,12306
4,1695059120977,15,4718,12321
4,1695059120977,20,4734,12341
4,1695059120977,20,4718,12361
4,1695059120977,20,4718,12381
4,1695059120977,20,4718,12401
4,1695059120977,20,4702,12421
4,1695059120977,23,4718,12444
4,1695059120977,17,4702,12461
4,1695059120977,20,4702,12481
4,1695059120977,20,4702,12501
4,1695059120977,27,4694,12528
4,1695059120977,13,4686,12541
4,1695059120977,20,4686,12561
4,1695059120977,20,4686,12581
4,1695059120977,27,4694,12608
4,1695059120977,13,4694,12621
4,1695059120977,20,4694,12641
4,1695059120977,20,4702,12661
4,1695059120977,41,4718,12702
4,1695059120977,20,4702,12722
4,1695059120977,20,4702,12742
4,1695059120977,24,4718,12766
4,1695059120977,16,4718,12782
4,1695059120977,20,4718,12802
4,1695059120977,20,4718,12822
4,1695059120977,22,4702,12844
4,1695059120977,19,4702,12863
4,1695059120977,20,4702,12883
4,1695059120977,21,4702,12904
4,1695059120977,20,4718,12924
4,1695059120977,20,4702,12944
4,1695059120977,21,4702,12965
4,1695059120977,20,4702,12985
4,1695059120977,20,4694,13005
4,1695059120977,20,4702,13025
4,1695059120977,20,4702,13045
4,1695059120977,23,4718,13068
4,1695059120977,19,4702,13087
4,1695059120977,26,4702,13113
4,1695059120977,14,4702,13127
4,1695059120977,27,4686,13154
4,1695059120977,13,4694,13167
4,1695059120977,21,4686,13188
4,1695059120977,20,4670,13208
4,1695059120977,28,4670,13236
4,1695059120977,13,4670,13249
4,1695059120977,21,4670,13270
4,1695059120977,20,4670,13290
4,1695059120977,40,4670,13330
4,1695059120977,20,4670,13350
4,1695059120977,21,4670,13371
4,1695059120977,40,4670,13411
4,1695059120977,20,4686,13431
4,1695059120977,21,4686,13452
4,1695059120977,21,4698,13473
4,1695059120977,19,4694,13492
4,1695059120977,20,4694,13512
4,1695059120977,20,4694,13532
4,1695059120977,20,4702,13552
4,1695059120977,21,4702,13573
4,1695059120977,20,4702,13593
4,1695059120977,21,4702,13614
4,1695059120977,20,4702,13634
4,1695059120977,20,4702,13654
4,1695059120977,20,4702,13674
4,1695059120977,23,4702,13697
4,1695059120977,17,4694,13714
4,1695059120977,20,4702,13734
4,1695059120977,20,4702,13754
4,1695059120977,27,4702,13781
4,1695059120977,13,4694,13794
4,1695059120977,20,4702,13814
4,1695059120977,20,4694,13834
4,1695059120977,27,4686,13861
4,1695059120977,13,4686,13874
4,1695059120977,20,4686,13894
4,1695059120977,25,4670,13919
4,1695059120977,35,4686,13954
4,1695059120977,20,4670,13974
4,1695059120977,20,4670,13994
4,1695059120977,24,4670,14018
4,1695059120977,16,4670,14034
4,1695059120977,20,4670,14054
4,1695059120977,20,4670,14074
4,1695059120977,22,4662,14096
4,1695059120977,19,4662,14115
4,1695059120977,20,4662,14135
4,1695059120977,20,4670,14155
4,1695059120977,20,4662,14175
4,1695059120977,20,4662,14195
4,1695059120977,20,4670,14215
4,1695059120977,20,4694,14235
4,1695059120977,20,4694,14255
4,1695059120977,20,4686,14275
4,1695059120977,20,4694,14295
4,1695059120977,23,4694,14318
4,1695059120977,17,4702,14335
4,1695059120977,21,4702,14356
4,1695059120977,19,4702,14375
4,1695059120977,27,4702,14402
4,1695059120977,13,4702,14415
4,1695059120977,20,4718,14435
4,1695059120977,20,4702,14455
4,1695059120977,27,4702,14482
4,1695059120977,13,4718,14495
4,1695059120977,21,4702,14516
4,1695059120977,20,4702,14536
4,1695059120977,41,4702,14577
4,1695059120977,20,4718,14597
4,1695059120977,21,4702,14618
4,1695059120977,24,4718,14642
4,1695059120977,17,4702,14659
4,1695059120977,25,4702,14684
4,1695059120977,14,4702,14698
4,1695059120977,22,4702,14720
4,1695059120977,18,4718,14738
4,1695059120977,20,4702,14758
4,1695059120977,20,4702,14778
4,1695059120977,21,4702,14799
4,1695059120977,20,4694,14819
4,1695059120977,20,4686,14839
4,1695059120977,20,4694,14859
4,1695059120977,20,4702,14879
4,1695059120977,20,4670,14899
4,1695059120977,21,4694,14920
4,1695059120977,22,4702,14942
4,1695059120977,17,4702,14959
4,1695059120977,21,4718,14980
4,1695059120977,20,4718,15000
4,1695059120977,27,4718,15027
4,1695059120977,13,4726,15040
4,1695059120977,21,4734,15061
4,1695059120977,20,4734,15081
4,1695059120977,27,4734,15108
4,1695059120977,13,4734,15121
4,1695059120977,20,4734,15141
4,1695059120977,20,4734,15161
4,1695059120977,41,4734,15202
4,1695059120977,20,4734,15222
4,1695059120977,20,4766,15242
4,1695059120977,24,4758,15266
4,1695059120977,16,4734,15282
4,1695059120977,20,4766,15302
4,1695059120977,20,4734,15322
4,1695059120977,23,4758,15345
4,1695059120977,18,4758,15363
4,1695059120977,20,4758,15383
4,1695059120977,20,4758,15403
4,1695059120977,21,4766,15424
4,1695059120977,20,4766,15444
4,1695059120977,21,4758,15465
4,1695059120977,37,4766,15502
4,1695059120977,7,4758,15509
4,1695059120977,15,4734,15524
4,1695059120977,20,4758,15544
4,1695059120977,21,4734,15565
4,1695059120977,19,4734,15584
4,1695059120977,20,4734,15604
4,1695059120977,20,4734,15624
4,1695059120977,27,4734,15651
4,1695059120977,14,4734,15665
4,1695059120977,20,4734,15685
4,1695059120977,21,4734,15706
4,1695059120977,27,4734,15733
4,1695059120977,13,4734,15746
4,1695059120977,20,4766,15766
4,1695059120977,20,4766,15786
4,1695059120977,41,4782,15827
4,1695059120977,20,4782,15847
4,1695059120977,20,4782,15867
4,1695059120977,25,4798,15892
4,1695059120977,16,4798,15908
4,1695059120977,20,4798,15928
4,1695059120977,20,4798,15948
4,1695059120977,22,4798,15970
4,1695059120977,19,4798,15989
4,1695059120977,20,4798,16009
4,1695059120977,21,4798,16030
4,1695059120977,20,4798,16050
4,1695059120977,20,4798,16070
4,1695059120977,20,4814,16090
4,1695059120977,21,4798,16111
4,1695059120977,20,4814,16131
4,1695059120977,20,4814,16151
4,1695059120977,21,4814,16172
4,1695059120977,23,4814,16195
4,1695059120977,17,4814,16212
4,1695059120977,20,4814,16232
4,1695059120977,21,4814,16253
4,1695059120977,38,4798,16291
4,1695059120977,7,4798,16298
4,1695059120977,15,4798,16313
4,1695059120977,20,4798,16333
4,1695059120977,27,4798,16360
4,1695059120977,13,4790,16373
4,1695059120977,20,4798,16393
4,1695059120977,20,4798,16413
4,1695059120977,41,4782,16454
4,1695059120977,20,4782,16474
4,1695059120977,20,4782,16494
4,1695059120977,41,4782,16535
4,1695059120977,21,4782,16556
4,1695059120977,20,4790,16576
4,1695059120977,21,4798,16597
4,1695059120977,18,4798,16615
4,1695059120977,21,4814,16636
4,1695059120977,20,4830,16656
4,1695059120977,20,4830,16676
4,1695059120977,20,4822,16696
4,1695059120977,20,4830,16716
4,1695059120977,20,4830,16736
4,1695059120977,21,4830,16757
4,1695059120977,20,4846,16777
4,1695059120977,20,4846,16797
4,1695059120977,23,4846,16820
4,1695059120977,18,4854,16838
4,1695059120977,20,4846,16858
4,1695059120977,21,4846,16879
4,1695059120977,27,4846,16906
4,1695059120977,13,4854,16919
4,1695059120977,20,4846,16939
4,1695059120977,20,4862,16959
4,1695059120977,27,4862,16986
4,1695059120977,14,4854,17000
4,1695059120977,26,4862,17026
4,1695059120977,14,4862,17040
4,1695059120977,41,4854,17081
4,1695059120977,20,4862,17101
4,1695059120977,20,4854,17121
4,1695059120977,24,4854,17145
4,1695059120977,16,4862,17161
4,1695059120977,20,4846,17181
4,1695059120977,20,4830,17201
4,1695059120977,23,4846,17224
4,1695059120977,17,4846,17241
4,1695059120977,20,4830,17261
4,1695059120977,21,4830,17282
4,1695059120977,20,4830,17302
4,1695059120977,21,4830,17323
4,1695059120977,19,4830,17342
4,1695059120977,20,4830,17362
4,1695059120977,21,4830,17383
4,1695059120977,20,4846,17403
4,1695059120977,20,4846,17423
4,1695059120977,23,4854,17446
4,1695059120977,17,4862,17463
4,1695059120977,20,4862,17483
4,1695059120977,20,4862,17503
4,1695059120977,21,4862,17524
4,1695059120977,19,4862,17543
4,1695059120977,20,4862,17563
4,1695059120977,20,4894,17583
4,1695059120977,27,4862,17610
4,1695059120977,13,4894,17623
4,1695059120977,21,4862,17644
4,1695059120977,20,4862,17664
4,1695059120977,41,4894,17705
4,1695059120977,20,4894,17725
4,1695059120977,20,4894,17745
4,1695059120977,41,4894,17786
4,1695059120977,20,4894,17806
4,1695059120977,21,4894,17827
4,1695059120977,37,4894,17864
4,1695059120977,7,4894,17871
4,1695059120977,15,4894,17886
4,1695059120977,20,4894,17906
4,1695059120977,20,4894,17926
4,1695059120977,20,4894,17946
4,1695059120977,20,4894,17966
4,1695059120977,21,4862,17987
4,1695059120977,20,4886,18007
4,1695059120977,21,4894,18028
4,1695059120977,20,4894,18048
4,1695059120977,23,4862,18071
4,1695059120977,17,4862,18088
4,1695059120977,20,4886,18108
4,1695059120977,20,4862,18128
4,1695059120977,28,4862,18156
4,1695059120977,12,4862,18168
4,1695059120977,21,4862,18189
4,1695059120977,20,4894,18209
4,1695059120977,27,4894,18236
4,1695059120977,13,4894,18249
4,1695059120977,20,4894,18269
4,1695059120977,20,4910,18289
4,1695059120977,41,4910,18330
4,1695059120977,20,4910,18350
4,1695059120977,20,4918,18370
4,1695059120977,41,4918,18411
4,1695059120977,20,4910,18431
4,1695059120977,21,4918,18452
4,1695059120977,21,4918,18473
4,1695059120977,18,4910,18491
4,1695059120977,20,4926,18511
4,1695059120977,20,4918,18531
4,1695059120977,20,4910,18551
4,1695059120977,20,4926,18571
4,1695059120977,20,4918,18591
4,1695059120977,20,4910,18611
4,1695059120977,20,4910,18631
4,1695059120977,20,4910,18651
4,1695059120977,20,4894,18671
4,1695059120977,23,4910,18694
4,1695059120977,17,4910,18711
4,1695059120977,21,4894,18732
4,1695059120977,20,4910,18752
4,1695059120977,27,4910,18779
4,1695059120977,13,4894,18792
4,1695059120977,20,4894,18812
4,1695059120977,20,4894,18832
4,1695059120977,27,4862,18859
4,1695059120977,13,4862,18872
4,1695059120977,21,4862,18893
4,1695059120977,25,4862,18918
4,1695059120977,21,4862,18939
4,1695059120977,14,4862,18953
4,1695059120977,20,4862,18973
4,1695059120977,20,4862,18993
4,1695059120977,41,4894,19034
4,1695059120977,20,4894,19054
4,1695059120977,20,4894,19074
4,1695059120977,22,4894,19096
4,1695059120977,18,4894,19114
4,1695059120977,20,4894,19134
4,1695059120977,20,4894,19154
4,1695059120977,21,4894,19175
4,1695059120977,19,4894,19194
4,1695059120977,21,4894,19215
4,1695059120977,20,4894,19235
4,1695059120977,20,4894,19255
4,1695059120977,21,4894,19276
4,1695059120977,20,4894,19296
4,1695059120977,23,4890,19319
4,1695059120977,17,4894,19336
4,1695059120977,21,4894,19357
4,1695059120977,20,4862,19377
4,1695059120977,27,4894,19404
4,1695059120977,13,4894,19417
4,1695059120977,21,4894,19438
4,1695059120977,20,4862,19458
4,1695059120977,27,4862,19485
4,1695059120977,13,4862,19498
4,1695059120977,20,4862,19518
4,1695059120977,21,4862,19539
4,1695059120977,27,4862,19566
4,1695059120977,13,4862,19579
4,1695059120977,21,4862,19600
4,1695059120977,20,4862,19620
4,1695059120977,20,4862,19640
4,1695059120977,20,4862,19660
4,1695059120977,21,4854,19681
4,1695059120977,26,4854,19707
4,1695059120977,20,4854,19727
4,1695059120977,14,4862,19741
4,1695059120977,20,4862,19761
4,1695059120977,20,4862,19781
4,1695059120977,21,4862,19802
4,1695059120977,20,4862,19822
4,1695059120977,20,4862,19842
4,1695059120977,21,4862,19863
4,1695059120977,20,4862,19883
4,1695059120977,20,4862,19903
4,1695059120977,20,4862,19923
4,1695059120977,23,4862,19946
4,1695059120977,17,4862,19963
4,1695059120977,20,4862,19983
4,1695059120977,21,4862,20004
4,1695059120977,27,4862,20031
4,1695059120977,13,4862,20044
4,1695059120977,20,4862,20064
4,1695059120977,20,4862,20084
4,1695059120977,27,4862,20111
4,1695059120977,13,4862,20124
4,1695059120977,20,4862,20144
4,1695059120977,20,4862,20164
4,1695059120977,27,4862,20191
4,1695059120977,13,4862,20204
4,1695059120977,20,4862,20224
4,1695059120977,25,4862,20249
4,1695059120977,36,4862,20285
4,1695059120977,20,4846,20305
4,1695059120977,20,4854,20325
4,1695059120977,23,4830,20348
4,1695059120977,18,4846,20366
4,1695059120977,20,4846,20386
4,1695059120977,21,4846,20407
4,1695059120977,19,4830,20426
4,1695059120977,21,4846,20447
4,1695059120977,20,4846,20467
4,1695059120977,20,4862,20487
4,1695059120977,20,4854,20507
4,1695059120977,20,4854,20527
4,1695059120977,20,4862,20547
4,1695059120977,23,4862,20570
4,1695059120977,17,4862,20587
4,1695059120977,20,4862,20607
4,1695059120977,20,4862,20627
4,1695059120977,23,4862,20650
4,1695059120977,17,4862,20667
4,1695059120977,20,4862,20687
4,1695059120977,21,4862,20708
4,1695059120977,27,4894,20735
4,1695059120977,13,4862,20748
4,1695059120977,20,4862,20768
4,1695059120977,20,4862,20788
4,1695059120977,27,4862,20815
4,1695059120977,13,4862,20828
4,1695059120977,21,4862,20849
4,1695059120977,20,4862,20869
4,1695059120977,41,4862,20910
4,1695059120977,20,4862,20930
4,1695059120977,20,4862,20950
4,1695059120977,23,4862,20973
4,1695059120977,18,4862,20991
4,1695059120977,21,4862,21012
4,1695059120977,29,4862,21041
4,1695059120977,12,4862,21053
4,1695059120977,18,4862,21071
4,1695059120977,20,4862,21091
4,1695059120977,20,4854,21111
4,1695059120977,20,4862,21131
4,1695059120977,20,4862,21151
4,1695059120977,20,4846,21171
4,1695059120977,23,4846,21194
4,1695059120977,17,4862,21211
4,1695059120977,20,4862,21231
4,1695059120977,20,4862,21251
4,1695059120977,23,4862,21274
4,1695059120977,18,4862,21292
4,1695059120977,20,4862,21312
4,1695059120977,20,4862,21332
4,1695059120977,27,4894,21359
4,1695059120977,13,4862,21372
4,1695059120977,20,4886,21392
4,1695059120977,20,4894,21412
4,1695059120977,27,4894,21439
4,1695059120977,13,4894,21452
4,1695059120977,20,4894,21472
4,1695059120977,20,4894,21492
4,1695059120977,21,4910,21513
4,1695059120977,20,4910,21533
4,1695059120977,20,4894,21553
4,1695059120977,20,4894,21573
4,1695059120977,24,4894,21597
4,1695059120977,26,4910,21623
4,1695059120977,13,4910,21636
4,1695059120977,19,4894,21655
4,1695059120977,19,4894,21674
4,1695059120977,20,4910,21694
4,1695059120977,21,4894,21715
4,1695059120977,20,4910,21735
4,1695059120977,20,4910,21755
4,1695059120977,20,4894,21775
4,1695059120977,20,4894,21795
4,1695059120977,22,4894,21817
4,1695059120977,18,4894,21835
4,1695059120977,20,4894,21855
4,1695059120977,20,4910,21875
4,1695059120977,23,4886,21898
4,1695059120977,18,4862,21916
4,1695059120977,21,4894,21937
4,1695059120977,26,4894,21963
4,1695059120977,20,4894,21983
4,1695059120977,13,4894,21996
4,1695059120977,20,4910,22016
4,1695059120977,20,4910,22036
4,1695059120977,28,4926,22064
4,1695059120977,12,4910,22076
4,1695059120977,21,4926,22097
4,1695059120977,20,4926,22117
4,1695059120977,41,4942,22158
4,1695059120977,19,4942,22177
4,1695059120977,21,4942,22198
4,1695059120977,22,4926,22220
4,1695059120977,17,4942,22237
4,1695059120977,20,4926,22257
4,1695059120977,20,4950,22277
4,1695059120977,20,4950,22297
4,1695059120977,21,4926,22318
4,1695059120977,20,4958,22338
4,1695059120977,20,4950,22358
4,1695059120977,19,4926,22377
4,1695059120977,21,4950,22398
4,1695059120977,20,4950,22418
4,1695059120977,23,4950,22441
4,1695059120977,17,4950,22458
4,1695059120977,21,4926,22479
4,1695059120977,26,4926,22505
4,1695059120977,21,4942,22526
4,1695059120977,13,4926,22539
4,1695059120977,20,4926,22559
4,1695059120977,20,4926,22579
4,1695059120977,27,4926,22606
4,1695059120977,13,4926,22619
4,1695059120977,20,4926,22639
4,1695059120977,20,4926,22659
4,1695059120977,27,4926,22686
4,1695059120977,13,4926,22699
4,1695059120977,20,4910,22719
4,1695059120977,20,4926,22739
4,1695059120977,41,4926,22780
4,1695059120977,20,4942,22800
4,1695059120977,20,4958,22820
4,1695059120977,22,4958,22842
4,1695059120977,18,4950,22860
4,1695059120977,20,4958,22880
4,1695059120977,20,4958,22900
4,1695059120977,20,4974,22920
4,1695059120977,20,4958,22940
4,1695059120977,20,4958,22960
4,1695059120977,19,4974,22979
4,1695059120977,21,4982,23000
4,1695059120977,20,4974,23020
4,1695059120977,19,4982,23039
4,1695059120977,23,4990,23062
4,1695059120977,17,4974,23079
4,1695059120977,20,4990,23099
4,1695059120977,19,4974,23118
4,1695059120977,24,4982,23142
4,1695059120977,17,4974,23159
4,1695059120977,20,4974,23179
4,1695059120977,20,4990,23199
4,1695059120977,27,4974,23226
4,1695059120977,13,4958,23239
4,1695059120977,21,4982,23260
4,1695059120977,20,4974,23280
4,1695059120977,28,4974,23308
4,1695059120977,31,4974,23339
4,1695059120977,8,4958,23347
4,1695059120977,14,4958,23361
4,1695059120977,41,4958,23402
4,1695059120977,21,4958,23423
4,1695059120977,20,4958,23443
4,1695059120977,20,4958,23463
4,1695059120977,20,4950,23483
4,1695059120977,19,4942,23502
4,1695059120977,20,4926,23522
4,1695059120977,21,4950,23543
4,1695059120977,20,4950,23563
4,1695059120977,20,4950,23583
4,1695059120977,21,4958,23604
4,1695059120977,20,4958,23624
4,1695059120977,20,4958,23644
4,1695059120977,20,4974,23664
4,1695059120977,23,4974,23687
4,1695059120977,17,4990,23704
4,1695059120977,20,4982,23724
4,1695059120977,20,4990,23744
4,1695059120977,22,4974,23766
4,1695059120977,17,4974,23783
4,1695059120977,20,4990,23803
4,1695059120977,20,4974,23823
4,1695059120977,28,4974,23851
4,1695059120977,13,4990,23864
4,1695059120977,20,4990,23884
4,1695059120977,20,4986,23904
4,1695059120977,28,4990,23932
4,1695059120977,13,4990,23945
4,1695059120977,20,4990,23965
4,1695059120977,20,4990,23985
4,1695059120977,41,4990,24026
4,1695059120977,20,4982,24046
4,1695059120977,21,4990,24067
4,1695059120977,39,4990,24106
4,1695059120977,7,4982,24113
4,1695059120977,14,4990,24127
4,1695059120977,20,4974,24147
4,1695059120977,20,4974,24167
4,1695059120977,20,4982,24187
4,1695059120977,20,4974,24207
4,1695059120977,20,4958,24227
4,1695059120977,24,4958,24251
4,1695059120977,16,4958,24267
4,1695059120977,21,4958,24288
4,1695059120977,22,4958,24310
4,1695059120977,19,4958,24329
4,1695059120977,20,4958,24349
4,1695059120977,19,4958,24368
4,1695059120977,23,4974,24391
4,1695059120977,17,4958,24408
4,1695059120977,20,4982,24428
4,1695059120977,20,4990,24448
4,1695059120977,28,4990,24476
4,1695059120977,13,4990,24489
4,1695059120977,21,4990,24510
4,1695059120977,19,4990,24529
4,1695059120977,28,4990,24557
4,1695059120977,13,4990,24570
4,1695059120977,19,4990,24589
4,1695059120977,20,4982,24609
4,1695059120977,41,4990,24650
4,1695059120977,21,4974,24671
4,1695059120977,20,4990,24691
4,1695059120977,22,4990,24713
4,1695059120977,17,4990,24730
4,1695059120977,21,4990,24751
4,1695059120977,19,4990,24770
4,1695059120977,21,4990,24791
4,1695059120977,20,4990,24811
4,1695059120977,19,4990,24830
4,1695059120977,20,4990,24850
4,1695059120977,20,4990,24870
4,1695059120977,20,4974,24890
4,1695059120977,21,4990,24911
4,1695059120977,37,4990,24948
4,1695059120977,7,4974,24955
4,1695059120977,16,4974,24971
4,1695059120977,20,4974,24991
4,1695059120977,23,4958,25014
4,1695059120977,17,4974,25031
4,1695059120977,20,4974,25051
4,1695059120977,20,4958,25071
4,1695059120977,28,4974,25099
4,1695059120977,13,4958,25112
4,1695059120977,19,4958,25131
4,1695059120977,20,4958,25151
4,1695059120977,28,4974,25179
4,1695059120977,13,4990,25192
4,1695059120977,20,4990,25212
4,1695059120977,21,4990,25233
4,1695059120977,41,4990,25274
4,1695059120977,20,4990,25294
4,1695059120977,20,4990,25314
4,1695059120977,19,4990,25333
4,1695059120977,20,5022,25353
4,1695059120977,21,5014,25374
4,1695059120977,19,5014,25393
4,1695059120977,21,5022,25414
4,1695059120977,20,4990,25434
4,1695059120977,20,4990,25454
4,1695059120977,20,5022,25474
4,1695059120977,21,5022,25495
4,1695059120977,20,5022,25515
4,1695059120977,19,5022,25534
4,1695059120977,23,5014,25557
4,1695059120977,17,4990,25574
4,1695059120977,21,4990,25595
4,1695059120977,20,5014,25615
4,1695059120977,37,4990,25652
4,1695059120977,8,4990,25660
4,1695059120977,15,4990,25675
4,1695059120977,20,5014,25695
4,1695059120977,28,4990,25723
4,1695059120977,13,4990,25736
4,1695059120977,20,4990,25756
4,1695059120977,20,4990,25776
4,1695059120977,27,4990,25803
4,1695059120977,13,4990,25816
4,1695059120977,20,4990,25836
4,1695059120977,21,4990,25857
4,1695059120977,41,4982,25898
4,1695059120977,20,4990,25918
4,1695059120977,20,4990,25938
4,1695059120977,23,4990,25961
4,1695059120977,17,5014,25978
4,1695059120977,21,5022,25999
4,1695059120977,20,5022,26019
4,1695059120977,19,5022,26038
4,1695059120977,20,5038,26058
4,1695059120977,21,5038,26079
4,1695059120977,19,5038,26098
4,1695059120977,21,5038,26119
4,1695059120977,20,5038,26139
4,1695059120977,20,5054,26159
4,1695059120977,22,5046,26181
4,1695059120977,17,5038,26198
4,1695059120977,21,5054,26219
4,1695059120977,20,5054,26239
4,1695059120977,22,5038,26261
4,1695059120977,18,5046,26279
4,1695059120977,20,5054,26299
4,1695059120977,19,5046,26318
4,1695059120977,28,5038,26346
4,1695059120977,14,5054,26360
4,1695059120977,25,5046,26385
4,1695059120977,14,5054,26399
4,1695059120977,29,5054,26428
4,1695059120977,13,5038,26441
4,1695059120977,20,5038,26461
4,1695059120977,19,5038,26480
4,1695059120977,42,5022,26522
4,1695059120977,20,5038,26542
4,1695059120977,20,5022,26562
4,1695059120977,22,5022,26584
4,1695059120977,17,5022,26601
4,1695059120977,21,5022,26622
4,1695059120977,20,5014,26642
4,1695059120977,19,5022,26661
4,1695059120977,20,5038,26681
4,1695059120977,20,5038,26701
4,1695059120977,20,5038,26721
4,1695059120977,21,5038,26742
4,1695059120977,20,5054,26762
4,1695059120977,19,5054,26781
4,1695059120977,23,5054,26804
4,1695059120977,18,5070,26822
4,1695059120977,20,5086,26842
4,1695059120977,20,5086,26862
4,1695059120977,23,5086,26885
4,1695059120977,17,5086,26902
4,1695059120977,20,5086,26922
4,1695059120977,20,5086,26942
4,1695059120977,27,5086,26969
4,1695059120977,13,5102,26982
4,1695059120977,20,5086,27002
4,1695059120977,20,5102,27022
4,1695059120977,27,5102,27049
4,1695059120977,13,5102,27062
4,1695059120977,20,5102,27082
4,1695059120977,20,5086,27102
4,1695059120977,41,5102,27143
4,1695059120977,20,5102,27163
4,1695059120977,20,5102,27183
4,1695059120977,23,5102,27206
4,1695059120977,17,5086,27223
4,1695059120977,21,5086,27244
4,1695059120977,27,5102,27271
4,1695059120977,12,5102,27283
4,1695059120977,21,5086,27304
4,1695059120977,20,5102,27324
4,1695059120977,20,5078,27344
4,1695059120977,20,5086,27364
4,1695059120977,20,5086,27384
4,1695059120977,20,5086,27404
4,1695059120977,22,5086,27426
4,1695059120977,18,5086,27444
4,1695059120977,20,5102,27464
4,1695059120977,20,5102,27484
4,1695059120977,24,5110,27508
4,1695059120977,17,5118,27525
4,1695059120977,20,5118,27545
4,1695059120977,20,5118,27565
4,1695059120977,27,5118,27592
4,1695059120977,13,5118,27605
4,1695059120977,20,5150,27625
4,1695059120977,20,5150,27645
4,1695059120977,27,5166,27672
4,1695059120977,13,5166,27685
4,1695059120977,20,5166,27705
4,1695059120977,20,5166,27725
4,1695059120977,41,5174,27766
4,1695059120977,20,5182,27786
4,1695059120977,20,5182,27806
4,1695059120977,23,5182,27829
4,1695059120977,17,5182,27846
4,1695059120977,20,5182,27866
4,1695059120977,20,5182,27886
4,1695059120977,20,5182,27906
4,1695059120977,20,5182,27926
4,1695059120977,21,5182,27947
4,1695059120977,20,5182,27967
4,1695059120977,39,5182,28006
4,1695059120977,8,5182,28014
4,1695059120977,13,5182,28027
4,1695059120977,23,5182,28050
4,1695059120977,17,5182,28067
4,1695059120977,19,5182,28086
4,1695059120977,21,5182,28107
4,1695059120977,23,5166,28130
4,1695059120977,17,5174,28147
4,1695059120977,20,5166,28167
4,1695059120977,20,5166,28187
4,1695059120977,27,5166,28214
4,1695059120977,13,5174,28227
4,1695059120977,20,5182,28247
4,1695059120977,20,5182,28267
4,1695059120977,27,5182,28294
4,1695059120977,13,5214,28307
4,1695059120977,20,5214,28327
4,1695059120977,20,5230,28347
4,1695059120977,40,5246,28387
4,1695059120977,21,5246,28408
4,1695059120977,20,5246,28428
4,1695059120977,24,5246,28452
4,1695059120977,16,5246,28468
4,1695059120977,20,5270,28488
4,1695059120977,20,5246,28508
4,1695059120977,21,5246,28529
4,1695059120977,20,5246,28549
4,1695059120977,20,5270,28569
4,1695059120977,20,5278,28589
4,1695059120977,19,5278,28608
4,1695059120977,21,5278,28629
4,1695059120977,19,5278,28648
4,1695059120977,24,5278,28672
4,1695059120977,18,5278,28690
4,1695059120977,20,5278,28710
4,1695059120977,20,5278,28730
4,1695059120977,23,5278,28753
4,1695059120977,17,5278,28770
4,1695059120977,20,5278,28790
4,1695059120977,20,5278,28810
4,1695059120977,28,5278,28838
4,1695059120977,31,5278,28869
4,1695059120977,7,5278,28876
4,1695059120977,14,5246,28890
4,1695059120977,28,5270,28918
4,1695059120977,13,5246,28931
4,1695059120977,20,5246,28951
4,1695059120977,20,5246,28971
4,1695059120977,41,5246,29012
4,1695059120977,20,5246,29032
4,1695059120977,20,5246,29052
4,1695059120977,23,5278,29075
4,1695059120977,17,5278,29092
4,1695059120977,20,5294,29112
4,1695059120977,20,5310,29132
4,1695059120977,21,5310,29153
4,1695059120977,19,5310,29172
4,1695059120977,20,5326,29192
4,1695059120977,20,5334,29212
4,1695059120977,20,5334,29232
4,1695059120977,20,5342,29252
4,1695059120977,20,5334,29272
4,1695059120977,20,5342,29292
4,1695059120977,20,5342,29312
4,1695059120977,20,5342,29332
4,1695059120977,20,5342,29352
4,1695059120977,23,5342,29375
4,1695059120977,17,5342,29392
4,1695059120977,20,5342,29412
4,1695059120977,20,5342,29432
4,1695059120977,28,5342,29460
4,1695059120977,13,5342,29473
4,1695059120977,20,5358,29493
4,1695059120977,20,5342,29513
4,1695059120977,29,5342,29542
4,1695059120977,12,5342,29554
4,1695059120977,20,5342,29574
4,1695059120977,21,5342,29595
4,1695059120977,41,5334,29636
4,1695059120977,19,5342,29655
4,1695059120977,20,5334,29675
4,1695059120977,24,5334,29699
4,1695059120977,17,5334,29716
4,1695059120977,20,5326,29736
4,1695059120977,21,5342,29757
4,1695059120977,20,5310,29777
4,1695059120977,19,5310,29796
4,1695059120977,20,5310,29816
4,1695059120977,20,5310,29836
4,1695059120977,20,5310,29856
4,1695059120977,20,5326,29876
4,1695059120977,20,5342,29896
4,1695059120977,20,5342,29916
4,1695059120977,20,5342,29936
4,1695059120977,20,5366,29956
4,1695059120977,20,5366,29976
4,1695059120977,24,5374,30000
4,1695059120977,16,5374,30016
4,1695059120977,20,5374,30036
4,1695059120977,20,5374,30056
4,1695059120977,27,5374,30083
4,1695059120977,14,5374,30097
4,1695059120977,19,5374,30116
4,1695059120977,20,5374,30136
4,1695059120977,28,5374,30164
4,1695059120977,12,5374,30176
4,1695059120977,20,5374,30196
4,1695059120977,20,5374,30216
4,1695059120977,41,5374,30257
4,1695059120977,20,5374,30277
4,1695059120977,20,5374,30297
4,1695059120977,25,5374,30322
4,1695059120977,26,5374,30348
4,1695059120977,12,5374,30360
4,1695059120977,17,5366,30377
4,1695059120977,21,5358,30398
4,1695059120977,20,5374,30418
4,1695059120977,19,5358,30437
4,1695059120977,20,5358,30457
4,1695059120977,20,5342,30477
4,1695059120977,20,5342,30497
4,1695059120977,21,5342,30518
4,1695059120977,19,5342,30537
4,1695059120977,20,5326,30557
4,1695059120977,20,5310,30577
4,1695059120977,20,5310,30597
4,1695059120977,23,5310,30620
4,1695059120977,18,5310,30638
4,1695059120977,21,5310,30659
4,1695059120977,19,5326,30678
4,1695059120977,28,5326,30706
4,1695059120977,13,5334,30719
4,1695059120977,20,5342,30739
4,1695059120977,20,5358,30759
4,1695059120977,28,5358,30787
4,1695059120977,13,5358,30800
4,1695059120977,20,5358,30820
4,1695059120977,19,5358,30839
4,1695059120977,41,5374,30880
4,1695059120977,20,5358,30900
4,1695059120977,20,5358,30920
4,1695059120977,24,5358,30944
4,1695059120977,17,5342,30961
4,1695059120977,20,5342,30981
4,1695059120977,20,5358,31001
4,1695059120977,21,5342,31022
4,1695059120977,19,5342,31041
4,1695059120977,20,5342,31061
4,1695059120977,20,5342,31081
4,1695059120977,21,5342,31102
4,1695059120977,25,5342,31127
4,1695059120977,15,5334,31142
4,1695059120977,20,5342,31162
4,1695059120977,20,5342,31182
4,1695059120977,20,5310,31202
4,1695059120977,20,5310,31222
4,1695059120977,21,5326,31243
4,1695059120977,19,5310,31262
4,1695059120977,20,5310,31282
4,1695059120977,20,5294,31302
4,1695059120977,28,5310,31330
4,1695059120977,13,5294,31343
4,1695059120977,19,5278,31362
4,1695059120977,21,5294,31383
4,1695059120977,27,5278,31410
4,1695059120977,13,5278,31423
4,1695059120977,20,5278,31443
4,1695059120977,20,5270,31463
4,1695059120977,40,5278,31503
4,1695059120977,20,5278,31523
4,1695059120977,20,5294,31543
4,1695059120977,24,5294,31567
4,1695059120977,16,5310,31583
4,1695059120977,21,5302,31604
4,1695059120977,19,5310,31623
4,1695059120977,22,5310,31645
4,1695059120977,18,5310,31663
4,1695059120977,20,5310,31683
4,1695059120977,21,5302,31704
4,1695059120977,19,5302,31723
4,1695059120977,21,5294,31744
4,1695059120977,20,5310,31764
4,1695059120977,20,5294,31784
4,1695059120977,20,5310,31804
4,1695059120977,20,5294,31824
4,1695059120977,19,5310,31843
4,1695059120977,24,5302,31867
4,1695059120977,17,5310,31884
4,1695059120977,21,5310,31905
4,1695059120977,26,5302,31931
4,1695059120977,20,5302,31951
4,1695059120977,13,5294,31964
4,1695059120977,19,5294,31983
4,1695059120977,20,5278,32003
4,1695059120977,28,5294,32031
4,1695059120977,13,5278,32044
4,1695059120977,19,5278,32063
4,1695059120977,21,5278,32084
4,1695059120977,40,5246,32124
4,1695059120977,21,5246,32145
4,1695059120977,19,5246,32164
4,1695059120977,25,5246,32189
4,1695059120977,16,5238,32205
4,1695059120977,20,5246,32225
4,1695059120977,20,5214,32245
4,1695059120977,21,5214,32266
4,1695059120977,19,5238,32285
4,1695059120977,20,5238,32305
4,1695059120977,20,5246,32325
4,1695059120977,21,5246,32346
4,1695059120977,19,5246,32365
4,1695059120977,21,5246,32386
4,1695059120977,20,5246,32406
4,1695059120977,19,5246,32425
4,1695059120977,20,5270,32445
4,1695059120977,21,5246,32466
4,1695059120977,22,5246,32488
4,1695059120977,19,5246,32507
4,1695059120977,20,5246,32527
4,1695059120977,20,5246,32547
4,1695059120977,27,5246,32574
4,1695059120977,12,5246,32586
4,1695059120977,21,5246,32607
4,1695059120977,20,5246,32627
4,1695059120977,27,5246,32654
4,1695059120977,13,5246,32667
4,1695059120977,19,5246,32686
4,1695059120977,22,5246,32708
4,1695059120977,39,5246,32747
4,1695059120977,20,5230,32767
4,1695059120977,21,5230,32788
4,1695059120977,40,5214,32828
4,1695059120977,20,5230,32848
4,1695059120977,20,5214,32868
4,1695059120977,22,5214,32890
4,1695059120977,18,5214,32908
4,1695059120977,20,5214,32928
4,1695059120977,20,5206,32948
4,1695059120977,20,5198,32968
4,1695059120977,21,5182,32989
4,1695059120977,19,5182,33008
4,1695059120977,20,5182,33028
4,1695059120977,21,5182,33049
4,1695059120977,20,5174,33069
4,1695059120977,20,5182,33089
4,1695059120977,23,5182,33112
4,1695059120977,17,5206,33129
4,1695059120977,20,5198,33149
4,1695059120977,20,5206,33169
4,1695059120977,20,5198,33189
4,1695059120977,20,5206,33209
4,1695059120977,20,5198,33229
4,1695059120977,20,5198,33249
4,1695059120977,27,5206,33276
4,1695059120977,12,5206,33288
4,1695059120977,21,5206,33309
4,1695059120977,19,5198,33328
4,1695059120977,28,5206,33356
4,1695059120977,14,5206,33370
4,1695059120977,20,5206,33390
4,1695059120977,20,5198,33410
4,1695059120977,41,5182,33451
4,1695059120977,20,5182,33471
4,1695059120977,20,5182,33491
4,1695059120977,22,5198,33513
4,1695059120977,17,5182,33530
4,1695059120977,21,5182,33551
4,1695059120977,20,5182,33571
4,1695059120977,20,5182,33591
4,1695059120977,20,5182,33611
4,1695059120977,20,5174,33631
4,1695059120977,20,5166,33651
4,1695059120977,19,5166,33670
4,1695059120977,20,5166,33690
4,1695059120977,20,5166,33710
4,1695059120977,23,5166,33733
4,1695059120977,17,5118,33750
4,1695059120977,20,5118,33770
4,1695059120977,21,5118,33791
4,1695059120977,37,5118,33828
4,1695059120977,8,5118,33836
4,1695059120977,16,5118,33852
4,1695059120977,20,5118,33872
4,1695059120977,27,5118,33899
4,1695059120977,12,5150,33911
4,1695059120977,20,5150,33931
4,1695059120977,20,5166,33951
4,1695059120977,28,5166,33979
4,1695059120977,13,5166,33992
4,1695059120977,19,5166,34011
4,1695059120977,20,5174,34031
4,1695059120977,42,5166,34073
4,1695059120977,20,5166,34093
4,1695059120977,20,5166,34113
4,1695059120977,22,5150,34135
4,1695059120977,18,5166,34153
4,1695059120977,20,5166,34173
4,1695059120977,19,5166,34192
4,1695059120977,21,5166,34213
4,1695059120977,20,5166,34233
4,1695059120977,20,5150,34253
4,1695059120977,21,5166,34274
4,1695059120977,19,5150,34293
4,1695059120977,21,5166,34314
4,1695059120977,20,5118,34334
4,1695059120977,23,5166,34357
4,1695059120977,16,5118,34373
4,1695059120977,21,5118,34394
4,1695059120977,19,5150,34413
4,1695059120977,23,5118,34436
4,1695059120977,18,5118,34454
4,1695059120977,20,5118,34474
4,1695059120977,20,5118,34494
4,1695059120977,27,5118,34521
4,1695059120977,14,5118,34535
4,1695059120977,26,5118,34561
4,1695059120977,12,5118,34573
4,1695059120977,28,5118,34601
4,1695059120977,12,5118,34613
4,1695059120977,20,5118,34633
4,1695059120977,21,5118,34654
4,1695059120977,40,5118,34694
4,1695059120977,21,5166,34715
4,1695059120977,20,5150,34735
4,1695059120977,23,5118,34758
4,1695059120977,18,5166,34776
4,1695059120977,20,5166,34796
4,1695059120977,19,5150,34815
4,1695059120977,21,5166,34836
4,1695059120977,20,5166,34856
4,1695059120977,19,5174,34875
4,1695059120977,21,5166,34896
4,1695059120977,20,5150,34916
4,1695059120977,20,5166,34936
4,1695059120977,19,5166,34955
4,1695059120977,24,5166,34979
4,1695059120977,17,5150,34996
4,1695059120977,19,5166,35015
4,1695059120977,21,5166,35036
4,1695059120977,23,5118,35059
4,1695059120977,17,5166,35076
4,1695059120977,20,5166,35096
4,1695059120977,20,5118,35116
4,1695059120977,38,5150,35154
4,1695059120977,7,5118,35161
4,1695059120977,16,5118,35177
4,1695059120977,20,5118,35197
4,1695059120977,27,5118,35224
4,1695059120977,12,5118,35236
4,1695059120977,21,5118,35257
4,1695059120977,20,5118,35277
4,1695059120977,20,5118,35297
4,1695059120977,20,5118,35317
4,1695059120977,20,5118,35337
4,1695059120977,20,5118,35357
4,1695059120977,22,5118,35379
4,1695059120977,18,5118,35397
4,1695059120977,20,5118,35417
4,1695059120977,20,5150,35437
4,1695059120977,21,5118,35458
4,1695059120977,18,5166,35476
4,1695059120977,20,5166,35496
4,1695059120977,21,5166,35517
4,1695059120977,19,5182,35536
4,1695059120977,20,5174,35556
4,1695059120977,21,5174,35577
4,1695059120977,23,5182,35600
4,1695059120977,17,5182,35617
4,1695059120977,20,5182,35637
4,1695059120977,19,5174,35656
4,1695059120977,23,5166,35679
4,1695059120977,17,5166,35696
4,1695059120977,20,5182,35716
4,1695059120977,20,5182,35736
4,1695059120977,29,5182,35765
4,1695059120977,12,5182,35777
4,1695059120977,19,5182,35796
4,1695059120977,20,5182,35816
4,1695059120977,28,5182,35844
4,1695059120977,12,5182,35856
4,1695059120977,21,5166,35877
4,1695059120977,25,5182,35902
4,1695059120977,35,5182,35937
4,1695059120977,20,5166,35957
4,1695059120977,20,5166,35977
4,1695059120977,23,5150,36000
4,1695059120977,17,5166,36017
4,1695059120977,20,5150,36037
4,1695059120977,20,5166,36057
4,1695059120977,20,5118,36077
4,1695059120977,20,5166,36097
4,1695059120977,20,5166,36117
4,1695059120977,20,5166,36137
4,1695059120977,20,5182,36157
4,1695059120977,20,5182,36177
4,1695059120977,20,5182,36197
4,1695059120977,23,5206,36220
4,1695059120977,17,5214,36237
4,1695059120977,20,5206,36257
4,1695059120977,20,5214,36277
4,1695059120977,23,5214,36300
4,1695059120977,17,5230,36317
4,1695059120977,20,5214,36337
4,1695059120977,20,5230,36357
4,1695059120977,28,5214,36385
4,1695059120977,12,5214,36397
4,1695059120977,20,5230,36417
4,1695059120977,20,5230,36437
4,1695059120977,28,5230,36465
4,1695059120977,12,5230,36477
4,1695059120977,20,5246,36497
4,1695059120977,20,5246,36517
4,1695059120977,41,5214,36558
4,1695059120977,20,5230,36578
4,1695059120977,20,5230,36598
4,1695059120977,24,5230,36622
4,1695059120977,17,5230,36639
4,1695059120977,19,5214,36658
4,1695059120977,21,5246,36679
4,1695059120977,21,5246,36700
4,1695059120977,19,5246,36719
4,1695059120977,26,5246,36745
4,1695059120977,13,5246,36758
4,1695059120977,20,5246,36778
4,1695059120977,20,5214,36798
4,1695059120977,20,5182,36818
4,1695059120977,20,5166,36838
4,1695059120977,20,5118,36858
4,1695059120977,20,5086,36878
4,1695059120977,20,5038,36898
4,1695059120977,23,4990,36921
4,1695059120977,17,4986,36938
4,1695059120977,20,4950,36958
4,1695059120977,21,4894,36979
4,1695059120977,27,4862,37006
4,1695059120977,12,4830,37018
4,1695059120977,20,4798,37038
4,1695059120977,20,4766,37058
4,1695059120977,28,4726,37086
4,1695059120977,12,4670,37098
4,1695059120977,20,4638,37118
4,1695059120977,20,4598,37138
4,1695059120977,20,4542,37158
4,1695059120977,20,4510,37178
4,1695059120977,20,4446,37198
4,1695059120977,20,4398,37218
4,1695059120977,23,4350,37241
4,1695059120977,17,4318,37258
4,1695059120977,20,4278,37278
4,1695059120977,20,4222,37298
4,1695059120977,21,4174,37319
4,1695059120977,19,4094,37338
4,1695059120977,20,4094,37358
4,1695059120977,20,4046,37378
4,1695059120977,20,3998,37398
4,1695059120977,20,3950,37418
4,1695059120977,21,3902,37439
4,1695059120977,19,3838,37458
4,1695059120977,20,3806,37478
4,1695059120977,20,3758,37498
4,1695059120977,20,3710,37518
4,1695059120977,23,3662,37541
4,1695059120977,17,3614,37558
4,1695059120977,20,3582,37578
4,1695059120977,21,3518,37599
4,1695059120977,38,3478,37637
4,1695059120977,7,3438,37644
4,1695059120977,15,3390,37659
4,1695059120977,20,3358,37679
4,1695059120977,28,3326,37707
4,1695059120977,12,3294,37719
4,1695059120977,21,3278,37740
4,1695059120977,19,3254,37759
4,1695059120977,41,3198,37800
4,1695059120977,21,3198,37821
4,1695059120977,20,3166,37841
4,1695059120977,45,3134,37886
4,1695059120977,15,3118,37901
4,1695059120977,20,3070,37921
4,1695059120977,22,3070,37943
4,1695059120977,18,3054,37961
4,1695059120977,20,3030,37981
4,1695059120977,20,3022,38001
4,1695059120977,21,3006,38022
4,1695059120977,19,3006,38041
4,1695059120977,20,2998,38061
4,1695059120977,20,2982,38081
4,1695059120977,20,2974,38101
4,1695059120977,21,2966,38122
4,1695059120977,19,2942,38141
4,1695059120977,24,2934,38165
4,1695059120977,16,2910,38181
4,1695059120977,20,2894,38201
4,1695059120977,21,2878,38222
4,1695059120977,27,2846,38249
4,1695059120977,13,2814,38262
4,1695059120977,20,2814,38282
4,1695059120977,20,2794,38302
4,1695059120977,28,2774,38330
4,1695059120977,13,2774,38343
4,1695059120977,20,2750,38363
4,1695059120977,21,2742,38384
4,1695059120977,40,2678,38424
4,1695059120977,21,2678,38445
4,1695059120977,20,2666,38465
4,1695059120977,40,2638,38505
4,1695059120977,20,2638,38525
4,1695059120977,20,2638,38545
4,1695059120977,22,2646,38567
4,1695059120977,18,2622,38585
4,1695059120977,20,2638,38605
4,1695059120977,22,2622,38627
4,1695059120977,38,2618,38665
4,1695059120977,7,2614,38672
4,1695059120977,13,2602,38685
4,1695059120977,20,2590,38705
4,1695059120977,20,2590,38725
4,1695059120977,21,2558,38746
4,1695059120977,20,2558,38766
4,1695059120977,23,2550,38789
4,1695059120977,17,2542,38806
4,1695059120977,19,2542,38825
4,1695059120977,20,2534,38845
4,1695059120977,28,2526,38873
4,1695059120977,14,2494,38887
4,1695059120977,20,2494,38907
4,1695059120977,19,2486,38926
4,1695059120977,27,2474,38953
4,1695059120977,13,2454,38966
4,1695059120977,20,2430,38986
4,1695059120977,20,2406,39006
4,1695059120977,40,2378,39046
4,1695059120977,20,2350,39066
4,1695059120977,20,2334,39086
4,1695059120977,25,2302,39111
4,1695059120977,16,2302,39127
4,1695059120977,20,2286,39147
4,1695059120977,20,2270,39167
4,1695059120977,20,2238,39187
4,1695059120977,20,2238,39207
4,1695059120977,19,2230,39226
4,1695059120977,20,2230,39246
4,1695059120977,20,2230,39266
4,1695059120977,20,2218,39286
4,1695059120977,21,2230,39307
4,1695059120977,38,2222,39345
4,1695059120977,7,2214,39352
4,1695059120977,15,2206,39367
4,1695059120977,20,2206,39387
4,1695059120977,24,2198,39411
4,1695059120977,16,2174,39427
4,1695059120977,20,2174,39447
4,1695059120977,20,2174,39467
4,1695059120977,28,2166,39495
4,1695059120977,12,2158,39507
4,1695059120977,20,2154,39527
4,1695059120977,20,2158,39547
4,1695059120977,28,2150,39575
4,1695059120977,12,2142,39587
4,1695059120977,21,2134,39608
4,1695059120977,20,2126,39628
4,1695059120977,41,2122,39669
4,1695059120977,21,2110,39690
4,1695059120977,19,2094,39709
4,1695059120977,25,2094,39734
4,1695059120977,16,2086,39750
4,1695059120977,21,2078,39771
4,1695059120977,20,2070,39791
4,1695059120977,21,2046,39812
4,1695059120977,19,2046,39831
4,1695059120977,20,2042,39851
4,1695059120977,21,2030,39872
4,1695059120977,20,2014,39892
4,1695059120977,20,2006,39912
4,1695059120977,19,1998,39931
4,1695059120977,24,1982,39955
4,1695059120977,18,1966,39973
4,1695059120977,25,1982,39998
4,1695059120977,13,1974,40011
4,1695059120977,24,1980,40035
4,1695059120977,16,1974,40051
4,1695059120977,20,1982,40071
4,1695059120977,20,1978,40091
4,1695059120977,28,1982,40119
4,1695059120977,13,1974,40132
4,1695059120977,19,1974,40151
4,1695059120977,20,1966,40171
4,1695059120977,28,1966,40199
4,1695059120977,12,1966,40211
4,1695059120977,20,1958,40231
4,1695059120977,20,1950,40251
4,1695059120977,41,1950,40292
4,1695059120977,20,1946,40312
4,1695059120977,20,1942,40332
4,1695059120977,24,1918,40356
4,1695059120977,17,1934,40373
4,1695059120977,19,1918,40392
4,1695059120977,21,1918,40413
4,1695059120977,21,1910,40434
4,1695059120977,18,1910,40452
4,1695059120977,21,1902,40473
4,1695059120977,19,1898,40492
4,1695059120977,21,1886,40513
4,1695059120977,19,1886,40532
4,1695059120977,21,1876,40553
4,1695059120977,20,1866,40573
4,1695059120977,21,1854,40594
4,1695059120977,20,1854,40614
4,1695059120977,19,1846,40633
4,1695059120977,24,1846,40657
4,1695059120977,17,1838,40674
4,1695059120977,20,1822,40694
4,1695059120977,20,1822,40714
4,1695059120977,28,1822,40742
4,1695059120977,31,1790,40773
4,1695059120977,8,1822,40781
4,1695059120977,14,1838,40795
4,1695059120977,27,1834,40822
4,1695059120977,13,1838,40835
4,1695059120977,20,1854,40855
4,1695059120977,21,1854,40876
4,1695059120977,27,1854,40903
4,1695059120977,12,1874,40915
4,1695059120977,22,1882,40937
4,1695059120977,20,1886,40957
4,1695059120977,41,1902,40998
4,1695059120977,20,1902,41018
4,1695059120977,19,1910,41037
4,1695059120977,24,1910,41061
4,1695059120977,17,1910,41078
4,1695059120977,19,1910,41097
4,1695059120977,21,1910,41118
4,1695059120977,19,1910,41137
4,1695059120977,20,1918,41157
4,1695059120977,21,1914,41178
4,1695059120977,20,1918,41198
4,1695059120977,20,1918,41218
4,1695059120977,20,1918,41238
4,1695059120977,21,1918,41259
4,1695059120977,38,1918,41297
4,1695059120977,8,1918,41305
4,1695059120977,14,1918,41319
4,1695059120977,20,1918,41339
4,1695059120977,23,1910,41362
4,1695059120977,17,1910,41379
4,1695059120977,19,1902,41398
4,1695059120977,20,1886,41418
4,1695059120977,28,1898,41446
4,1695059120977,13,1902,41459
4,1695059120977,19,1898,41478
4,1695059120977,21,1886,41499
4,1695059120977,28,1902,41527
4,1695059120977,13,1902,41540
4,1695059120977,20,1910,41560
4,1695059120977,19,1918,41579
4,1695059120977,41,1934,41620
4,1695059120977,20,1950,41640
4,1695059120977,20,1950,41660
4,1695059120977,23,1958,41683
4,1695059120977,18,1950,41701
4,1695059120977,20,1962,41721
4,1695059120977,20,1958,41741
4,1695059120977,20,1966,41761
4,1695059120977,20,1962,41781
4,1695059120977,20,1962,41801
4,1695059120977,20,1966,41821
4,1695059120977,19,1978,41840
4,1695059120977,21,1974,41861
4,1695059120977,20,1966,41881
4,1695059120977,23,1974,41904
4,1695059120977,17,1974,41921
4,1695059120977,20,1964,41941
4,1695059120977,20,1974,41961
4,1695059120977,21,1966,41982
4,1695059120977,19,1974,42001
4,1695059120977,20,1962,42021
4,1695059120977,20,1962,42041
4,1695059120977,28,1962,42069
4,1695059120977,14,1950,42083
4,1695059120977,26,1958,42109
4,1695059120977,13,1950,42122
4,1695059120977,26,1950,42148
4,1695059120977,13,1940,42161
4,1695059120977,20,1942,42181
4,1695059120977,20,1934,42201
4,1695059120977,41,1918,42242
4,1695059120977,20,1934,42262
4,1695059120977,20,1914,42282
4,1695059120977,21,1918,42303
4,1695059120977,19,1918,42322
4,1695059120977,20,1942,42342
4,1695059120977,20,1950,42362
4,1695059120977,20,1958,42382
4,1695059120977,21,1958,42403
4,1695059120977,20,1958,42423
4,1695059120977,20,1962,42443
4,1695059120977,20,1982,42463
4,1695059120977,20,1966,42483
4,1695059120977,20,1966,42503
4,1695059120977,23,1966,42526
4,1695059120977,18,1966,42544
4,1695059120977,20,1966,42564
4,1695059120977,19,1966,42583
4,1695059120977,24,1966,42607
4,1695059120977,17,1966,42624
4,1695059120977,20,1974,42644
4,1695059120977,19,1966,42663
4,1695059120977,28,1974,42691
4,1695059120977,12,1974,42703
4,1695059120977,20,1974,42723
4,1695059120977,20,1974,42743
4,1695059120977,28,1962,42771
4,1695059120977,12,1958,42783
4,1695059120977,20,1966,42803
4,1695059120977,20,1962,42823
4,1695059120977,41,1950,42864
4,1695059120977,21,1950,42885
4,1695059120977,25,1942,42910
4,1695059120977,20,1942,42930
4,1695059120977,14,1940,42944
4,1695059120977,20,1940,42964
4,1695059120977,20,1918,42984
4,1695059120977,20,1918,43004
4,1695059120977,20,1918,43024
4,1695059120977,20,1934,43044
4,1695059120977,20,1918,43064
4,1695059120977,20,1940,43084
4,1695059120977,20,1950,43104
4,1695059120977,20,1966,43124
4,1695059120977,24,1974,43148
4,1695059120977,16,1982,43164
4,1695059120977,22,1982,43186
4,1695059120977,19,1998,43205
4,1695059120977,21,2006,43226
4,1695059120977,19,2006,43245
4,1695059120977,20,2010,43265
4,1695059120977,20,2014,43285
4,1695059120977,29,2014,43314
4,1695059120977,12,2014,43326
4,1695059120977,21,2014,43347
4,1695059120977,19,2030,43366
4,1695059120977,28,2026,43394
4,1695059120977,12,2022,43406
4,1695059120977,20,2026,43426
4,1695059120977,20,2026,43446
4,1695059120977,41,2030,43487
4,1695059120977,21,2026,43508
4,1695059120977,20,2030,43528
4,1695059120977,22,2026,43550
4,1695059120977,18,2014,43568
4,1695059120977,22,2014,43590
4,1695059120977,29,2014,43619
4,1695059120977,12,2014,43631
4,1695059120977,18,2014,43649
4,1695059120977,20,2014,43669
4,1695059120977,20,2014,43689
4,1695059120977,20,2014,43709
4,1695059120977,20,2006,43729
4,1695059120977,20,2006,43749
4,1695059120977,23,1994,43772
4,1695059120977,17,1994,43789
4,1695059120977,20,1982,43809
4,1695059120977,20,1982,43829
4,1695059120977,23,1978,43852
4,1695059120977,17,1994,43869
4,1695059120977,20,1998,43889
4,1695059120977,20,2014,43909
4,1695059120977,28,2014,43937
4,1695059120977,13,2030,43950
4,1695059120977,19,2030,43969
4,1695059120977,20,2038,43989
4,1695059120977,28,2042,44017
4,1695059120977,12,2030,44029
4,1695059120977,20,2046,44049
4,1695059120977,20,2046,44069
4,1695059120977,41,2046,44110
4,1695059120977,20,2046,44130
4,1695059120977,20,2046,44150
4,1695059120977,25,2046,44175
4,1695059120977,16,2042,44191
4,1695059120977,22,2046,44213
4,1695059120977,18,2046,44231
4,1695059120977,21,2078,44252
4,1695059120977,20,2078,44272
4,1695059120977,19,2106,44291
4,1695059120977,20,2110,44311
4,1695059120977,20,2110,44331
4,1695059120977,21,2126,44352
4,1695059120977,26,2132,44378
4,1695059120977,16,2134,44394
4,1695059120977,17,2126,44411
4,1695059120977,20,2126,44431
4,1695059120977,20,2126,44451
4,1695059120977,24,2110,44475
4,1695059120977,16,2106,44491
4,1695059120977,20,2102,44511
4,1695059120977,20,2102,44531
4,1695059120977,28,2094,44559
4,1695059120977,13,2078,44572
4,1695059120977,19,2094,44591
4,1695059120977,21,2094,44612
4,1695059120977,27,2094,44639
4,1695059120977,12,2090,44651
4,1695059120977,22,2086,44673
4,1695059120977,19,2090,44692
4,1695059120977,42,2102,44734
4,1695059120977,19,2110,44753
4,1695059120977,21,2124,44774
4,1695059120977,22,2126,44796
4,1695059120977,18,2134,44814
4,1695059120977,20,2134,44834
4,1695059120977,19,2134,44853
4,1695059120977,21,2134,44874
4,1695059120977,20,2126,44894
4,1695059120977,22,2134,44916
4,1695059120977,20,2142,44936
4,1695059120977,19,2142,44955
4,1695059120977,20,2142,44975
4,1695059120977,20,2158,44995
4,1695059120977,20,2154,45015
4,1695059120977,20,2158,45035
4,1695059120977,20,2158,45055
4,1695059120977,21,2142,45076
4,1695059120977,22,2158,45098
4,1695059120977,19,2154,45117
4,1695059120977,20,2158,45137
4,1695059120977,20,2158,45157
4,1695059120977,28,2154,45185
4,1695059120977,30,2142,45215
4,1695059120977,7,2142,45222
4,1695059120977,15,2142,45237
4,1695059120977,21,2138,45258
4,1695059120977,19,2134,45277
4,1695059120977,20,2126,45297
4,1695059120977,20,2134,45317
4,1695059120977,41,2110,45358
4,1695059120977,20,2122,45378
4,1695059120977,20,2110,45398
4,1695059120977,24,2110,45422
4,1695059120977,17,2122,45439
4,1695059120977,20,2126,45459
4,1695059120977,20,2126,45479
4,1695059120977,21,2126,45500
4,1695059120977,19,2126,45519
4,1695059120977,20,2134,45539
4,1695059120977,21,2142,45560
4,1695059120977,19,2142,45579
4,1695059120977,20,2132,45599
4,1695059120977,20,2126,45619
4,1695059120977,20,2126,45639
4,1695059120977,22,2110,45661
4,1695059120977,20,2110,45681
4,1695059120977,19,2122,45700
4,1695059120977,23,2110,45723
4,1695059120977,17,2110,45740
4,1695059120977,20,2118,45760
4,1695059120977,20,2126,45780
4,1695059120977,27,2110,45807
4,1695059120977,13,2102,45820
4,1695059120977,20,2110,45840
4,1695059120977,21,2102,45861
4,1695059120977,38,2102,45899
4,1695059120977,7,2094,45906
4,1695059120977,16,2090,45922
4,1695059120977,19,2086,45941
4,1695059120977,42,2070,45983
4,1695059120977,20,2046,46003
4,1695059120977,21,2046,46024
4,1695059120977,23,2046,46047
4,1695059120977,16,2046,46063
4,1695059120977,19,2046,46082
4,1695059120977,21,2030,46103
4,1695059120977,20,2028,46123
4,1695059120977,19,2014,46142
4,1695059120977,20,2014,46162
4,1695059120977,20,2030,46182
4,1695059120977,21,2030,46203
4,1695059120977,20,2044,46223
4,1695059120977,26,2038,46249
4,1695059120977,13,2046,46262
4,1695059120977,21,2046,46283
4,1695059120977,20,2046,46303
4,1695059120977,20,2046,46323
4,1695059120977,23,2046,46346
4,1695059120977,17,2038,46363
4,1695059120977,20,2046,46383
4,1695059120977,19,2046,46402
4,1695059120977,28,2046,46430
4,1695059120977,13,2044,46443
4,1695059120977,20,2042,46463
4,1695059120977,20,2030,46483
4,1695059120977,28,2046,46511
4,1695059120977,13,2046,46524
4,1695059120977,19,2046,46543
4,1695059120977,20,2046,46563
4,1695059120977,40,2046,46603
4,1695059120977,21,2046,46624
4,1695059120977,19,2046,46643
4,1695059120977,25,2046,46668
4,1695059120977,15,2038,46683
4,1695059120977,21,2030,46704
4,1695059120977,20,2030,46724
4,1695059120977,21,2030,46745
4,1695059120977,19,2038,46764
4,1695059120977,19,2030,46783
4,1695059120977,20,2014,46803
4,1695059120977,20,2014,46823
4,1695059120977,21,2014,46844
4,1695059120977,20,2014,46864
4,1695059120977,24,2014,46888
4,1695059120977,18,2014,46906
4,1695059120977,20,2030,46926
4,1695059120977,20,2038,46946
4,1695059120977,37,2046,46983
4,1695059120977,7,2046,46990
4,1695059120977,14,2046,47004
4,1695059120977,20,2078,47024
4,1695059120977,27,2070,47051
4,1695059120977,13,2070,47064
4,1695059120977,20,2078,47084
4,1695059120977,20,2078,47104
4,1695059120977,28,2090,47132
4,1695059120977,14,2086,47146
4,1695059120977,20,2086,47166
4,1695059120977,19,2094,47185
4,1695059120977,41,2094,47226
4,1695059120977,21,2094,47247
4,1695059120977,20,2110,47267
4,1695059120977,20,2106,47287
4,1695059120977,20,2110,47307
4,1695059120977,20,2110,47327
4,1695059120977,20,2110,47347
4,1695059120977,23,2110,47370
4,1695059120977,16,2126,47386
4,1695059120977,21,2110,47407
4,1695059120977,20,2122,47427
4,1695059120977,21,2110,47448
4,1695059120977,26,2126,47474
4,1695059120977,13,2110,47487
4,1695059120977,19,2110,47506
4,1695059120977,20,2110,47526
4,1695059120977,21,2110,47547
4,1695059120977,19,2110,47566
4,1695059120977,23,2110,47589
4,1695059120977,19,2110,47608
4,1695059120977,20,2110,47628
4,1695059120977,20,2126,47648
4,1695059120977,28,2138,47676
4,1695059120977,13,2156,47689
4,1695059120977,19,2158,47708
4,1695059120977,20,2174,47728
4,1695059120977,27,2174,47755
4,1695059120977,13,2174,47768
4,1695059120977,20,2174,47788
4,1695059120977,20,2204,47808
4,1695059120977,41,2198,47849
4,1695059120977,20,2218,47869
4,1695059120977,20,2214,47889
4,1695059120977,39,2230,47928
4,1695059120977,20,2238,47948
4,1695059120977,21,2234,47969
4,1695059120977,22,2238,47991
4,1695059120977,18,2238,48009
4,1695059120977,20,2262,48029
4,1695059120977,20,2254,48049
4,1695059120977,20,2254,48069
4,1695059120977,19,2262,48088
4,1695059120977,21,2254,48109
4,1695059120977,20,2254,48129
4,1695059120977,20,2262,48149
4,1695059120977,20,2254,48169
4,1695059120977,21,2262,48190
4,1695059120977,39,2266,48229
4,1695059120977,8,2262,48237
4,1695059120977,14,2254,48251
4,1695059120977,17,2260,48268
4,1695059120977,28,2254,48296
4,1695059120977,13,2254,48309
4,1695059120977,20,2238,48329
4,1695059120977,20,2262,48349
4,1695059120977,26,2262,48375
4,1695059120977,13,2270,48388
4,1695059120977,21,2282,48409
4,1695059120977,20,2294,48429
4,1695059120977,27,2302,48456
4,1695059120977,13,2318,48469
4,1695059120977,19,2326,48488
4,1695059120977,21,2346,48509
4,1695059120977,41,2366,48550
4,1695059120977,20,2366,48570
4,1695059120977,20,2366,48590
4,1695059120977,22,2380,48612
4,1695059120977,17,2382,48629
4,1695059120977,21,2382,48650
4,1695059120977,20,2394,48670
4,1695059120977,20,2398,48690
4,1695059120977,20,2398,48710
4,1695059120977,21,2390,48731
4,1695059120977,20,2422,48751
4,1695059120977,20,2422,48771
4,1695059120977,19,2430,48790
4,1695059120977,21,2414,48811
4,1695059120977,23,2430,48834
4,1695059120977,18,2414,48852
4,1695059120977,20,2422,48872
4,1695059120977,20,2414,48892
4,1695059120977,21,2414,48913
4,1695059120977,19,2422,48932
4,1695059120977,19,2414,48951
4,1695059120977,21,2414,48972
4,1695059120977,37,2414,49009
4,1695059120977,8,2414,49017
4,1695059120977,15,2414,49032
4,1695059120977,20,2414,49052
4,1695059120977,27,2414,49079
4,1695059120977,13,2414,49092
4,1695059120977,19,2430,49111
4,1695059120977,20,2430,49131
4,1695059120977,41,2454,49172
4,1695059120977,20,2476,49192
4,1695059120977,20,2478,49212
4,1695059120977,20,2494,49232
4,1695059120977,20,2494,49252
4,1695059120977,20,2518,49272
4,1695059120977,20,2518,49292
4,1695059120977,20,2526,49312
4,1695059120977,20,2542,49332
4,1695059120977,20,2526,49352
4,1695059120977,20,2542,49372
4,1695059120977,20,2550,49392
4,1695059120977,20,2558,49412
4,1695059120977,20,2558,49432
4,1695059120977,23,2558,49455
4,1695059120977,17,2558,49472
4,1695059120977,20,2558,49492
4,1695059120977,20,2582,49512
4,1695059120977,23,2558,49535
4,1695059120977,17,2558,49552
4,1695059120977,20,2558,49572
4,1695059120977,20,2582,49592
4,1695059120977,28,2582,49620
4,1695059120977,13,2582,49633
4,1695059120977,20,2558,49653
4,1695059120977,20,2582,49673
4,1695059120977,28,2590,49701
4,1695059120977,12,2582,49713
4,1695059120977,20,2558,49733
4,1695059120977,20,2574,49753
4,1695059120977,41,2558,49794
4,1695059120977,22,2558,49816
4,1695059120977,19,2558,49835
4,1695059120977,24,2558,49859
4,1695059120977,27,2582,49886
4,1695059120977,12,2590,49898
4,1695059120977,18,2590,49916
4,1695059120977,20,2622,49936
4,1695059120977,20,2614,49956
4,1695059120977,20,2622,49976
4,1695059120977,22,2638,49998
4,1695059120977,19,2638,50017
4,1695059120977,20,2646,50037
4,1695059120977,20,2654,50057
4,1695059120977,23,2654,50080
4,1695059120977,18,2666,50098
4,1695059120977,20,2666,50118
4,1695059120977,20,2666,50138
4,1695059120977,23,2670,50161
4,1695059120977,17,2670,50178
4,1695059120977,20,2686,50198
4,1695059120977,20,2678,50218
4,1695059120977,29,2686,50247
4,1695059120977,13,2686,50260
4,1695059120977,18,2686,50278
4,1695059120977,20,2686,50298
4,1695059120977,28,2686,50326
4,1695059120977,12,2686,50338
4,1695059120977,20,2686,50358
4,1695059120977,20,2686,50378
4,1695059120977,41,2686,50419
4,1695059120977,20,2678,50439
4,1695059120977,20,2686,50459
4,1695059120977,24,2678,50483
4,1695059120977,27,2686,50510
4,1695059120977,12,2670,50522
4,1695059120977,19,2654,50541
4,1695059120977,20,2670,50561
4,1695059120977,20,2670,50581
4,1695059120977,20,2670,50601
4,1695059120977,20,2670,50621
4,1695059120977,20,2686,50641
4,1695059120977,20,2702,50661
4,1695059120977,20,2686,50681
4,1695059120977,23,2710,50704
4,1695059120977,17,2718,50721
4,1695059120977,22,2718,50743
4,1695059120977,19,2734,50762
4,1695059120977,23,2734,50785
4,1695059120977,17,2734,50802
4,1695059120977,20,2734,50822
4,1695059120977,20,2730,50842
4,1695059120977,28,2750,50870
4,1695059120977,12,2750,50882
4,1695059120977,20,2742,50902
4,1695059120977,22,2742,50924
4,1695059120977,27,2742,50951
4,1695059120977,12,2750,50963
4,1695059120977,20,2750,50983
4,1695059120977,20,2750,51003
4,1695059120977,41,2750,51044
4,1695059120977,22,2750,51066
4,1695059120977,20,2750,51086
4,1695059120977,22,2742,51108
4,1695059120977,17,2734,51125
4,1695059120977,22,2742,51147
4,1695059120977,20,2734,51167
4,1695059120977,20,2730,51187
4,1695059120977,27,2726,51214
4,1695059120977,14,2718,51228
4,1695059120977,20,2730,51248
4,1695059120977,19,2718,51267
4,1695059120977,22,2718,51289
4,1695059120977,20,2710,51309
4,1695059120977,21,2710,51330
4,1695059120977,19,2710,51349
4,1695059120977,19,2710,51368
4,1695059120977,20,2730,51388
4,1695059120977,23,2734,51411
4,1695059120977,17,2742,51428
4,1695059120977,21,2750,51449
4,1695059120977,20,2766,51469
4,1695059120977,27,2750,51496
4,1695059120977,13,2766,51509
4,1695059120977,20,2766,51529
4,1695059120977,20,2766,51549
4,1695059120977,29,2766,51578
4,1695059120977,12,2774,51590
4,1695059120977,20,2774,51610
4,1695059120977,19,2774,51629
4,1695059120977,41,2766,51670
4,1695059120977,22,2774,51692
4,1695059120977,19,2774,51711
4,1695059120977,24,2774,51735
4,1695059120977,16,2774,51751
4,1695059120977,20,2766,51771
4,1695059120977,20,2774,51791
4,1695059120977,20,2774,51811
4,1695059120977,21,2766,51832
4,1695059120977,19,2766,51851
4,1695059120977,20,2750,51871
4,1695059120977,20,2750,51891
4,1695059120977,22,2742,51913
4,1695059120977,19,2750,51932
4,1695059120977,37,2734,51969
4,1695059120977,8,2734,51977
4,1695059120977,14,2734,51991
4,1695059120977,20,2718,52011
4,1695059120977,24,2718,52035
4,1695059120977,18,2708,52053
4,1695059120977,19,2714,52072
4,1695059120977,20,2714,52092
4,1695059120977,28,2718,52120
4,1695059120977,12,2734,52132
4,1695059120977,22,2734,52154
4,1695059120977,19,2742,52173
4,1695059120977,28,2750,52201
4,1695059120977,12,2766,52213
4,1695059120977,20,2750,52233
4,1695059120977,22,2766,52255
4,1695059120977,41,2774,52296
4,1695059120977,19,2774,52315
4,1695059120977,22,2774,52337
4,1695059120977,23,2766,52360
4,1695059120977,16,2774,52376
4,1695059120977,22,2774,52398
4,1695059120977,19,2766,52417
4,1695059120977,21,2774,52438
4,1695059120977,21,2774,52459
4,1695059120977,19,2766,52478
4,1695059120977,20,2766,52498
4,1695059120977,20,2766,52518
4,1695059120977,20,2774,52538
4,1695059120977,20,2766,52558
4,1695059120977,20,2750,52578
4,1695059120977,20,2766,52598
4,1695059120977,20,2750,52618
4,1695059120977,22,2750,52640
4,1695059120977,23,2750,52663
4,1695059120977,18,2750,52681
4,1695059120977,27,2734,52708
4,1695059120977,12,2734,52720
4,1695059120977,27,2718,52747
4,1695059120977,14,2714,52761
4,1695059120977,19,2708,52780
4,1695059120977,22,2718,52802
4,1695059120977,27,2718,52829
4,1695059120977,13,2718,52842
4,1695059120977,19,2734,52861
4,1695059120977,20,2734,52881
4,1695059120977,42,2742,52923
4,1695059120977,19,2750,52942
4,1695059120977,20,2750,52962
4,1695059120977,24,2766,52986
4,1695059120977,18,2782,53004
4,1695059120977,20,2774,53024
4,1695059120977,19,2774,53043
4,1695059120977,21,2778,53064
4,1695059120977,19,2774,53083
4,1695059120977,20,2774,53103
4,1695059120977,20,2782,53123
4,1695059120977,20,2782,53143
4,1695059120977,20,2782,53163
4,1695059120977,22,2782,53185
4,1695059120977,19,2798,53204
4,1695059120977,22,2798,53226
4,1695059120977,20,2798,53246
4,1695059120977,21,2806,53267
4,1695059120977,19,2798,53286
4,1695059120977,21,2798,53307
4,1695059120977,20,2814,53327
4,1695059120977,20,2814,53347
4,1695059120977,27,2814,53374
4,1695059120977,13,2814,53387
4,1695059120977,20,2814,53407
4,1695059120977,19,2814,53426
4,1695059120977,39,2814,53465
4,1695059120977,8,2814,53473
4,1695059120977,12,2814,53485
4,1695059120977,20,2814,53505
4,1695059120977,41,2814,53546
4,1695059120977,20,2814,53566
4,1695059120977,20,2854,53586
4,1695059120977,41,2870,53627
4,1695059120977,22,2894,53649
4,1695059120977,20,2894,53669
4,1695059120977,21,2902,53690
4,1695059120977,18,2910,53708
4,1695059120977,22,2926,53730
4,1695059120977,19,2910,53749
4,1695059120977,22,2922,53771
4,1695059120977,20,2926,53791
4,1695059120977,20,2926,53811
4,1695059120977,23,2942,53834
4,1695059120977,18,2934,53852
4,1695059120977,20,2942,53872
4,1695059120977,20,2942,53892
4,1695059120977,23,2942,53915
4,1695059120977,17,2964,53932
4,1695059120977,20,2958,53952
4,1695059120977,20,2942,53972
4,1695059120977,28,2974,54000
4,1695059120977,13,2966,54013
4,1695059120977,19,2974,54032
4,1695059120977,20,2942,54052
4,1695059120977,27,2970,54079
4,1695059120977,12,2966,54091
4,1695059120977,20,2966,54111
4,1695059120977,20,2942,54131
4,1695059120977,41,2966,54172
4,1695059120977,20,2958,54192
4,1695059120977,27,2942,54219
4,1695059120977,20,2942,54239
4,1695059120977,14,2974,54253
4,1695059120977,20,2966,54273
4,1695059120977,20,2990,54293
4,1695059120977,21,2990,54314
4,1695059120977,19,3006,54333
4,1695059120977,20,3006,54353
4,1695059120977,20,3022,54373
4,1695059120977,19,3038,54392
4,1695059120977,21,3038,54413
4,1695059120977,19,3050,54432
4,1695059120977,20,3054,54452
4,1695059120977,20,3054,54472
4,1695059120977,20,3054,54492
4,1695059120977,22,3054,54514
4,1695059120977,23,3054,54537
4,1695059120977,18,3062,54555
4,1695059120977,20,3054,54575
4,1695059120977,20,3054,54595
4,1695059120977,27,3070,54622
4,1695059120977,13,3062,54635
4,1695059120977,20,3070,54655
4,1695059120977,20,3070,54675
4,1695059120977,27,3070,54702
4,1695059120977,13,3070,54715
4,1695059120977,20,3070,54735
4,1695059120977,20,3070,54755
4,1695059120977,39,3070,54794
4,1695059120977,22,3070,54816
4,1695059120977,20,3070,54836
4,1695059120977,41,3054,54877
4,1695059120977,19,3054,54896
4,1695059120977,30,3054,54926
4,1695059120977,18,3054,54944
4,1695059120977,14,3054,54958
4,1695059120977,20,3062,54978
4,1695059120977,19,3070,54997
4,1695059120977,22,3070,55019
4,1695059120977,20,3070,55039
4,1695059120977,20,3102,55059
4,1695059120977,23,3102,55082
4,1695059120977,18,3118,55100
4,1695059120977,18,3118,55118
4,1695059120977,22,3130,55140
4,1695059120977,21,3134,55161
4,1695059120977,18,3134,55179
4,1695059120977,27,3134,55206
4,1695059120977,14,3134,55220
4,1695059120977,27,3134,55247
4,1695059120977,14,3134,55261
4,1695059120977,20,3134,55281
4,1695059120977,21,3134,55302
4,1695059120977,26,3150,55328
4,1695059120977,12,3150,55340
4,1695059120977,22,3134,55362
4,1695059120977,20,3150,55382
4,1695059120977,41,3134,55423
4,1695059120977,20,3150,55443
4,1695059120977,20,3134,55463
4,1695059120977,24,3134,55487
4,1695059120977,16,3118,55503
4,1695059120977,20,3126,55523
4,1695059120977,20,3118,55543
4,1695059120977,23,3114,55566
4,1695059120977,18,3102,55584
4,1695059120977,27,3070,55611
4,1695059120977,14,3070,55625
4,1695059120977,20,3070,55645
4,1695059120977,19,3070,55664
4,1695059120977,20,3070,55684
4,1695059120977,23,3070,55707
4,1695059120977,18,3070,55725
4,1695059120977,20,3070,55745
4,1695059120977,20,3070,55765
4,1695059120977,23,3102,55788
4,1695059120977,16,3114,55804
4,1695059120977,21,3118,55825
4,1695059120977,19,3118,55844
4,1695059120977,30,3126,55874
4,1695059120977,30,3130,55904
4,1695059120977,22,3134,55926
4,1695059120977,27,3134,55953
4,1695059120977,12,3146,55965
4,1695059120977,20,3134,55985
4,1695059120977,20,3150,56005
4,1695059120977,28,3150,56033
4,1695059120977,12,3158,56045
4,1695059120977,20,3166,56065
4,1695059120977,20,3158,56085
4,1695059120977,42,3162,56127
4,1695059120977,19,3166,56146
4,1695059120977,20,3166,56166
4,1695059120977,22,3166,56188
4,1695059120977,18,3166,56206
4,1695059120977,22,3166,56228
4,1695059120977,19,3166,56247
4,1695059120977,20,3158,56267
4,1695059120977,21,3158,56288
4,1695059120977,25,3158,56313
4,1695059120977,14,3162,56327
4,1695059120977,20,3158,56347
4,1695059120977,22,3158,56369
4,1695059120977,19,3150,56388
4,1695059120977,23,3158,56411
4,1695059120977,17,3166,56428
4,1695059120977,20,3166,56448
4,1695059120977,20,3178,56468
4,1695059120977,23,3190,56491
4,1695059120977,17,3198,56508
4,1695059120977,20,3198,56528
4,1695059120977,21,3198,56549
4,1695059120977,38,3222,56587
4,1695059120977,7,3222,56594
4,1695059120977,14,3222,56608
4,1695059120977,20,3230,56628
4,1695059120977,29,3242,56657
4,1695059120977,12,3244,56669
4,1695059120977,19,3230,56688
4,1695059120977,20,3230,56708
4,1695059120977,41,3242,56749
4,1695059120977,20,3246,56769
4,1695059120977,20,3246,56789
4,1695059120977,22,3246,56811
4,1695059120977,18,3246,56829
4,1695059120977,20,3246,56849
4,1695059120977,22,3246,56871
4,1695059120977,19,3242,56890
4,1695059120977,20,3238,56910
4,1695059120977,20,3230,56930
4,1695059120977,20,3230,56950
4,1695059120977,20,3230,56970
4,1695059120977,22,3222,56992
4,1695059120977,19,3222,57011
4,1695059120977,38,3214,57049
4,1695059120977,7,3214,57056
4,1695059120977,14,3214,57070
4,1695059120977,20,3198,57090
4,1695059120977,23,3198,57113
4,1695059120977,17,3198,57130
4,1695059120977,22,3190,57152
4,1695059120977,18,3198,57170
4,1695059120977,28,3198,57198
4,1695059120977,12,3198,57210
4,1695059120977,20,3214,57230
4,1695059120977,20,3214,57250
4,1695059120977,28,3222,57278
4,1695059120977,14,3230,57292
4,1695059120977,18,3246,57310
4,1695059120977,20,3246,57330
4,1695059120977,41,3262,57371
4,1695059120977,20,3254,57391
4,1695059120977,20,3246,57411
4,1695059120977,20,3262,57431
4,1695059120977,22,3262,57453
4,1695059120977,19,3262,57472
4,1695059120977,20,3278,57492
4,1695059120977,22,3262,57514
4,1695059120977,19,3262,57533
4,1695059120977,20,3262,57553
4,1695059120977,20,3262,57573
4,1695059120977,22,3262,57595
4,1695059120977,19,3262,57614
4,1695059120977,22,3262,57636
4,1695059120977,21,3262,57657
4,1695059120977,17,3262,57674
4,1695059120977,22,3254,57696
4,1695059120977,20,3246,57716
4,1695059120977,23,3246,57739
4,1695059120977,16,3246,57755
4,1695059120977,21,3246,57776
4,1695059120977,25,3230,57801
4,1695059120977,21,3246,57822
4,1695059120977,15,3230,57837
4,1695059120977,20,3230,57857
4,1695059120977,19,3222,57876
4,1695059120977,29,3222,57905
4,1695059120977,12,3214,57917
4,1695059120977,21,3198,57938
4,1695059120977,20,3198,57958
4,1695059120977,41,3198,57999
4,1695059120977,19,3198,58018
4,1695059120977,20,3222,58038
4,1695059120977,23,3222,58061
4,1695059120977,17,3226,58078
4,1695059120977,22,3222,58100
4,1695059120977,19,3242,58119
4,1695059120977,20,3230,58139
4,1695059120977,22,3246,58161
4,1695059120977,20,3230,58181
4,1695059120977,20,3246,58201
4,1695059120977,19,3244,58220
4,1695059120977,20,3246,58240
4,1695059120977,20,3246,58260
4,1695059120977,23,3230,58283
4,1695059120977,19,3246,58302
4,1695059120977,20,3246,58322
4,1695059120977,20,3230,58342
4,1695059120977,22,3230,58364
4,1695059120977,18,3222,58382
4,1695059120977,19,3222,58401
4,1695059120977,20,3222,58421
4,1695059120977,28,3214,58449
4,1695059120977,12,3214,58461
4,1695059120977,22,3198,58483
4,1695059120977,20,3198,58503
4,1695059120977,28,3198,58531
4,1695059120977,30,3198,58561
4,1695059120977,9,3190,58570
4,1695059120977,13,3190,58583
4,1695059120977,41,3166,58624
4,1695059120977,22,3166,58646
4,1695059120977,20,3166,58666
4,1695059120977,21,3166,58687
4,1695059120977,19,3134,58706
4,1695059120977,18,3150,58724
4,1695059120977,20,3134,58744
4,1695059120977,20,3134,58764
4,1695059120977,20,3134,58784
4,1695059120977,20,3118,58804
4,1695059120977,22,3150,58826
4,1695059120977,21,3150,58847
4,1695059120977,18,3150,58865
4,1695059120977,22,3150,58887
4,1695059120977,23,3158,58910
4,1695059120977,16,3158,58926
4,1695059120977,21,3158,58947
4,1695059120977,19,3162,58966
4,1695059120977,23,3166,58989
4,1695059120977,19,3166,59008
4,1695059120977,20,3166,59028
4,1695059120977,19,3166,59047
4,1695059120977,28,3158,59075
4,1695059120977,14,3166,59089
4,1695059120977,18,3150,59107
4,1695059120977,22,3166,59129
4,1695059120977,28,3158,59157
4,1695059120977,12,3166,59169
4,1695059120977,21,3166,59190
4,1695059120977,20,3166,59210
4,1695059120977,41,3166,59251
4,1695059120977,20,3158,59271
4,1695059120977,20,3150,59291
4,1695059120977,22,3158,59313
4,1695059120977,27,3134,59340
4,1695059120977,14,3150,59354
4,1695059120977,16,3150,59370
4,1695059120977,21,3150,59391
4,1695059120977,21,3150,59412
4,1695059120977,20,3134,59432
4,1695059120977,19,3134,59451
4,1695059120977,20,3126,59471
4,1695059120977,20,3126,59491
4,1695059120977,22,3134,59513
4,1695059120977,21,3118,59534
4,1695059120977,19,3118,59553
4,1695059120977,20,3118,59573
4,1695059120977,20,3134,59593
4,1695059120977,23,3118,59616
4,1695059120977,17,3134,59633
4,1695059120977,19,3150,59652
4,1695059120977,22,3150,59674
4,1695059120977,27,3134,59701
4,1695059120977,14,3166,59715
4,1695059120977,18,3158,59733
4,1695059120977,22,3166,59755
4,1695059120977,27,3182,59782
4,1695059120977,14,3166,59796
4,1695059120977,20,3166,59816
4,1695059120977,20,3182,59836
4,1695059120977,41,3166,59877
4,1695059120977,20,3166,59897
4,1695059120977,19,3182,59916
4,1695059120977,25,3166,59941
4,1695059120977,17,3166,59958
4,1695059120977,20,3178,59978
4,1695059120977,19,3166,59997
4,1695059120977,21,3182,60018
4,1695059120977,19,3166,60037
4,1695059120977,20,3158,60057
4,1695059120977,22,3166,60079
4,1695059120977,20,3166,60099
4,1695059120977,27,3166,60126
4,1695059120977,12,3166,60138
4,1695059120977,24,3166,60162
4,1695059120977,18,3166,60180
4,1695059120977,20,3150,60200
4,1695059120977,20,3150,60220
4,1695059120977,21,3134,60241
4,1695059120977,19,3150,60260
4,1695059120977,19,3150,60279
4,1695059120977,22,3134,60301
4,1695059120977,27,3134,60328
4,1695059120977,14,3118,60342
4,1695059120977,20,3134,60362
4,1695059120977,19,3134,60381
4,1695059120977,28,3130,60409
4,1695059120977,14,3134,60423
4,1695059120977,20,3134,60443
4,1695059120977,20,3158,60463
4,1695059120977,41,3150,60504
4,1695059120977,21,3166,60525
4,1695059120977,20,3158,60545
4,1695059120977,24,3166,60569
4,1695059120977,17,3166,60586
4,1695059120977,20,3162,60606
4,1695059120977,20,3166,60626
4,1695059120977,20,3166,60646
4,1695059120977,21,3166,60667
4,1695059120977,20,3166,60687
4,1695059120977,20,3166,60707
4,1695059120977,22,3166,60729
4,1695059120977,19,3166,60748
4,1695059120977,18,3166,60766
4,1695059120977,24,3166,60790
4,1695059120977,18,3182,60808
4,1695059120977,20,3178,60828
4,1695059120977,20,3178,60848
4,1695059120977,23,3166,60871
4,1695059120977,17,3178,60888
4,1695059120977,20,3166,60908
4,1695059120977,19,3166,60927
4,1695059120977,28,3166,60955
4,1695059120977,14,3150,60969
4,1695059120977,27,3150,60996
4,1695059120977,14,3150,61010
4,1695059120977,26,3134,61036
4,1695059120977,14,3134,61050
4,1695059120977,20,3118,61070
4,1695059120977,20,3102,61090
4,1695059120977,41,3070,61131
4,1695059120977,20,3070,61151
4,1695059120977,20,3070,61171
4,1695059120977,24,3070,61195
4,1695059120977,16,3070,61211
4,1695059120977,20,3070,61231
4,1695059120977,20,3070,61251
4,1695059120977,21,3070,61272
4,1695059120977,19,3070,61291
4,1695059120977,20,3070,61311
4,1695059120977,20,3070,61331
4,1695059120977,22,3070,61353
4,1695059120977,19,3070,61372
4,1695059120977,20,3070,61392
4,1695059120977,23,3070,61415
4,1695059120977,18,3062,61433
4,1695059120977,18,3054,61451
4,1695059120977,22,3062,61473
4,1695059120977,23,3054,61496
4,1695059120977,17,3054,61513
4,1695059120977,20,3054,61533
4,1695059120977,20,3054,61553
4,1695059120977,27,3054,61580
4,1695059120977,12,3054,61592
4,1695059120977,20,3038,61612
4,1695059120977,20,3038,61632
4,1695059120977,29,3038,61661
4,1695059120977,12,3030,61673
4,1695059120977,20,3030,61693
4,1695059120977,27,3030,61720
4,1695059120977,34,3006,61754
4,1695059120977,20,2998,61774
4,1695059120977,20,2998,61794
4,1695059120977,26,2998,61820
4,1695059120977,15,2990,61835
4,1695059120977,20,2990,61855
4,1695059120977,22,2974,61877
4,1695059120977,21,2986,61898
4,1695059120977,18,2974,61916
4,1695059120977,20,2974,61936
4,1695059120977,20,2966,61956
4,1695059120977,20,2966,61976
4,1695059120977,20,2970,61996
4,1695059120977,20,2974,62016
4,1695059120977,20,2974,62036
4,1695059120977,20,2990,62056
4,1695059120977,20,2990,62076
4,1695059120977,20,2998,62096
4,1695059120977,23,3006,62119
4,1695059120977,17,2990,62136
4,1695059120977,20,3006,62156
4,1695059120977,20,3006,62176
4,1695059120977,29,3006,62205
4,1695059120977,12,3006,62217
4,1695059120977,20,3006,62237
4,1695059120977,20,3006,62257
4,1695059120977,29,2998,62286
4,1695059120977,14,3006,62300
4,1695059120977,18,3006,62318
4,1695059120977,21,3006,62339
4,1695059120977,40,3006,62379
4,1695059120977,20,3006,62399
4,1695059120977,20,2998,62419
4,1695059120977,26,3006,62445
4,1695059120977,14,2990,62459
4,1695059120977,22,2990,62481
4,1695059120977,29,2998,62510
4,1695059120977,18,2990,62528
4,1695059120977,14,2998,62542
4,1695059120977,17,2990,62559
4,1695059120977,20,2990,62579
4,1695059120977,20,2990,62599
4,1695059120977,20,2974,62619
4,1695059120977,20,2986,62639
4,1695059120977,20,2990,62659
4,1695059120977,20,2974,62679
4,1695059120977,22,2974,62701
4,1695059120977,18,2966,62719
4,1695059120977,23,2970,62742
4,1695059120977,17,2966,62759
4,1695059120977,20,2974,62779
4,1695059120977,20,2974,62799
4,1695059120977,29,2974,62828
4,1695059120977,12,2974,62840
4,1695059120977,22,2986,62862
4,1695059120977,18,2990,62880
4,1695059120977,27,2990,62907
4,1695059120977,15,2990,62922
4,1695059120977,18,2990,62940
4,1695059120977,20,2990,62960
4,1695059120977,29,2998,62989
4,1695059120977,14,2998,63003
4,1695059120977,20,2990,63023
4,1695059120977,18,2990,63041
4,1695059120977,41,2990,63082
4,1695059120977,20,2990,63102
4,1695059120977,20,2990,63122
4,1695059120977,22,2990,63144
4,1695059120977,18,2990,63162
4,1695059120977,20,2990,63182
4,1695059120977,20,2982,63202
4,1695059120977,20,2974,63222
4,1695059120977,22,2974,63244
4,1695059120977,18,2974,63262
4,1695059120977,20,2966,63282
4,1695059120977,20,2966,63302
4,1695059120977,20,2958,63322
4,1695059120977,22,2942,63344
4,1695059120977,23,2942,63367
4,1695059120977,16,2958,63383
4,1695059120977,21,2942,63404
4,1695059120977,18,2942,63422
4,1695059120977,25,2934,63447
4,1695059120977,25,2934,63472
4,1695059120977,12,2926,63484
4,1695059120977,18,2926,63502
4,1695059120977,28,2934,63530
4,1695059120977,12,2934,63542
4,1695059120977,20,2942,63562
4,1695059120977,20,2942,63582
4,1695059120977,29,2958,63611
4,1695059120977,12,2958,63623
4,1695059120977,22,2966,63645
4,1695059120977,18,2958,63663
4,1695059120977,42,2958,63705
4,1695059120977,20,2942,63725
4,1695059120977,18,2958,63743
4,1695059120977,24,2966,63767
4,1695059120977,16,2974,63783
4,1695059120977,22,2974,63805
4,1695059120977,18,2970,63823
4,1695059120977,22,2974,63845
4,1695059120977,18,2966,63863
4,1695059120977,22,2974,63885
4,1695059120977,20,2974,63905
4,1695059120977,19,2970,63924
4,1695059120977,21,2974,63945
4,1695059120977,18,2966,63963
4,1695059120977,25,2990,63988
4,1695059120977,16,2966,64004
4,1695059120977,20,2974,64024
4,1695059120977,22,2974,64046
4,1695059120977,22,2974,64068
4,1695059120977,27,2974,64095
4,1695059120977,14,2966,64109
4,1695059120977,17,2958,64126
4,1695059120977,30,2942,64156
4,1695059120977,12,2942,64168
4,1695059120977,18,2942,64186
4,1695059120977,20,2942,64206
4,1695059120977,29,2942,64235
4,1695059120977,12,2942,64247
4,1695059120977,22,2966,64269
4,1695059120977,18,2974,64287
4,1695059120977,42,2990,64329
4,1695059120977,18,2990,64347
4,1695059120977,20,2990,64367
4,1695059120977,23,3006,64390
4,1695059120977,18,3006,64408
4,1695059120977,22,3006,64430
4,1695059120977,20,2998,64450
4,1695059120977,21,3006,64471
4,1695059120977,18,3006,64489
4,1695059120977,22,3006,64511
4,1695059120977,18,3006,64529
4,1695059120977,22,3006,64551
4,1695059120977,18,3006,64569
4,1695059120977,20,3006,64589
4,1695059120977,24,3006,64613
4,1695059120977,18,3006,64631
4,1695059120977,20,3006,64651
4,1695059120977,18,3006,64669
4,1695059120977,25,3006,64694
4,1695059120977,17,2998,64711
4,1695059120977,20,2990,64731
4,1695059120977,20,2990,64751
4,1695059120977,27,2998,64778
4,1695059120977,12,2998,64790
4,1695059120977,22,2990,64812
4,1695059120977,20,2990,64832
4,1695059120977,28,2990,64860
4,1695059120977,14,2990,64874
4,1695059120977,19,2990,64893
4,1695059120977,27,2982,64920
4,1695059120977,32,2974,64952
4,1695059120977,22,2986,64974
4,1695059120977,20,2974,64994
4,1695059120977,23,2990,65017
4,1695059120977,17,2990,65034
4,1695059120977,21,3006,65055
4,1695059120977,18,3006,65073
4,1695059120977,20,3006,65093
4,1695059120977,20,3022,65113
4,1695059120977,20,3006,65133
4,1695059120977,20,3030,65153
4,1695059120977,20,3038,65173
4,1695059120977,20,3038,65193
4,1695059120977,20,3038,65213
4,1695059120977,24,3050,65237
4,1695059120977,16,3038,65253
4,1695059120977,20,3038,65273
4,1695059120977,20,3038,65293
4,1695059120977,23,3046,65316
4,1695059120977,17,3050,65333
4,1695059120977,20,3038,65353
4,1695059120977,20,3054,65373
4,1695059120977,29,3054,65402
4,1695059120977,14,3054,65416
4,1695059120977,20,3054,65436
4,1695059120977,20,3050,65456
4,1695059120977,27,3050,65483
4,1695059120977,12,3038,65495
4,1695059120977,20,3050,65515
4,1695059120977,20,3050,65535
4,1695059120977,41,3034,65576
4,1695059120977,27,3038,65603
4,1695059120977,15,3034,65618
4,1695059120977,21,3034,65639
4,1695059120977,19,3030,65658
4,1695059120977,18,3030,65676
4,1695059120977,21,3030,65697
4,1695059120977,20,3030,65717
4,1695059120977,20,3038,65737
4,1695059120977,20,3038,65757
4,1695059120977,20,3054,65777
4,1695059120977,20,3054,65797
4,1695059120977,20,3070,65817
4,1695059120977,20,3062,65837
4,1695059120977,20,3070,65857
4,1695059120977,20,3066,65877
4,1695059120977,20,3062,65897
4,1695059120977,20,3070,65917
4,1695059120977,21,3070,65938
4,1695059120977,20,3070,65958
4,1695059120977,20,3054,65978
4,1695059120977,20,3062,65998
4,1695059120977,29,3054,66027
4,1695059120977,14,3054,66041
4,1695059120977,18,3054,66059
4,1695059120977,20,3054,66079
4,1695059120977,29,3070,66108
4,1695059120977,14,3050,66122
4,1695059120977,20,3054,66142
4,1695059120977,20,3054,66162
4,1695059120977,39,3038,66201
4,1695059120977,20,3038,66221
4,1695059120977,22,3038,66243
4,1695059120977,24,3030,66267
4,1695059120977,17,3030,66284
4,1695059120977,27,3038,66311
4,1695059120977,12,3022,66323
4,1695059120977,20,3006,66343
4,1695059120977,21,3006,66364
4,1695059120977,20,3022,66384
4,1695059120977,18,3006,66402
4,1695059120977,22,3006,66424
4,1695059120977,19,3006,66443
4,1695059120977,22,3006,66465
4,1695059120977,23,3006,66488
4,1695059120977,18,3022,66506
4,1695059120977,20,3030,66526
4,1695059120977,18,3034,66544
4,1695059120977,25,3054,66569
4,1695059120977,17,3050,66586
4,1695059120977,18,3054,66604
4,1695059120977,22,3054,66626
4,1695059120977,27,3070,66653
4,1695059120977,12,3070,66665
4,1695059120977,22,3070,66687
4,1695059120977,20,3070,66707
4,1695059120977,27,3070,66734
4,1695059120977,14,3070,66748
4,1695059120977,18,3070,66766
4,1695059120977,22,3070,66788
4,1695059120977,41,3070,66829
4,1695059120977,20,3070,66849
4,1695059120977,21,3070,66870
4,1695059120977,23,3070,66893
4,1695059120977,17,3070,66910
4,1695059120977,20,3070,66930
4,1695059120977,20,3070,66950
4,1695059120977,21,3070,66971
4,1695059120977,19,3070,66990
4,1695059120977,20,3070,67010
4,1695059120977,18,3070,67028
4,1695059120977,22,3070,67050
4,1695059120977,21,3070,67071
4,1695059120977,27,3070,67098
4,1695059120977,16,3054,67114
4,1695059120977,18,3054,67132
4,1695059120977,18,3054,67150
4,1695059120977,20,3054,67170
4,1695059120977,21,3038,67191
4,1695059120977,19,3054,67210
4,1695059120977,20,3054,67230
4,1695059120977,20,3054,67250
4,1695059120977,27,3070,67277
4,1695059120977,14,3070,67291
4,1695059120977,20,3070,67311
4,1695059120977,18,3070,67329
4,1695059120977,30,3116,67359
4,1695059120977,14,3114,67373
4,1695059120977,19,3118,67392
4,1695059120977,20,3126,67412
4,1695059120977,41,3134,67453
4,1695059120977,20,3134,67473
4,1695059120977,20,3134,67493
4,1695059120977,24,3134,67517
4,1695059120977,16,3150,67533
4,1695059120977,20,3150,67553
4,1695059120977,20,3158,67573
4,1695059120977,21,3166,67594
4,1695059120977,19,3158,67613
4,1695059120977,20,3166,67633
4,1695059120977,20,3166,67653
4,1695059120977,19,3166,67672
4,1695059120977,21,3166,67693
4,1695059120977,21,3166,67714
4,1695059120977,37,3166,67751
4,1695059120977,7,3158,67758
4,1695059120977,14,3150,67772
4,1695059120977,22,3166,67794
4,1695059120977,23,3162,67817
4,1695059120977,18,3158,67835
4,1695059120977,20,3166,67855
4,1695059120977,18,3150,67873
4,1695059120977,29,3150,67902
4,1695059120977,14,3134,67916
4,1695059120977,19,3134,67935
4,1695059120977,20,3150,67955
4,1695059120977,27,3134,67982
4,1695059120977,14,3134,67996
4,1695059120977,19,3134,68015
4,1695059120977,20,3134,68035
4,1695059120977,41,3158,68076
4,1695059120977,20,3166,68096
4,1695059120977,20,3182,68116
4,1695059120977,41,3198,68157
4,1695059120977,20,3198,68177
4,1695059120977,20,3198,68197
4,1695059120977,22,3222,68219
4,1695059120977,19,3222,68238
4,1695059120977,20,3230,68258
4,1695059120977,20,3246,68278
4,1695059120977,21,3230,68299
4,1695059120977,19,3230,68318
4,1695059120977,20,3230,68338
4,1695059120977,23,3246,68361
4,1695059120977,18,3230,68379
4,1695059120977,19,3258,68398
4,1695059120977,20,3258,68418
4,1695059120977,23,3262,68441
4,1695059120977,17,3254,68458
4,1695059120977,20,3254,68478
4,1695059120977,20,3262,68498
4,1695059120977,27,3262,68525
4,1695059120977,15,3262,68540
4,1695059120977,27,3246,68567
4,1695059120977,14,3254,68581
4,1695059120977,24,3262,68605
4,1695059120977,14,3254,68619
4,1695059120977,19,3254,68638
4,1695059120977,20,3258,68658
4,1695059120977,41,3246,68699
4,1695059120977,20,3230,68719
4,1695059120977,20,3230,68739
4,1695059120977,41,3230,68780
4,1695059120977,20,3230,68800
4,1695059120977,20,3222,68820
4,1695059120977,22,3222,68842
4,1695059120977,18,3230,68860
4,1695059120977,20,3246,68880
4,1695059120977,20,3246,68900
4,1695059120977,21,3262,68921
4,1695059120977,19,3278,68940
4,1695059120977,20,3286,68960
4,1695059120977,23,3294,68983
4,1695059120977,19,3294,69002
4,1695059120977,19,3294,69021
4,1695059120977,20,3310,69041
4,1695059120977,23,3310,69064
4,1695059120977,17,3310,69081
4,1695059120977,18,3310,69099
4,1695059120977,20,3322,69119
4,1695059120977,29,3326,69148
4,1695059120977,14,3326,69162
4,1695059120977,19,3326,69181
4,1695059120977,20,3326,69201
4,1695059120977,27,3326,69228
4,1695059120977,14,3342,69242
4,1695059120977,19,3342,69261
4,1695059120977,20,3358,69281
4,1695059120977,27,3358,69308
4,1695059120977,14,3358,69322
4,1695059120977,19,3358,69341
4,1695059120977,18,3358,69359
4,1695059120977,41,3358,69400
4,1695059120977,21,3342,69421
4,1695059120977,30,3326,69451
4,1695059120977,18,3326,69469
4,1695059120977,14,3326,69483
4,1695059120977,19,3326,69502
4,1695059120977,20,3326,69522
4,1695059120977,21,3318,69543
4,1695059120977,19,3310,69562
4,1695059120977,21,3310,69583
4,1695059120977,22,3310,69605
4,1695059120977,19,3310,69624
4,1695059120977,19,3310,69643
4,1695059120977,20,3310,69663
4,1695059120977,23,3322,69686
4,1695059120977,19,3326,69705
4,1695059120977,19,3326,69724
4,1695059120977,20,3350,69744
4,1695059120977,41,3370,69785
4,1695059120977,20,3374,69805
4,1695059120977,20,3374,69825
4,1695059120977,27,3382,69852
4,1695059120977,14,3382,69866
4,1695059120977,19,3390,69885
4,1695059120977,20,3390,69905
4,1695059120977,28,3390,69933
4,1695059120977,14,3382,69947
4,1695059120977,18,3390,69965
4,1695059120977,20,3382,69985
4,1695059120977,41,3406,70026
4,1695059120977,20,3390,70046
4,1695059120977,18,3390,70064
4,1695059120977,22,3390,70086
4,1695059120977,18,3390,70104
4,1695059120977,20,3390,70124
4,1695059120977,20,3382,70144
4,1695059120977,20,3382,70164
4,1695059120977,21,3374,70185
4,1695059120977,27,3374,70212
4,1695059120977,14,3370,70226
4,1695059120977,21,3370,70247
4,1695059120977,19,3358,70266
4,1695059120977,20,3358,70286
4,1695059120977,24,3326,70310
4,1695059120977,19,3350,70329
4,1695059120977,18,3326,70347
4,1695059120977,20,3326,70367
4,1695059120977,23,3326,70390
4,1695059120977,18,3326,70408
4,1695059120977,20,3326,70428
4,1695059120977,20,3326,70448
4,1695059120977,27,3326,70475
4,1695059120977,14,3350,70489
4,1695059120977,20,3350,70509
4,1695059120977,20,3358,70529
4,1695059120977,27,3374,70556
4,1695059120977,14,3374,70570
4,1695059120977,19,3374,70589
4,1695059120977,20,3390,70609
4,1695059120977,41,3414,70650
4,1695059120977,20,3406,70670
4,1695059120977,20,3406,70690
4,1695059120977,23,3406,70713
4,1695059120977,18,3414,70731
4,1695059120977,20,3406,70751
4,1695059120977,20,3406,70771
4,1695059120977,21,3406,70792
4,1695059120977,19,3422,70811
4,1695059120977,20,3406,70831
4,1695059120977,20,3414,70851
4,1695059120977,22,3406,70873
4,1695059120977,18,3406,70891
4,1695059120977,20,3406,70911
4,1695059120977,23,3406,70934
4,1695059120977,35,3406,70969
4,1695059120977,9,3390,70978
4,1695059120977,14,3414,70992
4,1695059120977,22,3390,71014
4,1695059120977,15,3390,71029
4,1695059120977,20,3390,71049
4,1695059120977,20,3382,71069
4,1695059120977,29,3374,71098
4,1695059120977,14,3374,71112
4,1695059120977,19,3370,71131
4,1695059120977,20,3358,71151
4,1695059120977,27,3358,71178
4,1695059120977,14,3326,71192
4,1695059120977,19,3326,71211
4,1695059120977,20,3326,71231
4,1695059120977,41,3354,71272
4,1695059120977,20,3358,71292
4,1695059120977,20,3358,71312
4,1695059120977,23,3358,71335
4,1695059120977,17,3370,71352
4,1695059120977,20,3374,71372
4,1695059120977,21,3374,71393
4,1695059120977,22,3390,71415
4,1695059120977,18,3390,71433
4,1695059120977,20,3382,71453
4,1695059120977,20,3386,71473
4,1695059120977,21,3382,71494
4,1695059120977,19,3390,71513
4,1695059120977,20,3382,71533
4,1695059120977,23,3390,71556
4,1695059120977,19,3390,71575
4,1695059120977,19,3390,71594
4,1695059120977,20,3386,71614
4,1695059120977,23,3382,71637
4,1695059120977,17,3390,71654
4,1695059120977,20,3374,71674
4,1695059120977,20,3374,71694
4,1695059120977,27,3374,71721
4,1695059120977,14,3374,71735
4,1695059120977,19,3374,71754
4,1695059120977,20,3374,71774
4,1695059120977,28,3358,71802
4,1695059120977,33,3358,71835
4,1695059120977,21,3358,71856
4,1695059120977,41,3326,71897
4,1695059120977,20,3326,71917
4,1695059120977,20,3326,71937
4,1695059120977,23,3318,71960
4,1695059120977,17,3310,71977
4,1695059120977,21,3310,71998
4,1695059120977,20,3310,72018
4,1695059120977,21,3294,72039
4,1695059120977,19,3310,72058
4,1695059120977,20,3310,72078
4,1695059120977,20,3318,72098
4,1695059120977,21,3326,72119
4,1695059120977,19,3326,72138
4,1695059120977,20,3326,72158
4,1695059120977,23,3326,72181
4,1695059120977,19,3326,72200
4,1695059120977,19,3326,72219
4,1695059120977,20,3326,72239
4,1695059120977,21,3326,72260
4,1695059120977,19,3326,72279
4,1695059120977,21,3326,72300
4,1695059120977,20,3326,72320
4,1695059120977,27,3326,72347
4,1695059120977,14,3326,72361
4,1695059120977,19,3326,72380
4,1695059120977,20,3326,72400
4,1695059120977,27,3326,72427
4,1695059120977,14,3326,72441
4,1695059120977,19,3326,72460
4,1695059120977,20,3326,72480
4,1695059120977,41,3318,72521
4,1695059120977,20,3310,72541
4,1695059120977,21,3310,72562
4,1695059120977,40,3306,72602
4,1695059120977,14,3294,72616
4,1695059120977,9,3286,72625
4,1695059120977,16,3278,72641
4,1695059120977,21,3262,72662
4,1695059120977,19,3262,72681
4,1695059120977,20,3254,72701
4,1695059120977,20,3246,72721
4,1695059120977,22,3246,72743
4,1695059120977,19,3242,72762
4,1695059120977,20,3222,72782
4,1695059120977,23,3198,72805
4,1695059120977,19,3198,72824
4,1695059120977,19,3214,72843
4,1695059120977,20,3222,72863
4,1695059120977,23,3198,72886
4,1695059120977,18,3222,72904
4,1695059120977,20,3214,72924
4,1695059120977,20,3198,72944
4,1695059120977,27,3222,72971
4,1695059120977,14,3198,72985
4,1695059120977,19,3214,73004
4,1695059120977,20,3214,73024
4,1695059120977,27,3198,73051
4,1695059120977,14,3198,73065
4,1695059120977,19,3198,73084
4,1695059120977,21,3198,73105
4,1695059120977,40,3182,73145
4,1695059120977,20,3198,73165
4,1695059120977,20,3182,73185
4,1695059120977,24,3182,73209
4,1695059120977,16,3182,73225
4,1695059120977,20,3182,73245
4,1695059120977,20,3182,73265
4,1695059120977,21,3166,73286
4,1695059120977,19,3166,73305
4,1695059120977,20,3158,73325
4,1695059120977,20,3162,73345
4,1695059120977,22,3134,73367
4,1695059120977,33,3134,73400
4,1695059120977,9,3130,73409
4,1695059120977,19,3134,73428
4,1695059120977,19,3118,73447
4,1695059120977,19,3118,73466
4,1695059120977,20,3102,73486
4,1695059120977,23,3102,73509
4,1695059120977,17,3102,73526
4,1695059120977,20,3070,73546
4,1695059120977,20,3070,73566
4,1695059120977,27,3070,73593
4,1695059120977,15,3070,73608
4,1695059120977,19,3070,73627
4,1695059120977,20,3102,73647
4,1695059120977,27,3102,73674
4,1695059120977,15,3102,73689
4,1695059120977,19,3118,73708
4,1695059120977,20,3114,73728
4,1695059120977,41,3102,73769
4,1695059120977,20,3110,73789
4,1695059120977,20,3102,73809
4,1695059120977,24,3102,73833
4,1695059120977,17,3102,73850
4,1695059120977,20,3118,73870
4,1695059120977,20,3102,73890
4,1695059120977,21,3102,73911
4,1695059120977,19,3070,73930
4,1695059120977,20,3070,73950
4,1695059120977,20,3070,73970
4,1695059120977,22,3102,73992
4,1695059120977,18,3070,74010
4,1695059120977,18,3070,74028
4,1695059120977,20,3070,74048
4,1695059120977,20,3070,74068
4,1695059120977,20,3070,74088
4,1695059120977,21,3070,74109
4,1695059120977,22,3070,74131
4,1695059120977,17,3070,74148
4,1695059120977,20,3070,74168
4,1695059120977,20,3054,74188
4,1695059120977,29,3054,74217
4,1695059120977,12,3038,74229
4,1695059120977,19,3034,74248
4,1695059120977,20,3030,74268
4,1695059120977,29,3022,74297
4,1695059120977,13,3022,74310
4,1695059120977,27,3022,74337
4,1695059120977,12,3022,74349
4,1695059120977,40,3022,74389
4,1695059120977,20,3030,74409
4,1695059120977,20,3038,74429
4,1695059120977,26,3050,74455
4,1695059120977,14,3030,74469
4,1695059120977,20,3054,74489
4,1695059120977,20,3038,74509
4,1695059120977,23,3054,74532
4,1695059120977,18,3038,74550
4,1695059120977,20,3038,74570
4,1695059120977,20,3030,74590
4,1695059120977,20,3030,74610
4,1695059120977,20,3030,74630
4,1695059120977,20,3022,74650
4,1695059120977,20,3022,74670
4,1695059120977,20,3030,74690
4,1695059120977,20,3006,74710
4,1695059120977,20,3022,74730
4,1695059120977,23,3006,74753
4,1695059120977,20,3022,74773
4,1695059120977,18,3006,74791
4,1695059120977,20,3006,74811
4,1695059120977,29,3006,74840
4,1695059120977,12,2998,74852
4,1695059120977,19,3006,74871
4,1695059120977,20,2998,74891
4,1695059120977,29,2998,74920
4,1695059120977,12,2990,74932
4,1695059120977,19,2974,74951
4,1695059120977,20,2986,74971
4,1695059120977,41,2974,75012
4,1695059120977,20,2974,75032
4,1695059120977,20,2966,75052
4,1695059120977,26,2942,75078
4,1695059120977,14,2942,75092
4,1695059120977,21,2970,75113
4,1695059120977,30,2974,75143
4,1695059120977,18,2974,75161
4,1695059120977,14,2990,75175
4,1695059120977,17,2990,75192
4,1695059120977,20,2998,75212
4,1695059120977,20,3006,75232
4,1695059120977,20,3006,75252
4,1695059120977,20,3022,75272
4,1695059120977,20,3022,75292
4,1695059120977,20,3038,75312
4,1695059120977,20,3022,75332
4,1695059120977,20,3030,75352
4,1695059120977,23,3022,75375
4,1695059120977,17,3030,75392
4,1695059120977,20,3022,75412
4,1695059120977,20,3038,75432
4,1695059120977,29,3038,75461
4,1695059120977,12,3038,75473
4,1695059120977,19,3038,75492
4,1695059120977,20,3030,75512
4,1695059120977,30,3030,75542
4,1695059120977,12,3038,75554
4,1695059120977,21,3030,75575
4,1695059120977,20,3022,75595
4,1695059120977,28,3030,75623
4,1695059120977,30,3022,75653
4,1695059120977,7,3022,75660
4,1695059120977,16,3006,75676
4,1695059120977,39,3006,75715
4,1695059120977,20,3006,75735
4,1695059120977,22,2990,75757
4,1695059120977,20,2990,75777
4,1695059120977,18,2986,75795
4,1695059120977,20,2990,75815
4,1695059120977,20,2990,75835
4,1695059120977,20,2990,75855
4,1695059120977,20,2990,75875
4,1695059120977,22,3006,75897
4,1695059120977,18,3006,75915
4,1695059120977,20,3030,75935
4,1695059120977,21,3022,75956
4,1695059120977,27,3038,75983
4,1695059120977,15,3050,75998
4,1695059120977,17,3054,76015
4,1695059120977,20,3054,76035
4,1695059120977,22,3062,76057
4,1695059120977,21,3066,76078
4,1695059120977,20,3070,76098
4,1695059120977,18,3070,76116
4,1695059120977,20,3070,76136
4,1695059120977,27,3070,76163
4,1695059120977,13,3070,76176
4,1695059120977,20,3070,76196
4,1695059120977,20,3070,76216
4,1695059120977,29,3070,76245
4,1695059120977,14,3070,76259
4,1695059120977,17,3070,76276
4,1695059120977,20,3070,76296
4,1695059120977,41,3070,76337
4,1695059120977,21,3070,76358
4,1695059120977,28,3070,76386
4,1695059120977,12,3070,76398
4,1695059120977,22,3070,76420
4,1695059120977,18,3070,76438
4,1695059120977,20,3070,76458
4,1695059120977,20,3102,76478
4,1695059120977,20,3070,76498
4,1695059120977,20,3070,76518
4,1695059120977,20,3070,76538
4,1695059120977,20,3070,76558
4,1695059120977,20,3062,76578
4,1695059120977,22,3070,76600
4,1695059120977,21,3070,76621
4,1695059120977,18,3070,76639
4,1695059120977,27,3070,76666
4,1695059120977,15,3070,76681
4,1695059120977,23,3102,76704
4,1695059120977,18,3114,76722
4,1695059120977,20,3118,76742
4,1695059120977,18,3118,76760
4,1695059120977,29,3118,76789
4,1695059120977,12,3118,76801
4,1695059120977,22,3118,76823
4,1695059120977,20,3118,76843
4,1695059120977,27,3102,76870
4,1695059120977,12,3110,76882
4,1695059120977,22,3102,76904
4,1695059120977,20,3070,76924
4,1695059120977,39,3070,76963
4,1695059120977,22,3070,76985
4,1695059120977,20,3070,77005
4,1695059120977,23,3070,77028
4,1695059120977,18,3070,77046
4,1695059120977,20,3070,77066
4,1695059120977,20,3070,77086
4,1695059120977,21,3066,77107
4,1695059120977,19,3054,77126
4,1695059120977,20,3050,77146
4,1695059120977,18,3038,77164
4,1695059120977,20,3038,77184
4,1695059120977,20,3006,77204
4,1695059120977,20,3006,77224
4,1695059120977,23,2998,77247
4,1695059120977,20,2990,77267
4,1695059120977,20,2986,77287
4,1695059120977,19,2970,77306
4,1695059120977,39,2974,77345
4,1695059120977,9,2958,77354
4,1695059120977,14,2942,77368
4,1695059120977,20,2966,77388
4,1695059120977,28,2966,77416
4,1695059120977,12,2970,77428
4,1695059120977,21,2974,77449
4,1695059120977,20,2990,77469
4,1695059120977,27,2990,77496
4,1695059120977,12,2990,77508
4,1695059120977,22,2990,77530
4,1695059120977,20,2990,77550
4,1695059120977,38,2990,77588
4,1695059120977,22,2990,77610
4,1695059120977,20,2990,77630
4,1695059120977,21,2974,77651
4,1695059120977,19,2974,77670
4,1695059120977,20,2990,77690
4,1695059120977,20,2974,77710
4,1695059120977,21,2974,77731
4,1695059120977,19,2986,77750
4,1695059120977,20,2974,77770
4,1695059120977,20,2990,77790
4,1695059120977,21,2966,77811
4,1695059120977,19,2962,77830
4,1695059120977,18,2942,77848
4,1695059120977,23,2974,77871
4,1695059120977,20,2942,77891
4,1695059120977,20,2942,77911
4,1695059120977,19,2942,77930
4,1695059120977,37,2926,77967
4,1695059120977,7,2934,77974
4,1695059120977,16,2926,77990
4,1695059120977,22,2926,78012
4,1695059120977,28,2910,78040
4,1695059120977,12,2910,78052
4,1695059120977,21,2902,78073
4,1695059120977,18,2906,78091
4,1695059120977,29,2902,78120
4,1695059120977,14,2902,78134
4,1695059120977,19,2894,78153
4,1695059120977,20,2910,78173
4,1695059120977,39,2926,78212
4,1695059120977,22,2926,78234
4,1695059120977,20,2926,78254
4,1695059120977,23,2942,78277
4,1695059120977,15,2926,78292
4,1695059120977,22,2926,78314
4,1695059120977,20,2926,78334
4,1695059120977,21,2926,78355
4,1695059120977,19,2926,78374
4,1695059120977,18,2926,78392
4,1695059120977,22,2926,78414
4,1695059120977,20,2926,78434
4,1695059120977,18,2926,78452
4,1695059120977,20,2926,78472
4,1695059120977,20,2934,78492
4,1695059120977,20,2926,78512
4,1695059120977,22,2942,78534
4,1695059120977,18,2934,78552
4,1695059120977,25,2942,78577
4,1695059120977,18,2942,78595
4,1695059120977,20,2942,78615
4,1695059120977,21,2942,78636
4,1695059120977,40,2942,78676
4,1695059120977,14,2934,78690
4,1695059120977,9,2926,78699
4,1695059120977,14,2934,78713
4,1695059120977,29,2934,78742
4,1695059120977,14,2918,78756
4,1695059120977,19,2910,78775
4,1695059120977,20,2910,78795
4,1695059120977,41,2902,78836
4,1695059120977,20,2894,78856
4,1695059120977,20,2902,78876
4,1695059120977,24,2902,78900
4,1695059120977,17,2910,78917
4,1695059120977,21,2926,78938
4,1695059120977,28,2926,78966
4,1695059120977,18,2934,78984
4,1695059120977,14,2938,78998
4,1695059120977,19,2942,79017
4,1695059120977,18,2942,79035
4,1695059120977,22,2942,79057
4,1695059120977,20,2942,79077
4,1695059120977,18,2942,79095
4,1695059120977,25,2974,79120
4,1695059120977,19,2974,79139
4,1695059120977,17,2974,79156
4,1695059120977,22,2974,79178
4,1695059120977,23,2974,79201
4,1695059120977,17,2990,79218
4,1695059120977,18,2990,79236
4,1695059120977,22,2990,79258
4,1695059120977,27,2990,79285
4,1695059120977,14,2990,79299
4,1695059120977,19,2990,79318
4,1695059120977,18,2974,79336
4,1695059120977,30,2990,79366
4,1695059120977,14,2974,79380
4,1695059120977,18,2974,79398
4,1695059120977,21,2974,79419
4,1695059120977,40,2958,79459
4,1695059120977,20,2958,79479
4,1695059120977,18,2942,79497
4,1695059120977,26,2942,79523
4,1695059120977,15,2934,79538
4,1695059120977,22,2926,79560
4,1695059120977,20,2922,79580
4,1695059120977,21,2910,79601
4,1695059120977,19,2926,79620
4,1695059120977,20,2926,79640
4,1695059120977,18,2926,79658
4,1695059120977,22,2926,79680
4,1695059120977,20,2942,79700
4,1695059120977,20,2934,79720
4,1695059120977,23,2942,79743
4,1695059120977,16,2942,79759
4,1695059120977,21,2942,79780
4,1695059120977,20,2942,79800
4,1695059120977,23,2958,79823
4,1695059120977,17,2942,79840
4,1695059120977,20,2942,79860
4,1695059120977,20,2942,79880
4,1695059120977,27,2942,79907
4,1695059120977,14,2942,79921
4,1695059120977,19,2962,79940
4,1695059120977,20,2958,79960
4,1695059120977,27,2966,79987
4,1695059120977,14,2942,80001
4,1695059120977,19,2958,80020
4,1695059120977,20,2966,80040
4,1695059120977,41,2942,80081
4,1695059120977,20,2942,80101
4,1695059120977,20,2942,80121
4,1695059120977,25,2942,80146
4,1695059120977,33,2942,80179
4,1695059120977,9,2942,80188
4,1695059120977,14,2942,80202
4,1695059120977,21,2926,80223
4,1695059120977,19,2934,80242
4,1695059120977,20,2926,80262
4,1695059120977,20,2926,80282
4,1695059120977,21,2926,80303
4,1695059120977,17,2910,80320
4,1695059120977,22,2910,80342
4,1695059120977,23,2910,80365
4,1695059120977,16,2922,80381
4,1695059120977,21,2910,80402
4,1695059120977,20,2934,80422
4,1695059120977,22,2942,80444
4,1695059120977,19,2942,80463
4,1695059120977,20,2942,80483
4,1695059120977,20,2974,80503
4,1695059120977,27,2966,80530
4,1695059120977,12,2974,80542
4,1695059120977,21,2974,80563
4,1695059120977,20,2986,80583
4,1695059120977,28,2974,80611
4,1695059120977,14,2990,80625
4,1695059120977,18,2990,80643
4,1695059120977,20,2990,80663
4,1695059120977,41,2974,80704
4,1695059120977,20,2990,80724
4,1695059120977,20,2990,80744
4,1695059120977,41,2990,80785
4,1695059120977,18,2990,80803
4,1695059120977,20,2986,80823
4,1695059120977,24,2990,80847
4,1695059120977,18,2990,80865
4,1695059120977,20,2982,80885
4,1695059120977,20,2974,80905
4,1695059120977,21,2982,80926
4,1695059120977,19,2966,80945
4,1695059120977,20,2942,80965
4,1695059120977,23,2958,80988
4,1695059120977,19,2942,81007
4,1695059120977,19,2942,81026
4,1695059120977,20,2942,81046
4,1695059120977,23,2934,81069
4,1695059120977,17,2922,81086
4,1695059120977,20,2934,81106
4,1695059120977,20,2934,81126
4,1695059120977,28,2942,81154
4,1695059120977,32,2942,81186
4,1695059120977,21,2942,81207
4,1695059120977,27,2942,81234
4,1695059120977,14,2942,81248
4,1695059120977,19,2942,81267
4,1695059120977,20,2966,81287
4,1695059120977,27,2958,81314
4,1695059120977,14,2974,81328
4,1695059120977,20,2958,81348
4,1695059120977,20,2942,81368
4,1695059120977,41,2958,81409
4,1695059120977,20,2942,81429
4,1695059120977,18,2958,81447
4,1695059120977,26,2958,81473
4,1695059120977,17,2942,81490
4,1695059120977,20,2942,81510
4,1695059120977,20,2942,81530
4,1695059120977,21,2942,81551
4,1695059120977,19,2942,81570
4,1695059120977,20,2942,81590
4,1695059120977,23,2942,81613
4,1695059120977,19,2926,81632
4,1695059120977,19,2926,81651
4,1695059120977,20,2926,81671
4,1695059120977,23,2926,81694
4,1695059120977,17,2910,81711
4,1695059120977,20,2910,81731
4,1695059120977,20,2910,81751
4,1695059120977,23,2906,81774
4,1695059120977,17,2902,81791
4,1695059120977,20,2902,81811
4,1695059120977,20,2910,81831
4,1695059120977,27,2902,81858
4,1695059120977,14,2910,81872
4,1695059120977,20,2910,81892
4,1695059120977,27,2934,81919
4,1695059120977,21,2934,81940
4,1695059120977,14,2934,81954
4,1695059120977,17,2926,81971
4,1695059120977,20,2942,81991
4,1695059120977,41,2942,82032
4,1695059120977,20,2942,82052
4,1695059120977,20,2942,82072
4,1695059120977,22,2934,82094
4,1695059120977,18,2942,82112
4,1695059120977,20,2934,82132
4,1695059120977,20,2942,82152
4,1695059120977,22,2942,82174
4,1695059120977,18,2942,82192
4,1695059120977,18,2942,82210
4,1695059120977,20,2942,82230
4,1695059120977,21,2942,82251
4,1695059120977,22,2942,82273
4,1695059120977,20,2942,82293
4,1695059120977,23,2942,82316
4,1695059120977,19,2942,82335
4,1695059120977,19,2942,82354
4,1695059120977,20,2942,82374
4,1695059120977,23,2942,82397
4,1695059120977,17,2942,82414
4,1695059120977,20,2934,82434
4,1695059120977,20,2926,82454
4,1695059120977,27,2926,82481
4,1695059120977,15,2926,82496
4,1695059120977,27,2926,82523
4,1695059120977,14,2926,82537
4,1695059120977,23,2910,82560
4,1695059120977,14,2926,82574
4,1695059120977,19,2942,82593
4,1695059120977,20,2942,82613
4,1695059120977,20,2942,82633
4,1695059120977,20,2942,82653
4,1695059120977,20,2958,82673
4,1695059120977,20,2974,82693
4,1695059120977,23,2966,82716
4,1695059120977,18,2966,82734
4,1695059120977,21,2974,82755
4,1695059120977,20,2974,82775
4,1695059120977,21,2974,82796
4,1695059120977,19,2974,82815
4,1695059120977,20,2990,82835
4,1695059120977,24,2970,82859
4,1695059120977,19,2974,82878
4,1695059120977,18,2974,82896
4,1695059120977,20,2990,82916
4,1695059120977,23,2986,82939
4,1695059120977,19,2974,82958
4,1695059120977,19,2990,82977
4,1695059120977,20,2974,82997
4,1695059120977,23,2982,83020
4,1695059120977,18,2974,83038
4,1695059120977,20,2970,83058
4,1695059120977,20,2970,83078
4,1695059120977,27,2966,83105
4,1695059120977,15,2942,83120
4,1695059120977,19,2958,83139
4,1695059120977,21,2942,83160
4,1695059120977,39,2942,83199
4,1695059120977,15,2942,83214
4,1695059120977,9,2942,83223
4,1695059120977,16,2942,83239
4,1695059120977,41,2942,83280
4,1695059120977,20,2942,83300
4,1695059120977,20,2958,83320
4,1695059120977,23,2958,83343
4,1695059120977,17,2974,83360
4,1695059120977,20,2974,83380
4,1695059120977,20,2974,83400
4,1695059120977,21,2990,83421
4,1695059120977,19,2998,83440
4,1695059120977,20,2998,83460
4,1695059120977,20,3022,83480
4,1695059120977,22,3006,83502
4,1695059120977,16,3006,83518
4,1695059120977,20,3006,83538
4,1695059120977,23,3006,83561
4,1695059120977,20,3006,83581
4,1695059120977,20,3022,83601
4,1695059120977,20,3030,83621
4,1695059120977,23,3022,83644
4,1695059120977,18,3030,83662
4,1695059120977,20,3030,83682
4,1695059120977,20,3034,83702
4,1695059120977,39,3030,83741
4,1695059120977,9,3038,83750
4,1695059120977,15,3006,83765
4,1695059120977,18,3006,83783
4,1695059120977,27,3022,83810
4,1695059120977,15,3006,83825
4,1695059120977,33,3006,83858
4,1695059120977,9,3006,83867
4,1695059120977,37,3022,83904
4,1695059120977,20,3006,83924
4,1695059120977,20,3002,83944
4,1695059120977,23,2998,83967
4,1695059120977,17,2998,83984
4,1695059120977,20,2990,84004
4,1695059120977,20,2998,84024
4,1695059120977,22,2990,84046
4,1695059120977,19,3006,84065
4,1695059120977,20,3030,84085
4,1695059120977,20,3030,84105
4,1695059120977,22,3038,84127
4,1695059120977,19,3038,84146
4,1695059120977,28,3038,84174
4,1695059120977,17,3054,84191
4,1695059120977,15,3062,84206
4,1695059120977,20,3070,84226
4,1695059120977,20,3070,84246
4,1695059120977,24,3070,84270
4,1695059120977,17,3070,84287
4,1695059120977,20,3070,84307
4,1695059120977,20,3070,84327
4,1695059120977,27,3102,84354
4,1695059120977,15,3102,84369
4,1695059120977,19,3110,84388
4,1695059120977,20,3070,84408
4,1695059120977,27,3102,84435
4,1695059120977,15,3102,84450
4,1695059120977,19,3102,84469
4,1695059120977,20,3102,84489
4,1695059120977,41,3102,84530
4,1695059120977,20,3118,84550
4,1695059120977,20,3102,84570
4,1695059120977,20,3102,84590
4,1695059120977,21,3070,84611
4,1695059120977,28,3070,84639
4,1695059120977,15,3070,84654
4,1695059120977,21,3070,84675
4,1695059120977,16,3070,84691
4,1695059120977,20,3070,84711
4,1695059120977,20,3070,84731
4,1695059120977,22,3070,84753
4,1695059120977,19,3070,84772
4,1695059120977,20,3070,84792
4,1695059120977,24,3070,84816
4,1695059120977,19,3070,84835
4,1695059120977,18,3102,84853
4,1695059120977,20,3102,84873
4,1695059120977,23,3134,84896
4,1695059120977,17,3134,84913
4,1695059120977,20,3134,84933
4,1695059120977,20,3158,84953
4,1695059120977,28,3158,84981
4,1695059120977,15,3166,84996
4,1695059120977,18,3166,85014
4,1695059120977,20,3166,85034
4,1695059120977,27,3166,85061
4,1695059120977,15,3166,85076
4,1695059120977,19,3182,85095
4,1695059120977,20,3166,85115
4,1695059120977,41,3182,85156
4,1695059120977,20,3182,85176
4,1695059120977,20,3182,85196
4,1695059120977,24,3182,85220
4,1695059120977,16,3182,85236
4,1695059120977,20,3182,85256
4,1695059120977,20,3182,85276
4,1695059120977,22,3178,85298
4,1695059120977,19,3182,85317
4,1695059120977,20,3182,85337
4,1695059120977,20,3166,85357
4,1695059120977,22,3166,85379
4,1695059120977,18,3166,85397
4,1695059120977,20,3162,85417
4,1695059120977,23,3166,85440
4,1695059120977,19,3162,85459
4,1695059120977,19,3150,85478
4,1695059120977,21,3150,85499
4,1695059120977,40,3134,85539
4,1695059120977,15,3134,85554
4,1695059120977,10,3134,85564
4,1695059120977,16,3134,85580
4,1695059120977,27,3134,85607
4,1695059120977,15,3134,85622
4,1695059120977,19,3150,85641
4,1695059120977,20,3150,85661
4,1695059120977,28,3158,85689
4,1695059120977,15,3166,85704
4,1695059120977,18,3166,85722
4,1695059120977,20,3182,85742
4,1695059120977,41,3166,85783
4,1695059120977,20,3166,85803
4,1695059120977,20,3166,85823
4,1695059120977,24,3166,85847
4,1695059120977,16,3166,85863
4,1695059120977,21,3166,85884
4,1695059120977,20,3166,85904
4,1695059120977,22,3166,85926
4,1695059120977,19,3178,85945
4,1695059120977,20,3166,85965
4,1695059120977,20,3166,85985
4,1695059120977,22,3166,86007
4,1695059120977,19,3166,86026
4,1695059120977,20,3158,86046
4,1695059120977,24,3166,86070
4,1695059120977,19,3158,86089
4,1695059120977,18,3150,86107
4,1695059120977,20,3150,86127
4,1695059120977,23,3134,86150
4,1695059120977,17,3134,86167
4,1695059120977,20,3134,86187
4,1695059120977,20,3134,86207
4,1695059120977,27,3134,86234
4,1695059120977,15,3126,86249
4,1695059120977,19,3118,86268
4,1695059120977,28,3114,86296
4,1695059120977,27,3118,86323
4,1695059120977,10,3118,86333
4,1695059120977,16,3114,86349
4,1695059120977,20,3118,86369
4,1695059120977,27,3130,86396
4,1695059120977,15,3126,86411
4,1695059120977,19,3134,86430
4,1695059120977,20,3134,86450
4,1695059120977,41,3158,86491
4,1695059120977,20,3150,86511
4,1695059120977,20,3166,86531
4,1695059120977,22,3162,86553
4,1695059120977,18,3158,86571
4,1695059120977,20,3166,86591
4,1695059120977,20,3158,86611
4,1695059120977,20,3166,86631
4,1695059120977,20,3166,86651
4,1695059120977,20,3166,86671
4,1695059120977,24,3166,86695
4,1695059120977,19,3166,86714
4,1695059120977,18,3166,86732
4,1695059120977,20,3166,86752
4,1695059120977,23,3166,86775
4,1695059120977,18,3166,86793
4,1695059120977,20,3166,86813
4,1695059120977,20,3166,86833
4,1695059120977,23,3166,86856
4,1695059120977,17,3158,86873
4,1695059120977,21,3162,86894
4,1695059120977,28,3162,86922
4,1695059120977,27,3150,86949
4,1695059120977,10,3150,86959
4,1695059120977,16,3134,86975
4,1695059120977,20,3134,86995
4,1695059120977,27,3134,87022
4,1695059120977,15,3126,87037
4,1695059120977,19,3118,87056
4,1695059120977,20,3118,87076
4,1695059120977,41,3102,87117
4,1695059120977,20,3114,87137
4,1695059120977,20,3118,87157
4,1695059120977,22,3118,87179
4,1695059120977,18,3134,87197
4,1695059120977,20,3150,87217
4,1695059120977,20,3150,87237
4,1695059120977,22,3150,87259
4,1695059120977,18,3158,87277
4,1695059120977,20,3162,87297
4,1695059120977,23,3162,87320
4,1695059120977,19,3166,87339
4,1695059120977,18,3166,87357
4,1695059120977,20,3166,87377
4,1695059120977,23,3166,87400
4,1695059120977,17,3166,87417
4,1695059120977,20,3178,87437
4,1695059120977,20,3182,87457
4,1695059120977,24,3182,87481
4,1695059120977,17,3182,87498
4,1695059120977,20,3166,87518
4,1695059120977,20,3190,87538
4,1695059120977,27,3190,87565
4,1695059120977,15,3198,87580
4,1695059120977,18,3182,87598
4,1695059120977,20,3182,87618
4,1695059120977,27,3182,87645
4,1695059120977,15,3166,87660
4,1695059120977,19,3166,87679
4,1695059120977,21,3166,87700
4,1695059120977,40,3158,87740
4,1695059120977,20,3158,87760
4,1695059120977,20,3150,87780
4,1695059120977,23,3150,87803
4,1695059120977,18,3150,87821
4,1695059120977,20,3134,87841
4,1695059120977,20,3134,87861
4,1695059120977,22,3134,87883
4,1695059120977,18,3134,87901
4,1695059120977,20,3158,87921
4,1695059120977,24,3150,87945
4,1695059120977,19,3166,87964
4,1695059120977,17,3166,87981
4,1695059120977,20,3182,88001
4,1695059120977,23,3182,88024
4,1695059120977,19,3182,88043
4,1695059120977,18,3190,88061
4,1695059120977,20,3190,88081
4,1695059120977,23,3198,88104
4,1695059120977,18,3198,88122
4,1695059120977,20,3198,88142
4,1695059120977,20,3198,88162
4,1695059120977,27,3198,88189
4,1695059120977,15,3198,88204
4,1695059120977,19,3198,88223
4,1695059120977,20,3198,88243
4,1695059120977,27,3198,88270
4,1695059120977,15,3198,88285
4,1695059120977,19,3198,88304
4,1695059120977,20,3198,88324
4,1695059120977,41,3198,88365
4,1695059120977,20,3198,88385
4,1695059120977,20,3182,88405
4,1695059120977,24,3190,88429
4,1695059120977,16,3182,88445
4,1695059120977,21,3182,88466
4,1695059120977,36,3182,88502
4,1695059120977,10,3182,88512
4,1695059120977,15,3166,88527
4,1695059120977,19,3166,88546
4,1695059120977,23,3158,88569
4,1695059120977,19,3166,88588
4,1695059120977,19,3166,88607
4,1695059120977,20,3150,88627
4,1695059120977,21,3166,88648
4,1695059120977,19,3150,88667
4,1695059120977,20,3166,88687
4,1695059120977,20,3182,88707
4,1695059120977,23,3182,88730
4,1695059120977,18,3198,88748
4,1695059120977,20,3198,88768
4,1695059120977,20,3198,88788
4,1695059120977,27,3214,88815
4,1695059120977,15,3230,88830
4,1695059120977,19,3214,88849
4,1695059120977,20,3214,88869
4,1695059120977,28,3214,88897
4,1695059120977,15,3214,88912
4,1695059120977,18,3214,88930
4,1695059120977,20,3214,88950
4,1695059120977,41,3214,88991
4,1695059120977,20,3230,89011
4,1695059120977,20,3222,89031
4,1695059120977,23,3222,89054
4,1695059120977,17,3222,89071
4,1695059120977,20,3198,89091
4,1695059120977,20,3198,89111
4,1695059120977,22,3198,89133
4,1695059120977,18,3198,89151
4,1695059120977,20,3214,89171
4,1695059120977,23,3198,89194
4,1695059120977,19,3198,89213
4,1695059120977,18,3198,89231
4,1695059120977,20,3182,89251
4,1695059120977,23,3190,89274
4,1695059120977,19,3190,89293
4,1695059120977,18,3166,89311
4,1695059120977,20,3182,89331
4,1695059120977,24,3166,89355
4,1695059120977,17,3166,89372
4,1695059120977,20,3182,89392
4,1695059120977,21,3190,89413
4,1695059120977,40,3198,89453
4,1695059120977,15,3198,89468
4,1695059120977,10,3198,89478
4,1695059120977,15,3214,89493
4,1695059120977,27,3222,89520
4,1695059120977,15,3222,89535
4,1695059120977,18,3222,89553
4,1695059120977,20,3222,89573
4,1695059120977,41,3222,89614
4,1695059120977,20,3222,89634
4,1695059120977,20,3230,89654
4,1695059120977,24,3230,89678
4,1695059120977,17,3222,89695
4,1695059120977,20,3214,89715
4,1695059120977,20,3230,89735
4,1695059120977,22,3214,89757
4,1695059120977,18,3222,89775
4,1695059120977,20,3226,89795
4,1695059120977,20,3222,89815
4,1695059120977,22,3198,89837
4,1695059120977,18,3198,89855
4,1695059120977,20,3198,89875
4,1695059120977,23,3194,89898
4,1695059120977,19,3198,89917
4,1695059120977,18,3182,89935
4,1695059120977,20,3182,89955
4,1695059120977,23,3182,89978
4,1695059120977,33,3182,90011
4,1695059120977,10,3182,90021
4,1695059120977,15,3166,90036
4,1695059120977,26,3182,90062
4,1695059120977,15,3182,90077
4,1695059120977,19,3166,90096
4,1695059120977,20,3182,90116
4,1695059120977,27,3194,90143
4,1695059120977,15,3198,90158
4,1695059120977,19,3198,90177
4,1695059120977,20,3214,90197
4,1695059120977,41,3230,90238
4,1695059120977,20,3230,90258
4,1695059120977,20,3246,90278
4,1695059120977,24,3246,90302
4,1695059120977,16,3246,90318
4,1695059120977,20,3230,90338
4,1695059120977,20,3246,90358
4,1695059120977,22,3242,90380
4,1695059120977,18,3246,90398
4,1695059120977,21,3254,90419
4,1695059120977,20,3254,90439
4,1695059120977,22,3254,90461
4,1695059120977,18,3246,90479
4,1695059120977,20,3254,90499
4,1695059120977,23,3246,90522
4,1695059120977,19,3254,90541
4,1695059120977,18,3246,90559
4,1695059120977,20,3246,90579
4,1695059120977,23,3246,90602
4,1695059120977,17,3246,90619
4,1695059120977,20,3246,90639
4,1695059120977,20,3230,90659
4,1695059120977,27,3242,90686
4,1695059120977,15,3246,90701
4,1695059120977,19,3230,90720
4,1695059120977,28,3198,90748
4,1695059120977,27,3214,90775
4,1695059120977,10,3214,90785
4,1695059120977,15,3214,90800
4,1695059120977,20,3230,90820
4,1695059120977,41,3246,90861
4,1695059120977,20,3262,90881
4,1695059120977,20,3278,90901
4,1695059120977,24,3286,90925
4,1695059120977,16,3286,90941
4,1695059120977,20,3310,90961
4,1695059120977,20,3294,90981
4,1695059120977,22,3326,91003
4,1695059120977,18,3310,91021
4,1695059120977,20,3322,91041
4,1695059120977,20,3318,91061
4,1695059120977,22,3318,91083
4,1695059120977,18,3326,91101
4,1695059120977,20,3326,91121
4,1695059120977,23,3350,91144
4,1695059120977,19,3326,91163
4,1695059120977,18,3326,91181
4,1695059120977,20,3350,91201
4,1695059120977,23,3350,91224
4,1695059120977,17,3358,91241
4,1695059120977,20,3350,91261
4,1695059120977,20,3358,91281
4,1695059120977,27,3358,91308
4,1695059120977,15,3358,91323
4,1695059120977,18,3358,91341
4,1695059120977,20,3350,91361
4,1695059120977,27,3350,91388
4,1695059120977,15,3350,91403
4,1695059120977,18,3350,91421
4,1695059120977,21,3326,91442
4,1695059120977,40,3326,91482
4,1695059120977,20,3350,91502
4,1695059120977,20,3326,91522
4,1695059120977,41,3358,91563
4,1695059120977,20,3374,91583
4,1695059120977,20,3374,91603
4,1695059120977,23,3390,91626
4,1695059120977,17,3390,91643
4,1695059120977,20,3414,91663
4,1695059120977,20,3422,91683
4,1695059120977,22,3438,91705
4,1695059120977,18,3438,91723
4,1695059120977,20,3446,91743
4,1695059120977,23,3454,91766
4,1695059120977,19,3454,91785
4,1695059120977,18,3454,91803
4,1695059120977,20,3454,91823
4,1695059120977,23,3478,91846
4,1695059120977,18,3470,91864
4,1695059120977,20,3478,91884
4,1695059120977,20,3478,91904
4,1695059120977,23,3478,91927
4,1695059120977,17,3482,91944
4,1695059120977,20,3486,91964
4,1695059120977,20,3486,91984
4,1695059120977,27,3486,92011
4,1695059120977,15,3486,92026
4,1695059120977,18,3486,92044
4,1695059120977,20,3478,92064
4,1695059120977,27,3478,92091
4,1695059120977,15,3478,92106
4,1695059120977,18,3478,92124
4,1695059120977,21,3454,92145
4,1695059120977,40,3454,92185
4,1695059120977,20,3438,92205
4,1695059120977,21,3438,92226
4,1695059120977,23,3454,92249
4,1695059120977,17,3438,92266
4,1695059120977,20,3454,92286
4,1695059120977,20,3454,92306
4,1695059120977,22,3470,92328
4,1695059120977,18,3486,92346
4,1695059120977,20,3498,92366
4,1695059120977,23,3518,92389
4,1695059120977,20,3518,92409
4,1695059120977,18,3534,92427
4,1695059120977,20,3542,92447
4,1695059120977,23,3542,92470
4,1695059120977,17,3550,92487
4,1695059120977,20,3550,92507
4,1695059120977,20,3550,92527
4,1695059120977,23,3542,92550
4,1695059120977,18,3550,92568
4,1695059120977,20,3542,92588
4,1695059120977,20,3550,92608
4,1695059120977,27,3550,92635
4,1695059120977,15,3566,92650
4,1695059120977,18,3550,92668
4,1695059120977,20,3550,92688
4,1695059120977,27,3550,92715
4,1695059120977,15,3550,92730
4,1695059120977,18,3550,92748
4,1695059120977,21,3550,92769
4,1695059120977,40,3534,92809
4,1695059120977,20,3534,92829
4,1695059120977,20,3518,92849
4,1695059120977,23,3518,92872
4,1695059120977,33,3518,92905
4,1695059120977,10,3518,92915
4,1695059120977,15,3518,92930
4,1695059120977,19,3510,92949
4,1695059120977,20,3498,92969
4,1695059120977,20,3486,92989
4,1695059120977,23,3486,93012
4,1695059120977,19,3486,93031
4,1695059120977,18,3486,93049
4,1695059120977,20,3502,93069
4,1695059120977,23,3518,93092
4,1695059120977,17,3518,93109
4,1695059120977,21,3518,93130
4,1695059120977,20,3534,93150
4,1695059120977,23,3542,93173
4,1695059120977,17,3542,93190
4,1695059120977,20,3550,93210
4,1695059120977,20,3542,93230
4,1695059120977,27,3550,93257
4,1695059120977,15,3550,93272
4,1695059120977,18,3550,93290
4,1695059120977,20,3550,93310
4,1695059120977,27,3550,93337
4,1695059120977,15,3550,93352
4,1695059120977,18,3546,93370
4,1695059120977,20,3546,93390
4,1695059120977,41,3550,93431
4,1695059120977,20,3550,93451
4,1695059120977,20,3550,93471
4,1695059120977,23,3518,93494
4,1695059120977,18,3542,93512
4,1695059120977,20,3518,93532
4,1695059120977,20,3518,93552
4,1695059120977,22,3510,93574
4,1695059120977,19,3502,93593
4,1695059120977,33,3510,93626
4,1695059120977,13,3502,93639
4,1695059120977,15,3486,93654
4,1695059120977,18,3486,93672
4,1695059120977,20,3478,93692
4,1695059120977,23,3470,93715
4,1695059120977,20,3454,93735
4,1695059120977,18,3454,93753
4,1695059120977,20,3454,93773
4,1695059120977,23,3454,93796
4,1695059120977,17,3454,93813
4,1695059120977,20,3454,93833
4,1695059120977,20,3478,93853
4,1695059120977,27,3486,93880
4,1695059120977,15,3502,93895
4,1695059120977,18,3502,93913
4,1695059120977,20,3502,93933
4,1695059120977,27,3502,93960
4,1695059120977,15,3518,93975
4,1695059120977,18,3510,93993
4,1695059120977,20,3518,94013
4,1695059120977,41,3518,94054
4,1695059120977,20,3518,94074
4,1695059120977,20,3518,94094
4,1695059120977,23,3534,94117
4,1695059120977,17,3518,94134
4,1695059120977,20,3518,94154
4,1695059120977,20,3502,94174
4,1695059120977,22,3510,94196
4,1695059120977,18,3502,94214
4,1695059120977,20,3502,94234
4,1695059120977,24,3502,94258
4,1695059120977,20,3510,94278
4,1695059120977,17,3502,94295
4,1695059120977,20,3502,94315
4,1695059120977,23,3510,94338
4,1695059120977,33,3514,94371
4,1695059120977,10,3514,94381
4,1695059120977,15,3502,94396
4,1695059120977,21,3502,94417
4,1695059120977,18,3502,94435
4,1695059120977,20,3486,94455
4,1695059120977,20,3498,94475
4,1695059120977,27,3486,94502
4,1695059120977,15,3478,94517
4,1695059120977,18,3478,94535
4,1695059120977,20,3486,94555
4,1695059120977,27,3486,94582
4,1695059120977,15,3486,94597
4,1695059120977,19,3498,94616
4,1695059120977,20,3502,94636
4,1695059120977,41,3502,94677
4,1695059120977,20,3518,94697
4,1695059120977,20,3518,94717
4,1695059120977,24,3534,94741
4,1695059120977,17,3518,94758
4,1695059120977,20,3518,94778
4,1695059120977,20,3534,94798
4,1695059120977,22,3542,94820
4,1695059120977,18,3518,94838
4,1695059120977,20,3546,94858
4,1695059120977,20,3542,94878
4,1695059120977,22,3542,94900
4,1695059120977,18,3542,94918
4,1695059120977,21,3518,94939
4,1695059120977,21,3542,94960
4,1695059120977,19,3534,94979
4,1695059120977,41,3518,95020
4,1695059120977,23,3518,95043
4,1695059120977,17,3518,95060
4,1695059120977,20,3502,95080
4,1695059120977,20,3502,95100
4,1695059120977,27,3510,95127
4,1695059120977,15,3502,95142
4,1695059120977,18,3486,95160
4,1695059120977,20,3486,95180
4,1695059120977,28,3454,95208
4,1695059120977,34,3454,95242
4,1695059120977,20,3454,95262
4,1695059120977,41,3438,95303
4,1695059120977,20,3438,95323
4,1695059120977,20,3434,95343
4,1695059120977,24,3418,95367
4,1695059120977,16,3422,95383
4,1695059120977,20,3422,95403
4,1695059120977,20,3422,95423
4,1695059120977,22,3438,95445
4,1695059120977,18,3438,95463
4,1695059120977,20,3446,95483
4,1695059120977,20,3446,95503
4,1695059120977,23,3454,95526
4,1695059120977,17,3454,95543
4,1695059120977,20,3446,95563
4,1695059120977,23,3438,95586
4,1695059120977,20,3438,95606
4,1695059120977,18,3438,95624
4,1695059120977,20,3422,95644
4,1695059120977,23,3438,95667
4,1695059120977,18,3422,95685
4,1695059120977,20,3438,95705
4,1695059120977,20,3414,95725
4,1695059120977,27,3418,95752
4,1695059120977,15,3406,95767
4,1695059120977,18,3390,95785
4,1695059120977,20,3382,95805
4,1695059120977,27,3370,95832
4,1695059120977,15,3350,95847
4,1695059120977,18,3326,95865
4,1695059120977,21,3326,95886
4,1695059120977,40,3310,95926
4,1695059120977,20,3294,95946
4,1695059120977,20,3286,95966
4,1695059120977,24,3290,95990
4,1695059120977,16,3278,96006
4,1695059120977,20,3262,96026
4,1695059120977,20,3262,96046
4,1695059120977,22,3254,96068
4,1695059120977,18,3246,96086
4,1695059120977,20,3242,96106
4,1695059120977,20,3226,96126
4,1695059120977,22,3222,96148
4,1695059120977,18,3222,96166
4,1695059120977,21,3198,96187
4,1695059120977,41,3230,96228
4,1695059120977,20,3214,96248
4,1695059120977,20,3222,96268
4,1695059120977,23,3230,96291
4,1695059120977,18,3214,96309
4,1695059120977,20,3222,96329
4,1695059120977,20,3222,96349
4,1695059120977,28,3214,96377
4,1695059120977,39,3198,96416
4,1695059120977,16,3198,96432
4,1695059120977,25,3198,96457
4,1695059120977,15,3198,96472
4,1695059120977,18,3190,96490
4,1695059120977,20,3182,96510
4,1695059120977,27,3182,96537
4,1695059120977,15,3182,96552
4,1695059120977,18,3182,96570
4,1695059120977,20,3166,96590
4,1695059120977,41,3150,96631
4,1695059120977,20,3166,96651
4,1695059120977,20,3150,96671
4,1695059120977,22,3150,96693
4,1695059120977,18,3150,96711
4,1695059120977,21,3134,96732
4,1695059120977,41,3130,96773
4,1695059120977,20,3118,96793
4,1695059120977,17,3114,96810
4,1695059120977,27,3102,96837
4,1695059120977,20,3102,96857
4,1695059120977,17,3070,96874
4,1695059120977,20,3070,96894
4,1695059120977,23,3070,96917
4,1695059120977,17,3070,96934
4,1695059120977,17,3070,96951
4,1695059120977,23,3066,96974
4,1695059120977,23,3062,96997
4,1695059120977,17,3066,97014
4,1695059120977,20,3070,97034
4,1695059120977,20,3070,97054
4,1695059120977,21,3070,97075
4,1695059120977,16,3054,97091
4,1695059120977,20,3070,97111
4,1695059120977,20,3054,97131
4,1695059120977,30,3054,97161
4,1695059120977,12,3050,97173
4,1695059120977,18,3038,97191
4,1695059120977,23,3034,97214
4,1695059120977,20,3030,97234
4,1695059120977,20,3022,97254
4,1695059120977,17,3006,97271
4,1695059120977,20,3006,97291
4,1695059120977,22,3006,97313
4,1695059120977,18,3006,97331
4,1695059120977,20,2990,97351
4,1695059120977,20,2990,97371
4,1695059120977,20,2990,97391
4,1695059120977,20,2974,97411
4,1695059120977,20,2970,97431
4,1695059120977,20,2966,97451
4,1695059120977,20,2958,97471
4,1695059120977,20,2942,97491
4,1695059120977,21,2934,97512
4,1695059120977,41,2926,97553
4,1695059120977,15,2910,97568
4,1695059120977,10,2902,97578
4,1695059120977,16,2902,97594
4,1695059120977,23,2902,97617
4,1695059120977,17,2894,97634
4,1695059120977,21,2878,97655
4,1695059120977,20,2878,97675
4,1695059120977,27,2878,97702
4,1695059120977,12,2862,97714
4,1695059120977,18,2862,97732
4,1695059120977,23,2854,97755
4,1695059120977,27,2862,97782
4,1695059120977,15,2862,97797
4,1695059120977,18,2878,97815
4,1695059120977,20,2862,97835
4,1695059120977,41,2878,97876
4,1695059120977,21,2878,97897
4,1695059120977,20,2870,97917
4,1695059120977,23,2878,97940
4,1695059120977,18,2862,97958
4,1695059120977,20,2870,97978
4,1695059120977,20,2862,97998
4,1695059120977,22,2862,98020
4,1695059120977,18,2854,98038
4,1695059120977,20,2862,98058
4,1695059120977,23,2862,98081
4,1695059120977,19,2862,98100
4,1695059120977,18,2854,98118
4,1695059120977,20,2862,98138
4,1695059120977,23,2838,98161
4,1695059120977,17,2838,98178
4,1695059120977,20,2838,98198
4,1695059120977,20,2838,98218
4,1695059120977,24,2814,98242
4,1695059120977,34,2814,98276
4,1695059120977,23,2814,98299
4,1695059120977,28,2814,98327
4,1695059120977,15,2810,98342
4,1695059120977,17,2806,98359
4,1695059120977,20,2798,98379
4,1695059120977,27,2798,98406
4,1695059120977,15,2774,98421
4,1695059120977,18,2782,98439
4,1695059120977,20,2766,98459
4,1695059120977,38,2750,98497
4,1695059120977,23,2750,98520
4,1695059120977,20,2750,98540
4,1695059120977,23,2750,98563
4,1695059120977,17,2750,98580
4,1695059120977,20,2750,98600
4,1695059120977,17,2750,98617
4,1695059120977,21,2766,98638
4,1695059120977,23,2766,98661
4,1695059120977,20,2766,98681
4,1695059120977,23,2750,98704
4,1695059120977,16,2766,98720
4,1695059120977,21,2766,98741
4,1695059120977,20,2766,98761
4,1695059120977,23,2750,98784
4,1695059120977,17,2750,98801
4,1695059120977,20,2750,98821
4,1695059120977,20,2742,98841
4,1695059120977,24,2742,98865
4,1695059120977,17,2734,98882
4,1695059120977,20,2734,98902
4,1695059120977,20,2730,98922
4,1695059120977,27,2734,98949
4,1695059120977,34,2718,98983
4,1695059120977,20,2718,99003
4,1695059120977,27,2714,99030
4,1695059120977,15,2702,99045
4,1695059120977,18,2702,99063
4,1695059120977,20,2686,99083
4,1695059120977,20,2686,99103
4,1695059120977,17,2686,99120
4,1695059120977,23,2670,99143
4,1695059120977,20,2670,99163
4,1695059120977,23,2654,99186
4,1695059120977,17,2654,99203
4,1695059120977,17,2654,99220
4,1695059120977,20,2646,99240
4,1695059120977,24,2638,99264
4,1695059120977,19,2638,99283
4,1695059120977,20,2638,99303
4,1695059120977,23,2638,99326
4,1695059120977,20,2638,99346
4,1695059120977,18,2638,99364
4,1695059120977,21,2646,99385
4,1695059120977,22,2646,99407
4,1695059120977,20,2646,99427
4,1695059120977,18,2638,99445
4,1695059120977,21,2650,99466
4,1695059120977,23,2646,99489
4,1695059120977,17,2638,99506
4,1695059120977,20,2646,99526
4,1695059120977,20,2644,99546
4,1695059120977,27,2638,99573
4,1695059120977,12,2638,99585
4,1695059120977,21,2646,99606
4,1695059120977,20,2646,99626
4,1695059120977,27,2638,99653
4,1695059120977,15,2622,99668
4,1695059120977,18,2622,99686
4,1695059120977,20,2622,99706
4,1695059120977,41,2622,99747
4,1695059120977,20,2614,99767
4,1695059120977,20,2614,99787
4,1695059120977,24,2598,99811
4,1695059120977,13,2606,99824
4,1695059120977,24,2598,99848
4,1695059120977,36,2606,99884
4,1695059120977,24,2582,99908
4,1695059120977,20,2582,99928
4,1695059120977,20,2558,99948
4,1695059120977,22,2558,99970
4,1695059120977,18,2558,99988
4,1695059120977,20,2558,100008
4,1695059120977,24,2558,100032
4,1695059120977,20,2558,100052
4,1695059120977,14,2558,100066
4,1695059120977,20,2558,100086
4,1695059120977,26,2558,100112
4,1695059120977,18,2558,100130
4,1695059120977,20,2558,100150
4,1695059120977,20,2558,100170
4,1695059120977,27,2558,100197
4,1695059120977,15,2558,100212
4,1695059120977,15,2582,100227
4,1695059120977,20,2558,100247
4,1695059120977,30,2582,100277
4,1695059120977,15,2582,100292
4,1695059120977,18,2582,100310
4,1695059120977,20,2558,100330
4,1695059120977,41,2558,100371
4,1695059120977,20,2558,100391
4,1695059120977,20,2558,100411
4,1695059120977,24,2582,100435
4,1695059120977,16,2558,100451
4,1695059120977,20,2558,100471
4,1695059120977,20,2558,100491
4,1695059120977,23,2558,100514
4,1695059120977,18,2558,100532
4,1695059120977,20,2558,100552
4,1695059120977,20,2558,100572
4,1695059120977,22,2550,100594
4,1695059120977,19,2542,100613
4,1695059120977,34,2542,100647
4,1695059120977,13,2542,100660
4,1695059120977,15,2526,100675
4,1695059120977,18,2526,100693
4,1695059120977,20,2526,100713
4,1695059120977,24,2518,100737
4,1695059120977,17,2510,100754
4,1695059120977,20,2518,100774
4,1695059120977,20,2510,100794
4,1695059120977,27,2510,100821
4,1695059120977,15,2518,100836
4,1695059120977,18,2510,100854
4,1695059120977,20,2526,100874
4,1695059120977,27,2526,100901
4,1695059120977,15,2542,100916
4,1695059120977,18,2550,100934
4,1695059120977,20,2542,100954
4,1695059120977,41,2542,100995
4,1695059120977,20,2558,101015
4,1695059120977,20,2550,101035
4,1695059120977,21,2550,101056
4,1695059120977,16,2550,101072
4,1695059120977,23,2550,101095
4,1695059120977,20,2558,101115
4,1695059120977,22,2550,101137
4,1695059120977,18,2550,101155
4,1695059120977,20,2542,101175
4,1695059120977,20,2550,101195
4,1695059120977,20,2550,101215
4,1695059120977,20,2542,101235
4,1695059120977,20,2542,101255
4,1695059120977,23,2550,101278
4,1695059120977,20,2542,101298
4,1695059120977,18,2542,101316
4,1695059120977,20,2542,101336
4,1695059120977,23,2526,101359
4,1695059120977,17,2542,101376
4,1695059120977,20,2542,101396
4,1695059120977,20,2510,101416
4,1695059120977,27,2526,101443
4,1695059120977,15,2522,101458
4,1695059120977,19,2516,101477
4,1695059120977,36,2510,101513
4,1695059120977,19,2510,101532
4,1695059120977,10,2494,101542
4,1695059120977,15,2494,101557
4,1695059120977,18,2518,101575
4,1695059120977,27,2526,101602
4,1695059120977,15,2526,101617
4,1695059120977,18,2554,101635
4,1695059120977,20,2550,101655
4,1695059120977,41,2558,101696
4,1695059120977,20,2558,101716
4,1695059120977,20,2590,101736
4,1695059120977,22,2590,101758
4,1695059120977,18,2606,101776
4,1695059120977,20,2602,101796
4,1695059120977,20,2606,101816
4,1695059120977,22,2606,101838
4,1695059120977,18,2606,101856
4,1695059120977,20,2614,101876
4,1695059120977,23,2618,101899
4,1695059120977,20,2622,101919
4,1695059120977,18,2622,101937
4,1695059120977,20,2622,101957
4,1695059120977,23,2622,101980
4,1695059120977,17,2622,101997
4,1695059120977,20,2622,102017
4,1695059120977,20,2622,102037
4,1695059120977,23,2622,102060
4,1695059120977,17,2618,102077
4,1695059120977,20,2622,102097
4,1695059120977,20,2622,102117
4,1695059120977,27,2622,102144
4,1695059120977,16,2606,102160
4,1695059120977,34,2614,102194
4,1695059120977,31,2602,102225
4,1695059120977,15,2606,102240
4,1695059120977,18,2606,102258
4,1695059120977,20,2606,102278
4,1695059120977,41,2606,102319
4,1695059120977,21,2622,102340
4,1695059120977,20,2622,102360
4,1695059120977,22,2646,102382
4,1695059120977,18,2654,102400
4,1695059120977,20,2670,102420
4,1695059120977,20,2670,102440
4,1695059120977,22,2670,102462
4,1695059120977,18,2678,102480
4,1695059120977,20,2678,102500
4,1695059120977,23,2678,102523
4,1695059120977,20,2686,102543
4,1695059120977,18,2686,102561
4,1695059120977,20,2686,102581
4,1695059120977,23,2686,102604
4,1695059120977,17,2702,102621
4,1695059120977,20,2702,102641
4,1695059120977,20,2686,102661
4,1695059120977,23,2702,102684
4,1695059120977,18,2710,102702
4,1695059120977,20,2710,102722
4,1695059120977,20,2710,102742
4,1695059120977,28,2710,102770
4,1695059120977,15,2710,102785
4,1695059120977,17,2702,102802
4,1695059120977,20,2686,102822
4,1695059120977,27,2702,102849
4,1695059120977,16,2686,102865
4,1695059120977,34,2686,102899
4,1695059120977,45,2686,102944
4,1695059120977,20,2670,102964
4,1695059120977,20,2666,102984
4,1695059120977,23,2654,103007
4,1695059120977,17,2670,103024
4,1695059120977,20,2670,103044
4,1695059120977,20,2686,103064
4,1695059120977,23,2702,103087
4,1695059120977,17,2702,103104
4,1695059120977,20,2718,103124
4,1695059120977,23,2718,103147
4,1695059120977,20,2734,103167
4,1695059120977,18,2734,103185
4,1695059120977,20,2742,103205
4,1695059120977,22,2750,103227
4,1695059120977,18,2742,103245
4,1695059120977,20,2742,103265
4,1695059120977,20,2750,103285
4,1695059120977,21,2750,103306
4,1695059120977,19,2750,103325
4,1695059120977,20,2750,103345
4,1695059120977,20,2750,103365
4,1695059120977,27,2750,103392
4,1695059120977,16,2750,103408
4,1695059120977,18,2750,103426
4,1695059120977,21,2750,103447
4,1695059120977,26,2766,103473
4,1695059120977,16,2766,103489
4,1695059120977,18,2750,103507
4,1695059120977,20,2750,103527
4,1695059120977,41,2742,103568
4,1695059120977,20,2750,103588
4,1695059120977,20,2750,103608
4,1695059120977,23,2750,103631
4,1695059120977,17,2742,103648
4,1695059120977,21,2734,103669
4,1695059120977,41,2718,103710
4,1695059120977,20,2726,103730
4,1695059120977,20,2718,103750
4,1695059120977,23,2726,103773
4,1695059120977,20,2734,103793
4,1695059120977,18,2750,103811
4,1695059120977,20,2766,103831
4,1695059120977,23,2782,103854
4,1695059120977,17,2798,103871
4,1695059120977,20,2806,103891
4,1695059120977,20,2810,103911
4,1695059120977,23,2814,103934
4,1695059120977,17,2814,103951
4,1695059120977,20,2814,103971
4,1695059120977,21,2814,103992
4,1695059120977,26,2814,104018
4,1695059120977,16,2830,104034
4,1695059120977,18,2814,104052
4,1695059120977,20,2814,104072
4,1695059120977,28,2846,104100
4,1695059120977,16,2846,104116
4,1695059120977,17,2846,104133
4,1695059120977,20,2846,104153
4,1695059120977,41,2846,104194
4,1695059120977,20,2862,104214
4,1695059120977,20,2846,104234
4,1695059120977,23,2862,104257
4,1695059120977,17,2846,104274
4,1695059120977,20,2854,104294
4,1695059120977,20,2846,104314
4,1695059120977,22,2838,104336
4,1695059120977,18,2846,104354
4,1695059120977,34,2838,104388
4,1695059120977,13,2838,104401
4,1695059120977,16,2838,104417
4,1695059120977,17,2814,104434
4,1695059120977,20,2814,104454
4,1695059120977,23,2814,104477
4,1695059120977,20,2814,104497
4,1695059120977,18,2846,104515
4,1695059120977,20,2846,104535
4,1695059120977,23,2862,104558
4,1695059120977,17,2878,104575
4,1695059120977,20,2906,104595
4,1695059120977,20,2926,104615
4,1695059120977,28,2926,104643
4,1695059120977,16,2942,104659
4,1695059120977,17,2942,104676
4,1695059120977,20,2966,104696
4,1695059120977,27,2942,104723
4,1695059120977,16,2974,104739
4,1695059120977,18,2974,104757
4,1695059120977,20,2990,104777
4,1695059120977,41,2982,104818
4,1695059120977,20,2998,104838
4,1695059120977,20,3002,104858
4,1695059120977,24,3006,104882
4,1695059120977,17,3006,104899
4,1695059120977,20,3030,104919
4,1695059120977,20,3006,104939
4,1695059120977,23,3022,104962
4,1695059120977,18,3038,104980
4,1695059120977,20,3030,105000
4,1695059120977,24,3030,105024
4,1695059120977,20,3030,105044
4,1695059120977,17,3038,105061
4,1695059120977,34,3030,105095
4,1695059120977,22,3022,105117
4,1695059120977,11,3006,105128
4,1695059120977,16,3006,105144
4,1695059120977,18,3006,105162
4,1695059120977,23,3006,105185
4,1695059120977,18,3022,105203
4,1695059120977,20,3006,105223
4,1695059120977,20,3006,105243
4,1695059120977,27,3006,105270
4,1695059120977,16,3006,105286
4,1695059120977,18,3030,105304
4,1695059120977,20,3054,105324
4,1695059120977,27,3054,105351
4,1695059120977,16,3070,105367
4,1695059120977,18,3070,105385
4,1695059120977,20,3114,105405
4,1695059120977,41,3118,105446
4,1695059120977,20,3134,105466
4,1695059120977,20,3134,105486
4,1695059120977,41,3166,105527
4,1695059120977,20,3162,105547
4,1695059120977,20,3166,105567
4,1695059120977,23,3182,105590
4,1695059120977,18,3182,105608
4,1695059120977,20,3182,105628
4,1695059120977,20,3190,105648
4,1695059120977,23,3190,105671
4,1695059120977,17,3190,105688
4,1695059120977,20,3182,105708
4,1695059120977,23,3182,105731
4,1695059120977,20,3190,105751
4,1695059120977,18,3182,105769
4,1695059120977,20,3182,105789
4,1695059120977,24,3178,105813
4,1695059120977,34,3166,105847
4,1695059120977,23,3166,105870
4,1695059120977,27,3158,105897
4,1695059120977,16,3158,105913
4,1695059120977,18,3158,105931
4,1695059120977,20,3150,105951
4,1695059120977,28,3150,105979
4,1695059120977,16,3134,105995
4,1695059120977,17,3134,106012
4,1695059120977,20,3134,106032
4,1695059120977,27,3134,106059
4,1695059120977,16,3134,106075
4,1695059120977,18,3158,106093
4,1695059120977,20,3182,106113
4,1695059120977,41,3198,106154
4,1695059120977,20,3214,106174
4,1695059120977,20,3230,106194
4,1695059120977,23,3246,106217
4,1695059120977,18,3246,106235
4,1695059120977,20,3262,106255
4,1695059120977,20,3262,106275
4,1695059120977,23,3262,106298
4,1695059120977,18,3286,106316
4,1695059120977,20,3278,106336
4,1695059120977,23,3290,106359
4,1695059120977,20,3286,106379
4,1695059120977,18,3294,106397
4,1695059120977,20,3294,106417
4,1695059120977,22,3310,106439
4,1695059120977,17,3310,106456
4,1695059120977,20,3310,106476
4,1695059120977,20,3310,106496
4,1695059120977,23,3294,106519
4,1695059120977,17,3310,106536
4,1695059120977,20,3294,106556
4,1695059120977,20,3294,106576
4,1695059120977,34,3294,106610
4,1695059120977,29,3294,106639
4,1695059120977,19,3294,106658
4,1695059120977,27,3294,106685
4,1695059120977,16,3286,106701
4,1695059120977,18,3294,106719
4,1695059120977,20,3294,106739
4,1695059120977,41,3262,106780
4,1695059120977,20,3262,106800
4,1695059120977,20,3262,106820
4,1695059120977,23,3262,106843
4,1695059120977,18,3262,106861
4,1695059120977,20,3262,106881
4,1695059120977,20,3294,106901
4,1695059120977,23,3306,106924
4,1695059120977,18,3326,106942
4,1695059120977,20,3326,106962
4,1695059120977,23,3326,106985
4,1695059120977,20,3326,107005
4,1695059120977,18,3350,107023
4,1695059120977,20,3358,107043
4,1695059120977,23,3358,107066
4,1695059120977,18,3358,107084
4,1695059120977,20,3374,107104
4,1695059120977,20,3354,107124
4,1695059120977,24,3358,107148
4,1695059120977,17,3374,107165
4,1695059120977,20,3366,107185
4,1695059120977,20,3374,107205
4,1695059120977,27,3370,107232
4,1695059120977,16,3374,107248
4,1695059120977,18,3374,107266
4,1695059120977,20,3374,107286
4,1695059120977,27,3374,107313
4,1695059120977,16,3370,107329
4,1695059120977,18,3358,107347
4,1695059120977,20,3358,107367
4,1695059120977,41,3350,107408
4,1695059120977,20,3358,107428
4,1695059120977,21,3350,107449
4,1695059120977,35,3326,107484
4,1695059120977,11,3326,107495
4,1695059120977,16,3326,107511
4,1695059120977,18,3326,107529
4,1695059120977,23,3318,107552
4,1695059120977,17,3310,107569
4,1695059120977,20,3294,107589
4,1695059120977,23,3294,107612
4,1695059120977,20,3294,107632
4,1695059120977,18,3310,107650
4,1695059120977,20,3318,107670
4,1695059120977,23,3326,107693
4,1695059120977,17,3326,107710
4,1695059120977,20,3326,107730
4,1695059120977,20,3358,107750
4,1695059120977,23,3374,107773
4,1695059120977,17,3382,107790
4,1695059120977,20,3382,107810
4,1695059120977,20,3374,107830
4,1695059120977,27,3390,107857
4,1695059120977,16,3386,107873
4,1695059120977,18,3382,107891
4,1695059120977,20,3390,107911
4,1695059120977,27,3390,107938
4,1695059120977,16,3390,107954
4,1695059120977,17,3390,107971
4,1695059120977,20,3406,107991
4,1695059120977,41,3390,108032
4,1695059120977,20,3390,108052
4,1695059120977,20,3390,108072
4,1695059120977,23,3386,108095
4,1695059120977,17,3390,108112
4,1695059120977,20,3390,108132
4,1695059120977,20,3390,108152
4,1695059120977,23,3374,108175
4,1695059120977,34,3358,108209
4,1695059120977,26,3358,108235
4,1695059120977,20,3358,108255
4,1695059120977,18,3358,108273
4,1695059120977,20,3326,108293
4,1695059120977,23,3326,108316
4,1695059120977,17,3322,108333
4,1695059120977,20,3310,108353
4,1695059120977,20,3294,108373
4,1695059120977,23,3294,108396
4,1695059120977,18,3310,108414
4,1695059120977,20,3310,108434
4,1695059120977,20,3310,108454
4,1695059120977,28,3326,108482
4,1695059120977,16,3326,108498
4,1695059120977,17,3350,108515
4,1695059120977,21,3358,108536
4,1695059120977,26,3358,108562
4,1695059120977,16,3374,108578
4,1695059120977,18,3374,108596
4,1695059120977,20,3374,108616
4,1695059120977,41,3374,108657
4,1695059120977,20,3390,108677
4,1695059120977,20,3390,108697
4,1695059120977,24,3390,108721
4,1695059120977,17,3390,108738
4,1695059120977,20,3390,108758
4,1695059120977,20,3390,108778
4,1695059120977,23,3390,108801
4,1695059120977,17,3390,108818
4,1695059120977,20,3390,108838
4,1695059120977,23,3390,108861
4,1695059120977,20,3390,108881
4,1695059120977,17,3390,108898
4,1695059120977,20,3390,108918
4,1695059120977,23,3382,108941
4,1695059120977,17,3374,108958
4,1695059120977,20,3374,108978
4,1695059120977,21,3374,108999
4,1695059120977,41,3358,109040
4,1695059120977,19,3358,109059
4,1695059120977,20,3350,109079
4,1695059120977,27,3350,109106
4,1695059120977,16,3350,109122
4,1695059120977,18,3350,109140
4,1695059120977,20,3350,109160
4,1695059120977,27,3326,109187
4,1695059120977,16,3326,109203
4,1695059120977,18,3326,109221
4,1695059120977,20,3350,109241
4,1695059120977,41,3374,109282
4,1695059120977,20,3390,109302
4,1695059120977,20,3406,109322
4,1695059120977,24,3406,109346
4,1695059120977,16,3414,109362
4,1695059120977,21,3422,109383
4,1695059120977,20,3422,109403
4,1695059120977,23,3422,109426
4,1695059120977,18,3422,109444
4,1695059120977,20,3438,109464
4,1695059120977,24,3438,109488
4,1695059120977,20,3438,109508
4,1695059120977,16,3422,109524
4,1695059120977,20,3438,109544
4,1695059120977,21,3438,109565
4,1695059120977,19,3438,109584
4,1695059120977,20,3438,109604
4,1695059120977,20,3438,109624
4,1695059120977,23,3438,109647
4,1695059120977,18,3438,109665
4,1695059120977,20,3422,109685
4,1695059120977,20,3422,109705
4,1695059120977,27,3422,109732
4,1695059120977,16,3422,109748
4,1695059120977,18,3422,109766
4,1695059120977,37,3418,109803
4,1695059120977,20,3414,109823
4,1695059120977,16,3422,109839
4,1695059120977,11,3414,109850
4,1695059120977,16,3406,109866
4,1695059120977,41,3390,109907
4,1695059120977,20,3386,109927
4,1695059120977,20,3374,109947
4,1695059120977,24,3374,109971
4,1695059120977,16,3374,109987
4,1695059120977,20,3382,110007
4,1695059120977,20,3390,110027
4,1695059120977,23,3406,110050
4,1695059120977,17,3422,110067
4,1695059120977,20,3438,110087
4,1695059120977,20,3446,110107
4,1695059120977,23,3454,110130
4,1695059120977,17,3454,110147
4,1695059120977,20,3478,110167
4,1695059120977,23,3498,110190
4,1695059120977,20,3498,110210
4,1695059120977,17,3486,110227
4,1695059120977,20,3502,110247
4,1695059120977,23,3502,110270
4,1695059120977,17,3502,110287
4,1695059120977,20,3518,110307
4,1695059120977,20,3518,110327
4,1695059120977,27,3510,110354
4,1695059120977,16,3518,110370
4,1695059120977,17,3518,110387
4,1695059120977,20,3534,110407
4,1695059120977,27,3518,110434
4,1695059120977,16,3518,110450
4,1695059120977,18,3518,110468
4,1695059120977,20,3518,110488
4,1695059120977,27,3518,110515
4,1695059120977,17,3502,110532
4,1695059120977,36,3510,110568
4,1695059120977,41,3486,110609
4,1695059120977,20,3486,110629
4,1695059120977,20,3486,110649
4,1695059120977,23,3478,110672
4,1695059120977,17,3470,110689
4,1695059120977,20,3454,110709
4,1695059120977,20,3470,110729
4,1695059120977,23,3454,110752
4,1695059120977,17,3454,110769
4,1695059120977,20,3454,110789
4,1695059120977,23,3474,110812
4,1695059120977,20,3502,110832
4,1695059120977,17,3502,110849
4,1695059120977,20,3518,110869
4,1695059120977,22,3518,110891
4,1695059120977,18,3518,110909
4,1695059120977,20,3534,110929
4,1695059120977,20,3518,110949
4,1695059120977,23,3542,110972
4,1695059120977,17,3542,110989
4,1695059120977,20,3542,111009
4,1695059120977,20,3534,111029
4,1695059120977,27,3550,111056
4,1695059120977,16,3542,111072
4,1695059120977,18,3542,111090
4,1695059120977,20,3542,111110
4,1695059120977,28,3542,111138
4,1695059120977,16,3542,111154
4,1695059120977,16,3550,111170
4,1695059120977,20,3550,111190
4,1695059120977,41,3542,111231
4,1695059120977,20,3542,111251
4,1695059120977,20,3534,111271
4,1695059120977,23,3542,111294
4,1695059120977,18,3534,111312
4,1695059120977,34,3534,111346
4,1695059120977,19,3534,111365
4,1695059120977,11,3534,111376
4,1695059120977,37,3518,111413
4,1695059120977,23,3518,111436
4,1695059120977,20,3518,111456
4,1695059120977,17,3518,111473
4,1695059120977,20,3510,111493
4,1695059120977,23,3510,111516
4,1695059120977,18,3502,111534
4,1695059120977,20,3518,111554
4,1695059120977,20,3518,111574
4,1695059120977,23,3542,111597
4,1695059120977,17,3550,111614
4,1695059120977,20,3566,111634
4,1695059120977,20,3566,111654
4,1695059120977,27,3582,111681
4,1695059120977,16,3582,111697
4,1695059120977,17,3582,111714
4,1695059120977,20,3582,111734
4,1695059120977,21,3582,111755
4,1695059120977,19,3582,111774
4,1695059120977,20,3582,111794
4,1695059120977,20,3582,111814
4,1695059120977,41,3582,111855
4,1695059120977,20,3582,111875
4,1695059120977,20,3606,111895
4,1695059120977,23,3582,111918
4,1695059120977,17,3582,111935
4,1695059120977,20,3582,111955
4,1695059120977,20,3582,111975
4,1695059120977,23,3582,111998
4,1695059120977,17,3582,112015
4,1695059120977,20,3582,112035
4,1695059120977,23,3582,112058
4,1695059120977,20,3582,112078
4,1695059120977,17,3566,112095
4,1695059120977,20,3566,112115
4,1695059120977,23,3550,112138
4,1695059120977,18,3550,112156
4,1695059120977,20,3542,112176
4,1695059120977,37,3542,112213
4,1695059120977,20,3518,112233
4,1695059120977,16,3518,112249
4,1695059120977,11,3518,112260
4,1695059120977,16,3510,112276
4,1695059120977,26,3502,112302
4,1695059120977,16,3502,112318
4,1695059120977,18,3518,112336
4,1695059120977,20,3518,112356
4,1695059120977,27,3534,112383
4,1695059120977,16,3550,112399
4,1695059120977,17,3566,112416
4,1695059120977,20,3550,112436
4,1695059120977,41,3574,112477
4,1695059120977,20,3566,112497
4,1695059120977,20,3578,112517
4,1695059120977,23,3582,112540
4,1695059120977,17,3574,112557
4,1695059120977,20,3578,112577
4,1695059120977,20,3582,112597
4,1695059120977,23,3582,112620
4,1695059120977,17,3566,112637
4,1695059120977,20,3566,112657
4,1695059120977,23,3566,112680
4,1695059120977,20,3582,112700
4,1695059120977,17,3566,112717
4,1695059120977,20,3550,112737
4,1695059120977,23,3550,112760
4,1695059120977,17,3550,112777
4,1695059120977,20,3542,112797
4,1695059120977,20,3518,112817
4,1695059120977,23,3518,112840
4,1695059120977,34,3514,112874
4,1695059120977,23,3502,112897
4,1695059120977,27,3486,112924
4,1695059120977,16,3478,112940
4,1695059120977,17,3486,112957
4,1695059120977,20,3454,112977
4,1695059120977,27,3454,113004
4,1695059120977,16,3446,113020
4,1695059120977,17,3454,113037
4,1695059120977,21,3422,113058
4,1695059120977,40,3438,113098
4,1695059120977,20,3454,113118
4,1695059120977,20,3454,113138
4,1695059120977,24,3454,113162
4,1695059120977,17,3486,113179
4,1695059120977,20,3486,113199
4,1695059120977,20,3486,113219
4,1695059120977,23,3502,113242
4,1695059120977,17,3502,113259
4,1695059120977,20,3502,113279
4,1695059120977,23,3518,113302
4,1695059120977,20,3510,113322
4,1695059120977,17,3518,113339
4,1695059120977,20,3518,113359
4,1695059120977,23,3510,113382
4,1695059120977,17,3518,113399
4,1695059120977,20,3518,113419
4,1695059120977,20,3510,113439
4,1695059120977,23,3510,113462
4,1695059120977,17,3510,113479
4,1695059120977,20,3518,113499
4,1695059120977,20,3510,113519
4,1695059120977,27,3514,113546
4,1695059120977,17,3510,113563
4,1695059120977,34,3486,113597
4,1695059120977,31,3486,113628
4,1695059120977,16,3486,113644
4,1695059120977,16,3486,113660
4,1695059120977,20,3478,113680
4,1695059120977,41,3454,113721
4,1695059120977,20,3454,113741
4,1695059120977,20,3454,113761
4,1695059120977,24,3454,113785
4,1695059120977,16,3438,113801
4,1695059120977,21,3438,113822
4,1695059120977,20,3438,113842
4,1695059120977,20,3438,113862
4,1695059120977,20,3446,113882
4,1695059120977,20,3454,113902
4,1695059120977,23,3454,113925
4,1695059120977,20,3486,113945
4,1695059120977,18,3486,113963
4,1695059120977,20,3494,113983
4,1695059120977,23,3502,114006
4,1695059120977,20,3502,114026
4,1695059120977,17,3502,114043
4,1695059120977,20,3502,114063
4,1695059120977,23,3486,114086
4,1695059120977,17,3502,114103
4,1695059120977,20,3486,114123
4,1695059120977,20,3486,114143
4,1695059120977,27,3494,114170
4,1695059120977,17,3486,114187
4,1695059120977,17,3498,114204
4,1695059120977,20,3486,114224
4,1695059120977,33,3502,114257
4,1695059120977,11,3486,114268
4,1695059120977,16,3486,114284
4,1695059120977,20,3470,114304
4,1695059120977,41,3478,114345
4,1695059120977,20,3454,114365
4,1695059120977,20,3454,114385
4,1695059120977,24,3454,114409
4,1695059120977,37,3454,114446
4,1695059120977,37,3434,114483
4,1695059120977,23,3438,114506
4,1695059120977,20,3422,114526
4,1695059120977,23,3418,114549
4,1695059120977,21,3414,114570
4,1695059120977,17,3406,114587
4,1695059120977,20,3414,114607
4,1695059120977,24,3422,114631
4,1695059120977,21,3434,114652
4,1695059120977,16,3438,114668
4,1695059120977,20,3438,114688
4,1695059120977,23,3454,114711
4,1695059120977,18,3454,114729
4,1695059120977,20,3446,114749
4,1695059120977,20,3438,114769
4,1695059120977,27,3454,114796
4,1695059120977,16,3446,114812
4,1695059120977,17,3438,114829
4,1695059120977,20,3438,114849
4,1695059120977,27,3438,114876
4,1695059120977,16,3438,114892
4,1695059120977,17,3422,114909
4,1695059120977,21,3422,114930
4,1695059120977,27,3422,114957
4,1695059120977,16,3422,114973
4,1695059120977,17,3422,114990
4,1695059120977,20,3422,115010
4,1695059120977,41,3390,115051
4,1695059120977,20,3374,115071
4,1695059120977,20,3382,115091
4,1695059120977,23,3370,115114
4,1695059120977,17,3374,115131
4,1695059120977,20,3326,115151
4,1695059120977,20,3326,115171
4,1695059120977,23,3326,115194
4,1695059120977,18,3326,115212
4,1695059120977,35,3318,115247
4,1695059120977,23,3310,115270
4,1695059120977,16,3294,115286
4,1695059120977,12,3294,115298
4,1695059120977,16,3278,115314
4,1695059120977,21,3262,115335
4,1695059120977,17,3262,115352
4,1695059120977,20,3262,115372
4,1695059120977,20,3278,115392
4,1695059120977,23,3294,115415
4,1695059120977,17,3294,115432
4,1695059120977,20,3294,115452
4,1695059120977,20,3310,115472
4,1695059120977,27,3310,115499
4,1695059120977,16,3326,115515
4,1695059120977,17,3310,115532
4,1695059120977,20,3326,115552
4,1695059120977,27,3318,115579
4,1695059120977,16,3326,115595
4,1695059120977,17,3326,115612
4,1695059120977,20,3310,115632
4,1695059120977,41,3310,115673
4,1695059120977,20,3310,115693
4,1695059120977,20,3322,115713
4,1695059120977,23,3310,115736
4,1695059120977,17,3318,115753
4,1695059120977,21,3310,115774
4,1695059120977,20,3310,115794
4,1695059120977,23,3294,115817
4,1695059120977,17,3306,115834
4,1695059120977,20,3286,115854
4,1695059120977,24,3286,115878
4,1695059120977,21,3294,115899
4,1695059120977,37,3278,115936
4,1695059120977,41,3262,115977
4,1695059120977,19,3246,115996
4,1695059120977,20,3246,116016
4,1695059120977,22,3230,116038
4,1695059120977,19,3230,116057
4,1695059120977,20,3214,116077
4,1695059120977,20,3214,116097
4,1695059120977,27,3222,116124
4,1695059120977,16,3214,116140
4,1695059120977,17,3222,116157
4,1695059120977,20,3222,116177
4,1695059120977,27,3230,116204
4,1695059120977,16,3230,116220
4,1695059120977,17,3246,116237
4,1695059120977,20,3246,116257
4,1695059120977,41,3254,116298
4,1695059120977,20,3254,116318
4,1695059120977,20,3246,116338
4,1695059120977,23,3246,116361
4,1695059120977,17,3254,116378
4,1695059120977,20,3246,116398
4,1695059120977,20,3230,116418
4,1695059120977,23,3230,116441
4,1695059120977,17,3246,116458
4,1695059120977,20,3246,116478
4,1695059120977,23,3238,116501
4,1695059120977,21,3246,116522
4,1695059120977,17,3230,116539
4,1695059120977,20,3242,116559
4,1695059120977,23,3230,116582
4,1695059120977,18,3222,116600
4,1695059120977,20,3230,116620
4,1695059120977,20,3222,116640
4,1695059120977,23,3214,116663
4,1695059120977,18,3214,116681
4,1695059120977,20,3198,116701
4,1695059120977,37,3198,116738
4,1695059120977,20,3190,116758
4,1695059120977,17,3190,116775
4,1695059120977,11,3182,116786
4,1695059120977,16,3182,116802
4,1695059120977,24,3166,116826
4,1695059120977,16,3166,116842
4,1695059120977,17,3166,116859
4,1695059120977,20,3182,116879
4,1695059120977,41,3178,116920
4,1695059120977,20,3182,116940
4,1695059120977,20,3190,116960
4,1695059120977,23,3198,116983
4,1695059120977,17,3198,117000
4,1695059120977,20,3198,117020
4,1695059120977,20,3198,117040
4,1695059120977,23,3198,117063
4,1695059120977,17,3214,117080
4,1695059120977,20,3198,117100
4,1695059120977,23,3214,117123
4,1695059120977,21,3214,117144
4,1695059120977,16,3214,117160
4,1695059120977,20,3214,117180
4,1695059120977,24,3222,117204
4,1695059120977,16,3214,117220
4,1695059120977,20,3214,117240
4,1695059120977,20,3198,117260
4,1695059120977,23,3198,117283
4,1695059120977,18,3198,117301
4,1695059120977,20,3198,117321
4,1695059120977,20,3198,117341
4,1695059120977,27,3198,117368
4,1695059120977,16,3198,117384
4,1695059120977,17,3190,117401
4,1695059120977,20,3182,117421
4,1695059120977,27,3182,117448
4,1695059120977,16,3166,117464
4,1695059120977,18,3166,117482
4,1695059120977,33,3166,117515
4,1695059120977,28,3158,117543
4,1695059120977,20,3150,117563
4,1695059120977,21,3134,117584
4,1695059120977,23,3134,117607
4,1695059120977,37,3150,117644
4,1695059120977,20,3158,117664
4,1695059120977,23,3166,117687
4,1695059120977,17,3166,117704
4,1695059120977,20,3166,117724
4,1695059120977,23,3182,117747
4,1695059120977,21,3182,117768
4,1695059120977,17,3166,117785
4,1695059120977,20,3178,117805
4,1695059120977,23,3178,117828
4,1695059120977,17,3178,117845
4,1695059120977,20,3166,117865
4,1695059120977,20,3166,117885
4,1695059120977,23,3166,117908
4,1695059120977,17,3166,117925
4,1695059120977,20,3166,117945
4,1695059120977,20,3158,117965
4,1695059120977,27,3166,117992
4,1695059120977,17,3158,118009
4,1695059120977,17,3156,118026
4,1695059120977,20,3150,118046
4,1695059120977,27,3134,118073
4,1695059120977,17,3134,118090
4,1695059120977,17,3134,118107
4,1695059120977,20,3118,118127
4,1695059120977,41,3118,118168
4,1695059120977,20,3110,118188
4,1695059120977,20,3102,118208
4,1695059120977,21,3070,118229
4,1695059120977,35,3070,118264
4,1695059120977,25,3070,118289
4,1695059120977,23,3070,118312
4,1695059120977,17,3062,118329
4,1695059120977,20,3054,118349
4,1695059120977,24,3054,118373
4,1695059120977,21,3054,118394
4,1695059120977,17,3054,118411
4,1695059120977,20,3070,118431
4,1695059120977,23,3070,118454
4,1695059120977,17,3070,118471
4,1695059120977,21,3070,118492
4,1695059120977,20,3070,118512
4,1695059120977,23,3070,118535
4,1695059120977,18,3070,118553
4,1695059120977,20,3070,118573
4,1695059120977,20,3066,118593
4,1695059120977,27,3070,118620
4,1695059120977,17,3066,118637
4,1695059120977,17,3054,118654
4,1695059120977,20,3054,118674
4,1695059120977,27,3062,118701
4,1695059120977,17,3038,118718
4,1695059120977,17,3038,118735
4,1695059120977,20,3038,118755
4,1695059120977,41,3030,118796
4,1695059120977,20,3022,118816
4,1695059120977,20,3006,118836
4,1695059120977,41,2990,118877
4,1695059120977,20,2990,118897
4,1695059120977,20,2998,118917
4,1695059120977,24,2990,118941
4,1695059120977,17,2982,118958
4,1695059120977,20,2974,118978
4,1695059120977,23,2974,119001
4,1695059120977,21,2966,119022
4,1695059120977,37,2942,119059
4,1695059120977,23,2966,119082
4,1695059120977,21,2966,119103
4,1695059120977,17,2942,119120
4,1695059120977,20,2970,119140
4,1695059120977,23,2986,119163
4,1695059120977,17,2990,119180
4,1695059120977,21,3006,119201
4,1695059120977,38,2990,119239
4,1695059120977,21,3006,119260
4,1695059120977,17,2998,119277
4,1695059120977,11,2990,119288
4,1695059120977,17,2974,119305
4,1695059120977,24,2966,119329
4,1695059120977,17,2942,119346
4,1695059120977,17,2934,119363
4,1695059120977,20,2902,119383
4,1695059120977,41,2878,119424
4,1695059120977,20,2862,119444
4,1695059120977,20,2862,119464
4,1695059120977,41,2838,119505
4,1695059120977,20,2814,119525
4,1695059120977,20,2814,119545
4,1695059120977,24,2814,119569
4,1695059120977,17,2798,119586
4,1695059120977,20,2798,119606
4,1695059120977,23,2782,119629
4,1695059120977,21,2774,119650
4,1695059120977,17,2750,119667
4,1695059120977,20,2766,119687
4,1695059120977,23,2750,119710
4,1695059120977,21,2734,119731
4,1695059120977,17,2726,119748
4,1695059120977,20,2718,119768
4,1695059120977,23,2710,119791
4,1695059120977,18,2686,119809
4,1695059120977,20,2702,119829
4,1695059120977,20,2702,119849
4,1695059120977,23,2710,119872
4,1695059120977,17,2710,119889
4,1695059120977,20,2710,119909
4,1695059120977,21,2718,119930
4,1695059120977,41,2734,119971
4,1695059120977,19,2750,119990
4,1695059120977,20,2750,120010
4,1695059120977,27,2766,120037
4,1695059120977,17,2766,120054
4,1695059120977,17,2766,120071
4,1695059120977,20,2766,120091
4,1695059120977,41,2750,120132
4,1695059120977,20,2750,120152
4,1695059120977,20,2774,120172
4,1695059120977,24,2766,120196
4,1695059120977,17,2750,120213
4,1695059120977,19,2766,120232
4,1695059120977,20,2766,120252
4,1695059120977,24,2750,120276
4,1695059120977,17,2750,120293
4,1695059120977,21,2750,120314
4,1695059120977,22,2750,120336
4,1695059120977,21,2750,120357
4,1695059120977,17,2750,120374
4,1695059120977,20,2750,120394
4,1695059120977,21,2750,120415
4,1695059120977,19,2750,120434
4,1695059120977,21,2742,120455
4,1695059120977,38,2734,120493
4,1695059120977,21,2734,120514
4,1695059120977,17,2726,120531
4,1695059120977,25,2726,120556
4,1695059120977,27,2718,120583
4,1695059120977,17,2718,120600
4,1695059120977,17,2718,120617
4,1695059120977,20,2734,120637
4,1695059120977,33,2734,120670
4,1695059120977,12,2734,120682
4,1695059120977,17,2742,120699
4,1695059120977,19,2746,120718
4,1695059120977,41,2734,120759
4,1695059120977,20,2734,120779
4,1695059120977,20,2734,120799
4,1695059120977,24,2730,120823
4,1695059120977,37,2734,120860
4,1695059120977,20,2734,120880
4,1695059120977,24,2734,120904
4,1695059120977,37,2718,120941
4,1695059120977,23,2714,120964
4,1695059120977,21,2718,120985
4,1695059120977,37,2702,121022
4,1695059120977,24,2686,121046
4,1695059120977,17,2702,121063
4,1695059120977,20,2686,121083
4,1695059120977,20,2678,121103
4,1695059120977,23,2670,121126
4,1695059120977,17,2666,121143
4,1695059120977,20,2646,121163
4,1695059120977,21,2646,121184
4,1695059120977,42,2622,121226
4,1695059120977,19,2622,121245
4,1695059120977,20,2614,121265
4,1695059120977,27,2602,121292
4,1695059120977,17,2606,121309
4,1695059120977,17,2598,121326
4,1695059120977,20,2590,121346
4,1695059120977,41,2590,121387
4,1695059120977,20,2582,121407
4,1695059120977,20,2590,121427
4,1695059120977,24,2582,121451
4,1695059120977,37,2558,121488
4,1695059120977,20,2582,121508
4,1695059120977,41,2558,121549
4,1695059120977,20,2558,121569
4,1695059120977,23,2558,121592
4,1695059120977,21,2542,121613
4,1695059120977,17,2550,121630
4,1695059120977,20,2550,121650
4,1695059120977,23,2542,121673
4,1695059120977,18,2542,121691
4,1695059120977,20,2526,121711
4,1695059120977,20,2510,121731
4,1695059120977,23,2518,121754
4,1695059120977,18,2510,121772
4,1695059120977,20,2494,121792
4,1695059120977,20,2494,121812
4,1695059120977,27,2478,121839
4,1695059120977,17,2478,121856
4,1695059120977,17,2454,121873
4,1695059120977,20,2454,121893
4,1695059120977,27,2430,121920
4,1695059120977,17,2430,121937
4,1695059120977,17,2430,121954
4,1695059120977,20,2414,121974
4,1695059120977,41,2398,122015
4,1695059120977,21,2398,122036
4,1695059120977,38,2390,122074
4,1695059120977,23,2390,122097
4,1695059120977,20,2390,122117
4,1695059120977,21,2390,122138
4,1695059120977,23,2394,122161
4,1695059120977,17,2398,122178
4,1695059120977,20,2394,122198
4,1695059120977,24,2390,122222
4,1695059120977,37,2382,122259
4,1695059120977,20,2380,122279
4,1695059120977,23,2378,122302
4,1695059120977,17,2382,122319
4,1695059120977,20,2382,122339
4,1695059120977,21,2366,122360
4,1695059120977,22,2366,122382
4,1695059120977,17,2358,122399
4,1695059120977,20,2358,122419
4,1695059120977,20,2350,122439
4,1695059120977,27,2358,122466
4,1695059120977,17,2358,122483
4,1695059120977,37,2350,122520
4,1695059120977,27,2350,122547
4,1695059120977,17,2334,122564
4,1695059120977,37,2334,122601
4,1695059120977,41,2326,122642
4,1695059120977,20,2302,122662
4,1695059120977,20,2302,122682
4,1695059120977,24,2298,122706
4,1695059120977,37,2286,122743
4,1695059120977,20,2270,122763
4,1695059120977,24,2286,122787
4,1695059120977,37,2294,122824
4,1695059120977,23,2286,122847
4,1695059120977,21,2302,122868
4,1695059120977,37,2302,122905
4,1695059120977,23,2302,122928
4,1695059120977,17,2318,122945
4,1695059120977,20,2302,122965
4,1695059120977,20,2302,122985
4,1695059120977,23,2302,123008
4,1695059120977,17,2302,123025
4,1695059120977,21,2302,123046
4,1695059120977,20,2302,123066
4,1695059120977,43,2302,123109
4,1695059120977,17,2294,123126
4,1695059120977,20,2302,123146
4,1695059120977,27,2294,123173
4,1695059120977,17,2302,123190
4,1695059120977,37,2286,123227
4,1695059120977,41,2286,123268
4,1695059120977,20,2282,123288
4,1695059120977,20,2282,123308
4,1695059120977,24,2286,123332
4,1695059120977,17,2270,123349
4,1695059120977,19,2270,123368
4,1695059120977,20,2262,123388
4,1695059120977,24,2266,123412
4,1695059120977,37,2238,123449
4,1695059120977,23,2238,123472
4,1695059120977,21,2222,123493
4,1695059120977,17,2230,123510
4,1695059120977,20,2230,123530
4,1695059120977,23,2222,123553
4,1695059120977,17,2230,123570
4,1695059120977,20,2238,123590
4,1695059120977,20,2238,123610
4,1695059120977,23,2238,123633
4,1695059120977,18,2262,123651
4,1695059120977,20,2254,123671
4,1695059120977,20,2262,123691
4,1695059120977,27,2262,123718
4,1695059120977,17,2270,123735
4,1695059120977,37,2270,123772
4,1695059120977,33,2270,123805
4,1695059120977,30,2282,123835
4,1695059120977,18,2282,123853
4,1695059120977,27,2282,123880
4,1695059120977,17,2282,123897
4,1695059120977,37,2270,123934
4,1695059120977,41,2270,123975
4,1695059120977,20,2270,123995
4,1695059120977,20,2282,124015
4,1695059120977,24,2286,124039
4,1695059120977,17,2270,124056
4,1695059120977,20,2270,124076
4,1695059120977,23,2266,124099
4,1695059120977,21,2262,124120
4,1695059120977,37,2262,124157
4,1695059120977,23,2254,124180
4,1695059120977,21,2254,124201
4,1695059120977,17,2238,124218
4,1695059120977,19,2238,124237
4,1695059120977,23,2238,124260
4,1695059120977,18,2222,124278
4,1695059120977,20,2222,124298
4,1695059120977,21,2238,124319
4,1695059120977,42,2254,124361
4,1695059120977,18,2238,124379
4,1695059120977,20,2262,124399
4,1695059120977,27,2270,124426
4,1695059120977,17,2286,124443
4,1695059120977,37,2286,124480
4,1695059120977,27,2302,124507
4,1695059120977,17,2298,124524
4,1695059120977,37,2302,124561
4,1695059120977,41,2318,124602
4,1695059120977,20,2318,124622
4,1695059120977,20,2326,124642
4,1695059120977,24,2334,124666
4,1695059120977,17,2350,124683
4,1695059120977,20,2350,124703
4,1695059120977,20,2350,124723
4,1695059120977,20,2366,124743
4,1695059120977,20,2350,124763
4,1695059120977,20,2358,124783
4,1695059120977,23,2358,124806
4,1695059120977,21,2358,124827
4,1695059120977,17,2366,124844
4,1695059120977,20,2358,124864
4,1695059120977,23,2350,124887
4,1695059120977,37,2350,124924
4,1695059120977,20,2346,124944
4,1695059120977,23,2350,124967
4,1695059120977,17,2350,124984
4,1695059120977,20,2350,125004
4,1695059120977,21,2334,125025
4,1695059120977,42,2346,125067
4,1695059120977,18,2334,125085
4,1695059120977,20,2346,125105
4,1695059120977,27,2346,125132
4,1695059120977,17,2350,125149
4,1695059120977,37,2382,125186
4,1695059120977,41,2398,125227
4,1695059120977,20,2414,125247
4,1695059120977,20,2414,125267
4,1695059120977,41,2430,125308
4,1695059120977,20,2430,125328
4,1695059120977,20,2430,125348
4,1695059120977,24,2430,125372
4,1695059120977,17,2446,125389
4,1695059120977,19,2430,125408
4,1695059120977,23,2430,125431
4,1695059120977,21,2430,125452
4,1695059120977,37,2430,125489
4,1695059120977,23,2430,125512
4,1695059120977,17,2430,125529
4,1695059120977,20,2426,125549
4,1695059120977,20,2422,125569
4,1695059120977,23,2430,125592
4,1695059120977,17,2430,125609
4,1695059120977,20,2426,125629
4,1695059120977,20,2430,125649
4,1695059120977,27,2430,125676
4,1695059120977,17,2422,125693
4,1695059120977,37,2422,125730
4,1695059120977,27,2422,125757
4,1695059120977,17,2398,125774
4,1695059120977,37,2398,125811
4,1695059120977,41,2398,125852
4,1695059120977,21,2398,125873
4,1695059120977,38,2414,125911
4,1695059120977,22,2422,125933
4,1695059120977,20,2430,125953
4,1695059120977,20,2430,125973
4,1695059120977,24,2446,125997
4,1695059120977,17,2446,126014
4,1695059120977,20,2452,126034
4,1695059120977,23,2454,126057
4,1695059120977,21,2454,126078
4,1695059120977,17,2462,126095
4,1695059120977,19,2454,126114
4,1695059120977,23,2462,126137
4,1695059120977,18,2454,126155
4,1695059120977,20,2454,126175
4,1695059120977,20,2454,126195
4,1695059120977,23,2454,126218
4,1695059120977,18,2462,126236
4,1695059120977,20,2454,126256
4,1695059120977,20,2458,126276
4,1695059120977,27,2458,126303
4,1695059120977,17,2454,126320
4,1695059120977,17,2458,126337
4,1695059120977,19,2462,126356
4,1695059120977,27,2446,126383
4,1695059120977,17,2454,126400
4,1695059120977,17,2446,126417
4,1695059120977,19,2430,126436
4,1695059120977,41,2430,126477
4,1695059120977,20,2430,126497
4,1695059120977,20,2422,126517
4,1695059120977,41,2422,126558
4,1695059120977,20,2414,126578
4,1695059120977,20,2414,126598
4,1695059120977,24,2430,126622
4,1695059120977,17,2422,126639
4,1695059120977,19,2430,126658
4,1695059120977,23,2430,126681
4,1695059120977,38,2446,126719
4,1695059120977,20,2454,126739
4,1695059120977,23,2462,126762
4,1695059120977,18,2462,126780
4,1695059120977,21,2470,126801
4,1695059120977,37,2478,126838
4,1695059120977,24,2462,126862
4,1695059120977,20,2478,126882
4,1695059120977,20,2478,126902
4,1695059120977,27,2478,126929
4,1695059120977,17,2474,126946
4,1695059120977,17,2478,126963
4,1695059120977,19,2486,126982
4,1695059120977,27,2486,127009
4,1695059120977,18,2478,127027
4,1695059120977,17,2478,127044
4,1695059120977,19,2478,127063
4,1695059120977,41,2478,127104
4,1695059120977,20,2474,127124
4,1695059120977,20,2470,127144
4,1695059120977,24,2458,127168
4,1695059120977,18,2454,127186
4,1695059120977,19,2454,127205
4,1695059120977,20,2446,127225
4,1695059120977,41,2430,127266
4,1695059120977,20,2430,127286
4,1695059120977,23,2430,127309
4,1695059120977,37,2430,127346
4,1695059120977,20,2422,127366
4,1695059120977,23,2426,127389
4,1695059120977,38,2430,127427
4,1695059120977,20,2430,127447
4,1695059120977,24,2446,127471
4,1695059120977,18,2454,127489
4,1695059120977,19,2454,127508
4,1695059120977,20,2462,127528
4,1695059120977,27,2462,127555
4,1695059120977,18,2474,127573
4,1695059120977,18,2462,127591
4,1695059120977,18,2462,127609
4,1695059120977,27,2474,127636
4,1695059120977,18,2462,127654
4,1695059120977,18,2462,127672
4,1695059120977,19,2462,127691
4,1695059120977,27,2462,127718
4,1695059120977,18,2462,127736
4,1695059120977,18,2474,127754
4,1695059120977,19,2454,127773
4,1695059120977,41,2462,127814
4,1695059120977,20,2462,127834
4,1695059120977,20,2454,127854
4,1695059120977,41,2446,127895
4,1695059120977,20,2430,127915
4,1695059120977,23,2430,127938
4,1695059120977,38,2430,127976
4,1695059120977,20,2430,127996
4,1695059120977,23,2422,128019
4,1695059120977,38,2414,128057
4,1695059120977,21,2422,128078
4,1695059120977,42,2430,128120
4,1695059120977,18,2430,128138
4,1695059120977,20,2446,128158
4,1695059120977,23,2446,128181
4,1695059120977,38,2446,128219
4,1695059120977,20,2462,128239
4,1695059120977,27,2454,128266
4,1695059120977,18,2462,128284
4,1695059120977,18,2462,128302
4,1695059120977,19,2462,128321
4,1695059120977,32,2462,128353
4,1695059120977,13,2470,128366
4,1695059120977,18,2454,128384
4,1695059120977,18,2462,128402
4,1695059120977,39,2462,128441
4,1695059120977,255,2478,128696
4,1695059120977,13,2470,128709
4,1695059120977,18,2486,128727
4,1695059120977,22,2462,128749
4,1695059120977,40,2478,128789
4,1695059120977,13,2478,128802
4,1695059120977,17,2462,128819
4,1695059120977,20,2462,128839
4,1695059120977,20,2462,128859
4,1695059120977,25,2462,128884
4,1695059120977,23,2454,128907
4,1695059120977,38,2430,128945
4,1695059120977,20,2454,128965
4,1695059120977,23,2454,128988
4,1695059120977,18,2458,129006
4,1695059120977,20,2474,129026
4,1695059120977,20,2486,129046
4,1695059120977,27,2478,129073
4,1695059120977,18,2494,129091
4,1695059120977,18,2510,129109
4,1695059120977,18,2518,129127
4,1695059120977,27,2522,129154
4,1695059120977,18,2510,129172
4,1695059120977,18,2526,129190
4,1695059120977,18,2534,129208
4,1695059120977,20,2526,129228
4,1695059120977,20,2538,129248
4,1695059120977,20,2542,129268
4,1695059120977,20,2542,129288
4,1695059120977,25,2538,129313
4,1695059120977,18,2542,129331
4,1695059120977,38,2550,129369
4,1695059120977,41,2550,129410
4,1695059120977,20,2558,129430
4,1695059120977,23,2558,129453
4,1695059120977,38,2558,129491
4,1695059120977,20,2550,129511
4,1695059120977,23,2558,129534
4,1695059120977,38,2558,129572
4,1695059120977,21,2550,129593
4,1695059120977,22,2558,129615
4,1695059120977,18,2542,129633
4,1695059120977,20,2542,129653
4,1695059120977,20,2542,129673
4,1695059120977,27,2526,129700
4,1695059120977,18,2526,129718
4,1695059120977,18,2542,129736
4,1695059120977,18,2542,129754
4,1695059120977,27,2558,129781
4,1695059120977,18,2558,129799
4,1695059120977,18,2558,129817
4,1695059120977,18,2582,129835
4,1695059120977,41,2590,129876
4,1695059120977,20,2590,129896
4,1695059120977,20,2606,129916
4,1695059120977,41,2606,129957
4,1695059120977,20,2606,129977
4,1695059120977,23,2614,130000
4,1695059120977,37,2622,130037
4,1695059120977,20,2622,130057
4,1695059120977,23,2622,130080
4,1695059120977,38,2622,130118
4,1695059120977,20,2622,130138
4,1695059120977,23,2606,130161
4,1695059120977,38,2614,130199
4,1695059120977,20,2606,130219
4,1695059120977,24,2614,130243
4,1695059120977,18,2614,130261
4,1695059120977,19,2606,130280
4,1695059120977,20,2614,130300
4,1695059120977,27,2622,130327
4,1695059120977,18,2606,130345
4,1695059120977,18,2606,130363
4,1695059120977,18,2606,130381
4,1695059120977,27,2598,130408
4,1695059120977,18,2602,130426
4,1695059120977,18,2598,130444
4,1695059120977,18,2602,130462
4,1695059120977,41,2606,130503
4,1695059120977,20,2638,130523
4,1695059120977,39,2654,130562
4,1695059120977,22,2654,130584
4,1695059120977,20,2654,130604
4,1695059120977,20,2654,130624
4,1695059120977,41,2666,130665
4,1695059120977,20,2670,130685
4,1695059120977,23,2670,130708
4,1695059120977,38,2654,130746
4,1695059120977,20,2670,130766
4,1695059120977,23,2670,130789
4,1695059120977,38,2666,130827
4,1695059120977,20,2670,130847
4,1695059120977,23,2670,130870
4,1695059120977,38,2670,130908
4,1695059120977,20,2654,130928
4,1695059120977,33,2654,130961
4,1695059120977,13,2646,130974
4,1695059120977,18,2654,130992
4,1695059120977,18,2654,131010
4,1695059120977,30,2654,131040
4,1695059120977,13,2638,131053
4,1695059120977,18,2622,131071
4,1695059120977,58,2638,131129
4,1695059120977,20,2622,131149
4,1695059120977,20,2614,131169
4,1695059120977,41,2614,131210
4,1695059120977,20,2614,131230
4,1695059120977,20,2618,131250
4,1695059120977,41,2638,131291
4,1695059120977,20,2638,131311
4,1695059120977,23,2646,131334
4,1695059120977,39,2654,131373
4,1695059120977,38,2654,131411
4,1695059120977,23,2654,131434
4,1695059120977,20,2654,131454
4,1695059120977,20,2654,131474
4,1695059120977,24,2650,131498
4,1695059120977,18,2654,131516
4,1695059120977,18,2646,131534
4,1695059120977,20,2654,131554
4,1695059120977,27,2646,131581
4,1695059120977,18,2654,131599
4,1695059120977,18,2650,131617
4,1695059120977,45,2646,131662
4,1695059120977,18,2646,131680
4,1695059120977,18,2638,131698
4,1695059120977,45,2622,131743
4,1695059120977,18,2638,131761
4,1695059120977,18,2622,131779
4,1695059120977,19,2614,131798
4,1695059120977,39,2606,131837
4,1695059120977,20,2602,131857
4,1695059120977,20,2598,131877
4,1695059120977,26,2606,131903
4,1695059120977,18,2590,131921
4,1695059120977,18,2580,131939
4,1695059120977,39,2558,131978
4,1695059120977,20,2558,131998
4,1695059120977,20,2558,132018
4,1695059120977,23,2558,132041
4,1695059120977,38,2558,132079
4,1695059120977,20,2558,132099
4,1695059120977,23,2582,132122
4,1695059120977,40,2590,132162
4,1695059120977,39,2586,132201
4,1695059120977,20,2582,132221
4,1695059120977,20,2582,132241
4,1695059120977,20,2558,132261
4,1695059120977,27,2590,132288
4,1695059120977,18,2558,132306
4,1695059120977,18,2558,132324
4,1695059120977,51,2558,132375
4,1695059120977,13,2558,132388
4,1695059120977,18,2558,132406
4,1695059120977,18,2558,132424
4,1695059120977,39,2542,132463
4,1695059120977,20,2542,132483
4,1695059120977,20,2542,132503
4,1695059120977,41,2526,132544
4,1695059120977,20,2518,132564
4,1695059120977,23,2518,132587
4,1695059120977,38,2494,132625
4,1695059120977,20,2486,132645
4,1695059120977,23,2478,132668
4,1695059120977,38,2462,132706
4,1695059120977,20,2462,132726
4,1695059120977,23,2446,132749
4,1695059120977,38,2446,132787
4,1695059120977,20,2454,132807
4,1695059120977,23,2430,132830
4,1695059120977,38,2446,132868
4,1695059120977,20,2462,132888
4,1695059120977,27,2462,132915
4,1695059120977,19,2462,132934
4,1695059120977,36,2454,132970
4,1695059120977,32,2462,133002
4,1695059120977,13,2454,133015
4,1695059120977,18,2462,133033
4,1695059120977,18,2476,133051
4,1695059120977,39,2454,133090
4,1695059120977,20,2454,133110
4,1695059120977,20,2454,133130
4,1695059120977,41,2446,133171
4,1695059120977,20,2446,133191
4,1695059120977,20,2430,133211
4,1695059120977,41,2430,133252
4,1695059120977,20,2414,133272
4,1695059120977,23,2430,133295
4,1695059120977,38,2414,133333
4,1695059120977,20,2414,133353
4,1695059120977,23,2398,133376
4,1695059120977,38,2394,133414
4,1695059120977,20,2390,133434
4,1695059120977,23,2382,133457
4,1695059120977,38,2366,133495
4,1695059120977,20,2366,133515
4,1695059120977,33,2366,133548
4,1695059120977,13,2358,133561
4,1695059120977,18,2366,133579
4,1695059120977,18,2358,133597
4,1695059120977,39,2366,133636
4,1695059120977,20,2382,133656
4,1695059120977,20,2382,133676
4,1695059120977,21,2366,133697
4,1695059120977,36,2382,133733
4,1695059120977,24,2378,133757
4,1695059120977,41,2366,133798
4,1695059120977,20,2366,133818
4,1695059120977,20,2366,133838
4,1695059120977,41,2358,133879
4,1695059120977,20,2350,133899
4,1695059120977,23,2358,133922
4,1695059120977,38,2350,133960
4,1695059120977,20,2346,133980
4,1695059120977,23,2334,134003
4,1695059120977,38,2334,134041
4,1695059120977,20,2326,134061
4,1695059120977,24,2334,134085
4,1695059120977,18,2326,134103
4,1695059120977,39,2318,134142
4,1695059120977,26,2302,134168
4,1695059120977,18,2302,134186
4,1695059120977,18,2302,134204
4,1695059120977,18,2302,134222
4,1695059120977,31,2286,134253
4,1695059120977,13,2286,134266
4,1695059120977,18,2270,134284
4,1695059120977,18,2270,134302
4,1695059120977,39,2270,134341
4,1695059120977,20,2270,134361
4,1695059120977,20,2282,134381
4,1695059120977,40,2286,134421
4,1695059120977,20,2270,134441
4,1695059120977,20,2286,134461
4,1695059120977,41,2294,134502
4,1695059120977,21,2286,134523
4,1695059120977,43,2294,134566
4,1695059120977,38,2286,134604
4,1695059120977,23,2270,134627
4,1695059120977,38,2286,134665
4,1695059120977,20,2286,134685
4,1695059120977,23,2270,134708
4,1695059120977,39,2286,134747
4,1695059120977,20,2278,134767
4,1695059120977,32,2270,134799
4,1695059120977,13,2266,134812
4,1695059120977,18,2270,134830
4,1695059120977,18,2262,134848
4,1695059120977,25,2262,134873
4,1695059120977,18,2260,134891
4,1695059120977,18,2238,134909
4,1695059120977,58,2238,134967
4,1695059120977,20,2222,134987
4,1695059120977,20,2222,135007
4,1695059120977,41,2218,135048
4,1695059120977,20,2222,135068
4,1695059120977,20,2222,135088
4,1695059120977,41,2230,135129
4,1695059120977,20,2222,135149
4,1695059120977,23,2230,135172
4,1695059120977,38,2230,135210
4,1695059120977,20,2238,135230
4,1695059120977,24,2238,135254
4,1695059120977,18,2230,135272
4,1695059120977,39,2206,135311
4,1695059120977,24,2222,135335
4,1695059120977,36,2214,135371
4,1695059120977,21,2206,135392
4,1695059120977,32,2222,135424
4,1695059120977,13,2206,135437
4,1695059120977,18,2206,135455
4,1695059120977,18,2206,135473
4,1695059120977,39,2206,135512
4,1695059120977,20,2198,135532
4,1695059120977,20,2198,135552
4,1695059120977,32,2190,135584
4,1695059120977,13,2190,135597
4,1695059120977,18,2190,135615
4,1695059120977,18,2174,135633
4,1695059120977,39,2174,135672
4,1695059120977,20,2166,135692
4,1695059120977,20,2166,135712
4,1695059120977,26,2158,135738
4,1695059120977,18,2158,135756
4,1695059120977,18,2166,135774
4,1695059120977,38,2142,135812
4,1695059120977,20,2158,135832
4,1695059120977,21,2166,135853
4,1695059120977,21,2174,135874
4,1695059120977,19,2174,135893
4,1695059120977,20,2190,135913
4,1695059120977,20,2174,135933
4,1695059120977,23,2198,135956
4,1695059120977,38,2198,135994
4,1695059120977,39,2214,136033
4,1695059120977,21,2198,136054
4,1695059120977,20,2206,136074
4,1695059120977,20,2206,136094
4,1695059120977,32,2206,136126
4,1695059120977,13,2218,136139
4,1695059120977,18,2206,136157
4,1695059120977,18,2214,136175
4,1695059120977,39,2218,136214
4,1695059120977,20,2206,136234
4,1695059120977,20,2206,136254
4,1695059120977,41,2218,136295
4,1695059120977,20,2206,136315
4,1695059120977,20,2202,136335
4,1695059120977,41,2198,136376
4,1695059120977,20,2190,136396
4,1695059120977,23,2190,136419
4,1695059120977,38,2190,136457
4,1695059120977,20,2174,136477
4,1695059120977,23,2190,136500
4,1695059120977,38,2174,136538
4,1695059120977,20,2174,136558
4,1695059120977,23,2196,136581
4,1695059120977,38,2206,136619
4,1695059120977,20,2222,136639
4,1695059120977,23,2222,136662
4,1695059120977,38,2238,136700
4,1695059120977,20,2262,136720
4,1695059120977,33,2254,136753
4,1695059120977,13,2262,136766
4,1695059120977,19,2266,136785
4,1695059120977,19,2270,136804
4,1695059120977,38,2282,136842
4,1695059120977,21,2270,136863
4,1695059120977,34,2286,136897
4,1695059120977,25,2286,136922
4,1695059120977,20,2286,136942
4,1695059120977,20,2294,136962
4,1695059120977,41,2286,137003
4,1695059120977,20,2294,137023
4,1695059120977,23,2298,137046
4,1695059120977,38,2286,137084
4,1695059120977,20,2302,137104
4,1695059120977,23,2286,137127
4,1695059120977,38,2286,137165
4,1695059120977,20,2282,137185
4,1695059120977,23,2286,137208
4,1695059120977,38,2286,137246
4,1695059120977,20,2270,137266
4,1695059120977,23,2270,137289
4,1695059120977,38,2270,137327
4,1695059120977,21,2286,137348
4,1695059120977,32,2302,137380
4,1695059120977,13,2302,137393
4,1695059120977,19,2302,137412
4,1695059120977,19,2334,137431
4,1695059120977,39,2334,137470
4,1695059120977,20,2350,137490
4,1695059120977,20,2350,137510
4,1695059120977,41,2366,137551
4,1695059120977,21,2366,137572
4,1695059120977,43,2358,137615
4,1695059120977,19,2366,137634
4,1695059120977,39,2382,137673
4,1695059120977,41,2390,137714
4,1695059120977,20,2410,137734
4,1695059120977,23,2398,137757
4,1695059120977,38,2398,137795
4,1695059120977,20,2398,137815
4,1695059120977,24,2398,137839
4,1695059120977,19,2410,137858
4,1695059120977,39,2394,137897
4,1695059120977,23,2398,137920
4,1695059120977,38,2390,137958
4,1695059120977,20,2382,137978
4,1695059120977,21,2382,137999
4,1695059120977,19,2390,138018
4,1695059120977,20,2390,138038
4,1695059120977,20,2390,138058
4,1695059120977,32,2398,138090
4,1695059120977,14,2414,138104
4,1695059120977,19,2430,138123
4,1695059120977,19,2430,138142
4,1695059120977,38,2454,138180
4,1695059120977,20,2454,138200
4,1695059120977,20,2476,138220
4,1695059120977,41,2478,138261
4,1695059120977,20,2478,138281
4,1695059120977,20,2486,138301
4,1695059120977,26,2486,138327
4,1695059120977,19,2490,138346
4,1695059120977,19,2508,138365
4,1695059120977,22,2494,138387
4,1695059120977,37,2494,138424
4,1695059120977,19,2510,138443
4,1695059120977,23,2494,138466
4,1695059120977,19,2510,138485
4,1695059120977,39,2510,138524
4,1695059120977,23,2510,138547
4,1695059120977,38,2518,138585
4,1695059120977,20,2518,138605
4,1695059120977,27,2510,138632
4,1695059120977,19,2518,138651
4,1695059120977,19,2510,138670
4,1695059120977,19,2510,138689
4,1695059120977,39,2492,138728
4,1695059120977,20,2494,138748
4,1695059120977,20,2486,138768
4,1695059120977,41,2492,138809
4,1695059120977,20,2494,138829
4,1695059120977,20,2494,138849
4,1695059120977,41,2510,138890
4,1695059120977,20,2526,138910
4,1695059120977,20,2542,138930
4,1695059120977,41,2558,138971
4,1695059120977,20,2550,138991
4,1695059120977,23,2558,139014
4,1695059120977,38,2558,139052
4,1695059120977,20,2558,139072
4,1695059120977,23,2558,139095
4,1695059120977,39,2558,139134
4,1695059120977,40,2582,139174
4,1695059120977,20,2586,139194
4,1695059120977,21,2582,139215
4,1695059120977,20,2586,139235
4,1695059120977,33,2590,139268
4,1695059120977,14,2590,139282
4,1695059120977,19,2590,139301
4,1695059120977,19,2582,139320
4,1695059120977,30,2586,139350
4,1695059120977,19,2590,139369
4,1695059120977,14,2590,139383
4,1695059120977,19,2590,139402
4,1695059120977,37,2582,139439
4,1695059120977,20,2588,139459
4,1695059120977,20,2558,139479
4,1695059120977,41,2558,139520
4,1695059120977,20,2558,139540
4,1695059120977,20,2558,139560
4,1695059120977,42,2558,139602
4,1695059120977,19,2558,139621
4,1695059120977,23,2558,139644
4,1695059120977,29,2582,139673
4,1695059120977,14,2606,139687
4,1695059120977,20,2606,139707
4,1695059120977,27,2622,139734
4,1695059120977,14,2622,139748
4,1695059120977,232,2638,139980
4,1695059120977,38,2646,140018
4,1695059120977,59,2646,140077
4,1695059120977,19,2654,140096
4,1695059120977,38,2654,140134
4,1695059120977,14,2654,140148
4,1695059120977,19,2654,140167
4,1695059120977,19,2654,140186
4,1695059120977,31,2666,140217
4,1695059120977,19,2670,140236
4,1695059120977,19,2670,140255
4,1695059120977,20,2666,140275
4,1695059120977,19,2654,140294
4,1695059120977,14,2654,140308
4,1695059120977,19,2646,140327
4,1695059120977,27,2650,140354
4,1695059120977,23,2654,140377
4,1695059120977,19,2646,140396
4,1695059120977,19,2650,140415
4,1695059120977,22,2622,140437
4,1695059120977,25,2646,140462
4,1695059120977,21,2638,140483
4,1695059120977,45,2634,140528
4,1695059120977,19,2638,140547
4,1695059120977,19,2638,140566
4,1695059120977,22,2646,140588
4,1695059120977,19,2654,140607
4,1695059120977,19,2654,140626
4,1695059120977,19,2670,140645
4,1695059120977,39,2686,140684
4,1695059120977,20,2702,140704
4,1695059120977,20,2686,140724
4,1695059120977,32,2702,140756
4,1695059120977,14,2710,140770
4,1695059120977,19,2702,140789
4,1695059120977,20,2702,140809
4,1695059120977,31,2714,140840
4,1695059120977,19,2718,140859
4,1695059120977,19,2718,140878
4,1695059120977,17,2718,140895
4,1695059120977,30,2718,140925
4,1695059120977,20,2718,140945
4,1695059120977,20,2718,140965
4,1695059120977,41,2710,141006
4,1695059120977,20,2718,141026
4,1695059120977,23,2718,141049
4,1695059120977,38,2714,141087
4,1695059120977,20,2702,141107
4,1695059120977,23,2686,141130
4,1695059120977,38,2686,141168
4,1695059120977,21,2686,141189
4,1695059120977,22,2686,141211
4,1695059120977,39,2686,141250
4,1695059120977,41,2678,141291
4,1695059120977,19,2670,141310
4,1695059120977,20,2678,141330
4,1695059120977,20,2686,141350
4,1695059120977,32,2710,141382
4,1695059120977,14,2702,141396
4,1695059120977,19,2710,141415
4,1695059120977,19,2718,141434
4,1695059120977,31,2734,141465
4,1695059120977,19,2730,141484
4,1695059120977,19,2734,141503
4,1695059120977,17,2734,141520
4,1695059120977,31,2750,141551
4,1695059120977,20,2734,141571
4,1695059120977,20,2750,141591
4,1695059120977,41,2750,141632
4,1695059120977,20,2750,141652
4,1695059120977,23,2750,141675
4,1695059120977,38,2766,141713
4,1695059120977,20,2750,141733
4,1695059120977,23,2750,141756
4,1695059120977,38,2766,141794
4,1695059120977,20,2750,141814
4,1695059120977,23,2750,141837
4,1695059120977,38,2750,141875
4,1695059120977,20,2750,141895
4,1695059120977,23,2750,141918
4,1695059120977,38,2742,141956
4,1695059120977,20,2750,141976
4,1695059120977,33,2734,142009
4,1695059120977,32,2734,142041
4,1695059120977,19,2730,142060
4,1695059120977,31,2718,142091
4,1695059120977,19,2732,142110
4,1695059120977,19,2734,142129
4,1695059120977,17,2742,142146
4,1695059120977,31,2742,142177
4,1695059120977,20,2750,142197
4,1695059120977,20,2774,142217
4,1695059120977,41,2782,142258
4,1695059120977,20,2782,142278
4,1695059120977,24,2782,142302
4,1695059120977,29,2782,142331
4,1695059120977,19,2774,142350
4,1695059120977,14,2782,142364
4,1695059120977,27,2798,142391
4,1695059120977,19,2782,142410
4,1695059120977,14,2782,142424
4,1695059120977,19,2782,142443
4,1695059120977,31,2782,142474
4,1695059120977,19,2798,142493
4,1695059120977,25,2782,142518
4,1695059120977,21,2798,142539
4,1695059120977,19,2782,142558
4,1695059120977,20,2782,142578
4,1695059120977,20,2782,142598
4,1695059120977,32,2782,142630
4,1695059120977,14,2782,142644
4,1695059120977,20,2782,142664
4,1695059120977,19,2774,142683
4,1695059120977,31,2774,142714
4,1695059120977,19,2766,142733
4,1695059120977,26,2766,142759
4,1695059120977,41,2750,142800
4,1695059120977,20,2750,142820
4,1695059120977,20,2746,142840
4,1695059120977,41,2746,142881
4,1695059120977,20,2746,142901
4,1695059120977,20,2742,142921
4,1695059120977,41,2742,142962
4,1695059120977,20,2766,142982
4,1695059120977,24,2774,143006
4,1695059120977,42,2782,143048
4,1695059120977,19,2794,143067
4,1695059120977,27,2782,143094
4,1695059120977,14,2782,143108
4,1695059120977,19,2782,143127
4,1695059120977,19,2798,143146
4,1695059120977,31,2782,143177
4,1695059120977,19,2782,143196
4,1695059120977,26,2806,143222
4,1695059120977,32,2798,143254
4,1695059120977,14,2798,143268
4,1695059120977,19,2798,143287
4,1695059120977,19,2782,143306
4,1695059120977,31,2794,143337
4,1695059120977,19,2798,143356
4,1695059120977,26,2798,143382
4,1695059120977,40,2782,143422
4,1695059120977,20,2782,143442
4,1695059120977,20,2782,143462
4,1695059120977,41,2782,143503
4,1695059120977,20,2774,143523
4,1695059120977,20,2774,143543
4,1695059120977,33,2750,143576
4,1695059120977,33,2750,143609
4,1695059120977,27,2750,143636
4,1695059120977,14,2742,143650
4,1695059120977,19,2734,143669
4,1695059120977,19,2734,143688
4,1695059120977,27,2742,143715
4,1695059120977,14,2742,143729
4,1695059120977,19,2750,143748
4,1695059120977,20,2766,143768
4,1695059120977,31,2766,143799
4,1695059120977,19,2782,143818
4,1695059120977,25,2782,143843
4,1695059120977,32,2782,143875
4,1695059120977,14,2782,143889
4,1695059120977,19,2782,143908
4,1695059120977,19,2782,143927
4,1695059120977,31,2782,143958
4,1695059120977,19,2798,143977
4,1695059120977,26,2806,144003
4,1695059120977,32,2798,144035
4,1695059120977,14,2798,144049
4,1695059120977,19,2798,144068
4,1695059120977,23,2798,144091
4,1695059120977,33,2798,144124
4,1695059120977,20,2798,144144
4,1695059120977,20,2798,144164
4,1695059120977,41,2782,144205
4,1695059120977,20,2798,144225
4,1695059120977,23,2782,144248
4,1695059120977,42,2782,144290
4,1695059120977,19,2782,144309
4,1695059120977,22,2782,144331
4,1695059120977,19,2774,144350
4,1695059120977,19,2774,144369
4,1695059120977,19,2774,144388
4,1695059120977,31,2774,144419
4,1695059120977,19,2750,144438
4,1695059120977,19,2750,144457
4,1695059120977,22,2734,144479
4,1695059120977,24,2742,144503
4,1695059120977,22,2750,144525
4,1695059120977,20,2750,144545
4,1695059120977,32,2750,144577
4,1695059120977,14,2782,144591
4,1695059120977,19,2774,144610
4,1695059120977,19,2782,144629
4,1695059120977,31,2782,144660
4,1695059120977,19,2798,144679
4,1695059120977,25,2798,144704
4,1695059120977,41,2806,144745
4,1695059120977,20,2798,144765
4,1695059120977,20,2798,144785
4,1695059120977,41,2814,144826
4,1695059120977,20,2810,144846
4,1695059120977,23,2798,144869
4,1695059120977,38,2798,144907
4,1695059120977,20,2814,144927
4,1695059120977,24,2814,144951
4,1695059120977,19,2806,144970
4,1695059120977,20,2798,144990
4,1695059120977,41,2798,145031
4,1695059120977,39,2798,145070
4,1695059120977,42,2782,145112
4,1695059120977,38,2782,145150
4,1695059120977,20,2782,145170
4,1695059120977,32,2774,145202
4,1695059120977,19,2774,145221
4,1695059120977,14,2778,145235
4,1695059120977,20,2750,145255
4,1695059120977,31,2750,145286
4,1695059120977,20,2750,145306
4,1695059120977,24,2766,145330
4,1695059120977,41,2774,145371
4,1695059120977,20,2782,145391
4,1695059120977,20,2798,145411
4,1695059120977,41,2798,145452
4,1695059120977,20,2798,145472
4,1695059120977,23,2798,145495
4,1695059120977,38,2806,145533
4,1695059120977,20,2798,145553
4,1695059120977,23,2814,145576
4,1695059120977,38,2814,145614
4,1695059120977,20,2798,145634
4,1695059120977,23,2814,145657
4,1695059120977,38,2814,145695
4,1695059120977,20,2814,145715
4,1695059120977,23,2814,145738
4,1695059120977,20,2814,145758
4,1695059120977,38,2814,145796
4,1695059120977,32,2798,145828
4,1695059120977,14,2798,145842
4,1695059120977,20,2798,145862
4,1695059120977,20,2798,145882
4,1695059120977,31,2798,145913
4,1695059120977,20,2782,145933
4,1695059120977,25,2782,145958
4,1695059120977,41,2782,145999
4,1695059120977,20,2774,146019
4,1695059120977,20,2774,146039
4,1695059120977,41,2750,146080
4,1695059120977,21,2750,146101
4,1695059120977,20,2750,146121
4,1695059120977,41,2782,146162
4,1695059120977,20,2782,146182
4,1695059120977,23,2790,146205
4,1695059120977,38,2794,146243
4,1695059120977,20,2798,146263
4,1695059120977,23,2814,146286
4,1695059120977,39,2814,146325
4,1695059120977,43,2814,146368
4,1695059120977,20,2814,146388
4,1695059120977,38,2814,146426
4,1695059120977,32,2806,146458
4,1695059120977,15,2814,146473
4,1695059120977,20,2814,146493
4,1695059120977,20,2814,146513
4,1695059120977,31,2814,146544
4,1695059120977,20,2814,146564
4,1695059120977,25,2814,146589
4,1695059120977,41,2814,146630
4,1695059120977,20,2814,146650
4,1695059120977,20,2814,146670
4,1695059120977,41,2814,146711
4,1695059120977,20,2814,146731
4,1695059120977,24,2814,146755
4,1695059120977,29,2814,146784
4,1695059120977,20,2814,146804
4,1695059120977,15,2798,146819
4,1695059120977,25,2798,146844
4,1695059120977,15,2798,146859
4,1695059120977,20,2782,146879
4,1695059120977,20,2798,146899
4,1695059120977,27,2798,146926
4,1695059120977,20,2798,146946
4,1695059120977,15,2798,146961
4,1695059120977,20,2806,146981
4,1695059120977,31,2806,147012
4,1695059120977,20,2814,147032
4,1695059120977,25,2846,147057
4,1695059120977,33,2846,147090
4,1695059120977,20,2854,147110
4,1695059120977,33,2862,147143
4,1695059120977,31,2862,147174
4,1695059120977,20,2878,147194
4,1695059120977,25,2874,147219
4,1695059120977,32,2862,147251
4,1695059120977,20,2874,147271
4,1695059120977,15,2878,147286
4,1695059120977,22,2870,147308
4,1695059120977,33,2878,147341
4,1695059120977,20,2878,147361
4,1695059120977,20,2878,147381
4,1695059120977,41,2878,147422
4,1695059120977,20,2878,147442
4,1695059120977,23,2878,147465
4,1695059120977,29,2870,147494
4,1695059120977,15,2878,147509
4,1695059120977,20,2862,147529
4,1695059120977,28,2862,147557
4,1695059120977,20,2862,147577
4,1695059120977,20,2846,147597
4,1695059120977,20,2846,147617
4,1695059120977,27,2838,147644
4,1695059120977,38,2838,147682
4,1695059120977,27,2814,147709
4,1695059120977,20,2814,147729
4,1695059120977,39,2846,147768
4,1695059120977,32,2846,147800
4,1695059120977,20,2862,147820
4,1695059120977,15,2870,147835
4,1695059120977,20,2862,147855
4,1695059120977,32,2894,147887
4,1695059120977,20,2894,147907
4,1695059120977,25,2902,147932
4,1695059120977,32,2902,147964
4,1695059120977,20,2910,147984
4,1695059120977,15,2902,147999
4,1695059120977,27,2910,148026
4,1695059120977,20,2910,148046
4,1695059120977,20,2902,148066
4,1695059120977,20,2922,148086
4,1695059120977,22,2910,148108
4,1695059120977,20,2926,148128
4,1695059120977,20,2922,148148
4,1695059120977,20,2922,148168
4,1695059120977,26,2910,148194
4,1695059120977,22,2922,148216
4,1695059120977,20,2910,148236
4,1695059120977,23,2906,148259
4,1695059120977,20,2910,148279
4,1695059120977,20,2910,148299
4,1695059120977,41,2894,148340
4,1695059120977,20,2894,148360
4,1695059120977,20,2878,148380
4,1695059120977,20,2894,148400
4,1695059120977,39,2878,148439
4,1695059120977,20,2862,148459
4,1695059120977,20,2870,148479
4,1695059120977,32,2870,148511
4,1695059120977,20,2862,148531
4,1695059120977,15,2870,148546
4,1695059120977,22,2878,148568
4,1695059120977,32,2894,148600
4,1695059120977,20,2894,148620
4,1695059120977,20,2910,148640
4,1695059120977,32,2910,148672
4,1695059120977,15,2926,148687
4,1695059120977,20,2910,148707
4,1695059120977,27,2926,148734
4,1695059120977,20,2910,148754
4,1695059120977,20,2922,148774
4,1695059120977,20,2926,148794
4,1695059120977,22,2926,148816
4,1695059120977,20,2926,148836
4,1695059120977,20,2926,148856
4,1695059120977,20,2926,148876
4,1695059120977,26,2934,148902
4,1695059120977,22,2926,148924
4,1695059120977,20,2926,148944
4,1695059120977,23,2926,148967
4,1695059120977,20,2910,148987
4,1695059120977,39,2926,149026
4,1695059120977,21,2926,149047
4,1695059120977,40,2926,149087
4,1695059120977,52,2910,149139
4,1695059120977,20,2910,149159
4,1695059120977,15,2910,149174
4,1695059120977,26,2902,149200
4,1695059120977,20,2910,149220
4,1695059120977,15,2894,149235
4,1695059120977,20,2894,149255
4,1695059120977,28,2902,149283
4,1695059120977,24,2894,149307
4,1695059120977,20,2910,149327
4,1695059120977,27,2926,149354
4,1695059120977,29,2926,149383
4,1695059120977,20,2938,149403
4,1695059120977,15,2942,149418
4,1695059120977,29,2966,149447
4,1695059120977,26,2966,149473
4,1695059120977,20,2974,149493
4,1695059120977,22,2974,149515
4,1695059120977,38,2986,149553
4,1695059120977,20,2986,149573
4,1695059120977,22,2986,149595
4,1695059120977,38,2990,149633
4,1695059120977,20,2998,149653
4,1695059120977,32,3006,149685
4,1695059120977,20,3006,149705
4,1695059120977,15,3006,149720
4,1695059120977,20,3006,149740
4,1695059120977,33,3006,149773
4,1695059120977,22,3006,149795
4,1695059120977,20,3006,149815
4,1695059120977,41,2998,149856
4,1695059120977,20,3006,149876
4,1695059120977,20,2998,149896
4,1695059120977,41,2990,149937
4,1695059120977,21,2982,149958
4,1695059120977,41,2986,149999
4,1695059120977,40,2974,150039
4,1695059120977,23,2986,150062
4,1695059120977,29,2982,150091
4,1695059120977,20,2990,150111
4,1695059120977,21,2990,150132
4,1695059120977,28,3022,150160
4,1695059120977,20,3022,150180
4,1695059120977,43,3054,150223
4,1695059120977,20,3054,150243
4,1695059120977,21,3062,150264
4,1695059120977,21,3070,150285
4,1695059120977,0,3070,150285
4,1695059120977,24,3070,150309
4,1695059120977,44,3102,150353
4,1695059120977,19,3102,150372
4,1695059120977,41,3114,150413
4,1695059120977,20,3102,150433
4,1695059120977,20,3110,150453
4,1695059120977,41,3118,150494
4,1695059120977,20,3102,150514
4,1695059120977,20,3118,150534
4,1695059120977,41,3102,150575
4,1695059120977,21,3114,150596
4,1695059120977,40,3102,150636
4,1695059120977,20,3102,150656
4,1695059120977,20,3070,150676
4,1695059120977,24,3102,150700
4,1695059120977,20,3070,150720
4,1695059120977,21,3102,150741
4,1695059120977,20,3070,150761
4,1695059120977,32,3070,150793
4,1695059120977,38,3070,150831
4,1695059120977,23,3070,150854
4,1695059120977,24,3114,150878
4,1695059120977,22,3118,150900
4,1695059120977,20,3126,150920
4,1695059120977,32,3134,150952
4,1695059120977,20,3158,150972
4,1695059120977,20,3158,150992
4,1695059120977,15,3166,151007
4,1695059120977,32,3166,151039
4,1695059120977,20,3166,151059
4,1695059120977,24,3182,151083
4,1695059120977,41,3190,151124
4,1695059120977,20,3190,151144
4,1695059120977,20,3198,151164
4,1695059120977,41,3194,151205
4,1695059120977,20,3198,151225
4,1695059120977,24,3198,151249
4,1695059120977,29,3198,151278
4,1695059120977,20,3214,151298
4,1695059120977,20,3198,151318
4,1695059120977,27,3198,151345
4,1695059120977,22,3190,151367
4,1695059120977,20,3190,151387
4,1695059120977,23,3198,151410
4,1695059120977,20,3190,151430
4,1695059120977,38,3190,151468
4,1695059120977,23,3182,151491
4,1695059120977,20,3190,151511
4,1695059120977,20,3166,151531
4,1695059120977,20,3166,151551
4,1695059120977,32,3158,151583
4,1695059120977,20,3158,151603
4,1695059120977,20,3158,151623
4,1695059120977,23,3166,151646
4,1695059120977,24,3166,151670
4,1695059120977,22,3182,151692
4,1695059120977,61,3198,151753
4,1695059120977,20,3222,151773
4,1695059120977,20,3222,151793
4,1695059120977,33,3222,151826
4,1695059120977,20,3230,151846
4,1695059120977,20,3230,151866
4,1695059120977,22,3238,151888
4,1695059120977,26,3246,151914
4,1695059120977,20,3242,151934
4,1695059120977,23,3246,151957
4,1695059120977,20,3246,151977
4,1695059120977,20,3246,151997
4,1695059120977,41,3262,152038
4,1695059120977,20,3254,152058
4,1695059120977,38,3246,152096
4,1695059120977,22,3246,152118
4,1695059120977,38,3242,152156
4,1695059120977,20,3246,152176
4,1695059120977,32,3230,152208
4,1695059120977,20,3230,152228
4,1695059120977,20,3222,152248
4,1695059120977,23,3230,152271
4,1695059120977,24,3222,152295
4,1695059120977,23,3198,152318
4,1695059120977,20,3214,152338
4,1695059120977,41,3182,152379
4,1695059120977,20,3182,152399
4,1695059120977,21,3182,152420
4,1695059120977,56,3190,152476
4,1695059120977,7,3190,152483
4,1695059120977,13,3198,152496
4,1695059120977,38,3222,152534
4,1695059120977,7,3222,152541
4,1695059120977,15,3230,152556
4,1695059120977,20,3230,152576
4,1695059120977,20,3246,152596
4,1695059120977,20,3246,152616
4,1695059120977,20,3246,152636
4,1695059120977,20,3246,152656
4,1695059120977,20,3246,152676
4,1695059120977,20,3230,152696
4,1695059120977,20,3230,152716
4,1695059120977,23,3230,152739
4,1695059120977,17,3246,152756
4,1695059120977,20,3238,152776
4,1695059120977,20,3246,152796
4,1695059120977,27,3230,152823
4,1695059120977,13,3230,152836
4,1695059120977,20,3242,152856
4,1695059120977,20,3246,152876
4,1695059120977,27,3238,152903
4,1695059120977,13,3242,152916
4,1695059120977,20,3230,152936
4,1695059120977,20,3230,152956
4,1695059120977,41,3222,152997
4,1695059120977,20,3214,153017
4,1695059120977,21,3214,153038
4,1695059120977,37,3198,153075
4,1695059120977,7,3198,153082
4,1695059120977,16,3198,153098
4,1695059120977,20,3182,153118
4,1695059120977,21,3182,153139
4,1695059120977,19,3182,153158
4,1695059120977,20,3166,153178
4,1695059120977,20,3166,153198
4,1695059120977,20,3166,153218
4,1695059120977,20,3166,153238
4,1695059120977,20,3182,153258
4,1695059120977,20,3198,153278
4,1695059120977,20,3198,153298
4,1695059120977,21,3198,153319
4,1695059120977,20,3214,153339
4,1695059120977,21,3214,153360
4,1695059120977,19,3222,153379
4,1695059120977,20,3222,153399
4,1695059120977,20,3230,153419
4,1695059120977,28,3230,153447
4,1695059120977,13,3230,153460
4,1695059120977,20,3230,153480
4,1695059120977,20,3230,153500
4,1695059120977,27,3230,153527
4,1695059120977,13,3242,153540
4,1695059120977,20,3230,153560
4,1695059120977,20,3230,153580
4,1695059120977,41,3246,153621
4,1695059120977,20,3230,153641
4,1695059120977,20,3238,153661
4,1695059120977,24,3230,153685
4,1695059120977,16,3230,153701
4,1695059120977,20,3230,153721
4,1695059120977,20,3214,153741
4,1695059120977,22,3222,153763
4,1695059120977,19,3198,153782
4,1695059120977,21,3198,153803
4,1695059120977,28,3198,153831
4,1695059120977,16,3198,153847
4,1695059120977,16,3182,153863
4,1695059120977,20,3182,153883
4,1695059120977,20,3178,153903
4,1695059120977,20,3182,153923
4,1695059120977,20,3166,153943
4,1695059120977,20,3166,153963
4,1695059120977,23,3158,153986
4,1695059120977,17,3166,154003
4,1695059120977,20,3162,154023
4,1695059120977,20,3178,154043
4,1695059120977,27,3182,154070
4,1695059120977,14,3182,154084
4,1695059120977,20,3190,154104
4,1695059120977,20,3198,154124
4,1695059120977,28,3214,154152
4,1695059120977,13,3198,154165
4,1695059120977,20,3214,154185
4,1695059120977,20,3214,154205
4,1695059120977,41,3222,154246
4,1695059120977,20,3230,154266
4,1695059120977,20,3222,154286
4,1695059120977,41,3198,154327
4,1695059120977,20,3214,154347
4,1695059120977,20,3198,154367
4,1695059120977,22,3230,154389
4,1695059120977,18,3222,154407
4,1695059120977,20,3198,154427
4,1695059120977,20,3198,154447
4,1695059120977,20,3198,154467
4,1695059120977,21,3198,154488
4,1695059120977,25,3198,154513
4,1695059120977,14,3198,154527
4,1695059120977,20,3182,154547
4,1695059120977,20,3182,154567
4,1695059120977,20,3182,154587
4,1695059120977,23,3166,154610
4,1695059120977,17,3166,154627
4,1695059120977,20,3164,154647
4,1695059120977,20,3150,154667
4,1695059120977,23,3134,154690
4,1695059120977,17,3134,154707
4,1695059120977,20,3126,154727
4,1695059120977,20,3114,154747
4,1695059120977,27,3118,154774
4,1695059120977,13,3070,154787
4,1695059120977,20,3102,154807
4,1695059120977,20,3118,154827
4,1695059120977,27,3126,154854
4,1695059120977,13,3118,154867
4,1695059120977,20,3126,154887
4,1695059120977,20,3134,154907
4,1695059120977,41,3134,154948
4,1695059120977,20,3134,154968
4,1695059120977,20,3150,154988
4,1695059120977,23,3134,155011
4,1695059120977,18,3134,155029
4,1695059120977,20,3134,155049
4,1695059120977,20,3134,155069
4,1695059120977,20,3130,155089
4,1695059120977,20,3134,155109
4,1695059120977,21,3134,155130
4,1695059120977,20,3134,155150
4,1695059120977,20,3134,155170
4,1695059120977,20,3134,155190
4,1695059120977,20,3118,155210
4,1695059120977,23,3118,155233
4,1695059120977,18,3118,155251
4,1695059120977,20,3110,155271
4,1695059120977,20,3102,155291
4,1695059120977,23,3102,155314
4,1695059120977,17,3070,155331
4,1695059120977,20,3070,155351
4,1695059120977,20,3070,155371
4,1695059120977,27,3070,155398
4,1695059120977,13,3062,155411
4,1695059120977,21,3070,155432
4,1695059120977,25,3054,155457
4,1695059120977,21,3038,155478
4,1695059120977,13,3054,155491
4,1695059120977,20,3038,155511
4,1695059120977,20,3022,155531
4,1695059120977,41,3022,155572
4,1695059120977,20,3018,155592
4,1695059120977,20,3022,155612
4,1695059120977,20,3030,155632
4,1695059120977,20,3038,155652
4,1695059120977,20,3038,155672
4,1695059120977,20,3038,155692
4,1695059120977,21,3054,155713
4,1695059120977,20,3054,155733
4,1695059120977,20,3054,155753
4,1695059120977,20,3062,155773
4,1695059120977,20,3054,155793
4,1695059120977,20,3038,155813
4,1695059120977,20,3050,155833
4,1695059120977,24,3038,155857
4,1695059120977,17,3038,155874
4,1695059120977,20,3038,155894
4,1695059120977,20,3054,155914
4,1695059120977,23,3038,155937
4,1695059120977,17,3054,155954
4,1695059120977,20,3038,155974
4,1695059120977,20,3038,155994
4,1695059120977,27,3038,156021
4,1695059120977,14,3030,156035
4,1695059120977,20,3038,156055
4,1695059120977,20,3030,156075
4,1695059120977,27,3030,156102
4,1695059120977,13,3022,156115
4,1695059120977,28,3006,156143
4,1695059120977,28,3006,156171
4,1695059120977,25,2998,156196
4,1695059120977,20,2990,156216
4,1695059120977,20,2990,156236
4,1695059120977,24,2974,156260
4,1695059120977,17,2974,156277
4,1695059120977,20,2966,156297
4,1695059120977,20,2942,156317
4,1695059120977,21,2942,156338
4,1695059120977,19,2942,156357
4,1695059120977,20,2942,156377
4,1695059120977,20,2942,156397
4,1695059120977,20,2942,156417
4,1695059120977,20,2942,156437
4,1695059120977,20,2942,156457
4,1695059120977,20,2966,156477
4,1695059120977,20,2966,156497
4,1695059120977,20,2974,156517
4,1695059120977,20,2974,156537
4,1695059120977,24,2974,156561
4,1695059120977,17,2958,156578
4,1695059120977,20,2966,156598
4,1695059120977,20,2966,156618
4,1695059120977,27,2966,156645
4,1695059120977,13,2966,156658
4,1695059120977,20,2966,156678
4,1695059120977,20,2958,156698
4,1695059120977,27,2942,156725
4,1695059120977,13,2958,156738
4,1695059120977,20,2942,156758
4,1695059120977,20,2958,156778
4,1695059120977,41,2942,156819
4,1695059120977,20,2942,156839
4,1695059120977,20,2934,156859
4,1695059120977,24,2942,156883
4,1695059120977,16,2910,156899
4,1695059120977,20,2926,156919
4,1695059120977,21,2910,156940
4,1695059120977,37,2910,156977
4,1695059120977,7,2910,156984
4,1695059120977,15,2902,156999
4,1695059120977,20,2894,157019
4,1695059120977,20,2894,157039
4,1695059120977,20,2878,157059
4,1695059120977,20,2878,157079
4,1695059120977,20,2874,157099
4,1695059120977,20,2862,157119
4,1695059120977,20,2862,157139
4,1695059120977,20,2858,157159
4,1695059120977,24,2862,157183
4,1695059120977,16,2858,157199
4,1695059120977,20,2870,157219
4,1695059120977,20,2870,157239
4,1695059120977,27,2878,157266
4,1695059120977,13,2878,157279
4,1695059120977,20,2894,157299
4,1695059120977,20,2894,157319
4,1695059120977,27,2894,157346
4,1695059120977,13,2902,157359
4,1695059120977,20,2902,157379
4,1695059120977,20,2894,157399
4,1695059120977,27,2894,157426
4,1695059120977,13,2902,157439
4,1695059120977,20,2902,157459
4,1695059120977,20,2902,157479
4,1695059120977,41,2910,157520
4,1695059120977,20,2910,157540
4,1695059120977,20,2894,157560
4,1695059120977,22,2902,157582
4,1695059120977,18,2894,157600
4,1695059120977,20,2902,157620
4,1695059120977,20,2902,157640
4,1695059120977,20,2894,157660
4,1695059120977,20,2894,157680
4,1695059120977,20,2870,157700
4,1695059120977,20,2862,157720
4,1695059120977,20,2862,157740
4,1695059120977,20,2862,157760
4,1695059120977,20,2862,157780
4,1695059120977,23,2862,157803
4,1695059120977,17,2846,157820
4,1695059120977,21,2842,157841
4,1695059120977,20,2814,157861
4,1695059120977,22,2838,157883
4,1695059120977,25,2814,157908
4,1695059120977,14,2838,157922
4,1695059120977,20,2814,157942
4,1695059120977,28,2814,157970
4,1695059120977,12,2814,157982
4,1695059120977,20,2838,158002
4,1695059120977,20,2838,158022
4,1695059120977,27,2846,158049
4,1695059120977,13,2846,158062
4,1695059120977,20,2846,158082
4,1695059120977,20,2862,158102
4,1695059120977,41,2870,158143
4,1695059120977,20,2870,158163
4,1695059120977,20,2878,158183
4,1695059120977,23,2874,158206
4,1695059120977,18,2862,158224
4,1695059120977,20,2878,158244
4,1695059120977,20,2878,158264
4,1695059120977,20,2878,158284
4,1695059120977,20,2878,158304
4,1695059120977,20,2878,158324
4,1695059120977,20,2894,158344
4,1695059120977,20,2870,158364
4,1695059120977,20,2874,158384
4,1695059120977,20,2878,158404
4,1695059120977,24,2870,158428
4,1695059120977,17,2870,158445
4,1695059120977,21,2870,158466
4,1695059120977,25,2862,158491
4,1695059120977,17,2862,158508
4,1695059120977,17,2862,158525
4,1695059120977,20,2854,158545
4,1695059120977,20,2846,158565
4,1695059120977,27,2846,158592
4,1695059120977,13,2846,158605
4,1695059120977,20,2814,158625
4,1695059120977,20,2814,158645
4,1695059120977,27,2814,158672
4,1695059120977,13,2814,158685
4,1695059120977,20,2814,158705
4,1695059120977,20,2798,158725
4,1695059120977,41,2806,158766
4,1695059120977,20,2798,158786
4,1695059120977,20,2814,158806
4,1695059120977,23,2814,158829
4,1695059120977,17,2838,158846
4,1695059120977,20,2846,158866
4,1695059120977,20,2838,158886
4,1695059120977,21,2846,158907
4,1695059120977,20,2862,158927
4,1695059120977,20,2862,158947
4,1695059120977,20,2862,158967
4,1695059120977,20,2862,158987
4,1695059120977,20,2858,159007
4,1695059120977,20,2862,159027
4,1695059120977,23,2862,159050
4,1695059120977,17,2870,159067
4,1695059120977,20,2878,159087
4,1695059120977,20,2862,159107
4,1695059120977,23,2878,159130
4,1695059120977,17,2878,159147
4,1695059120977,20,2878,159167
4,1695059120977,20,2894,159187
4,1695059120977,27,2890,159214
4,1695059120977,13,2878,159227
4,1695059120977,20,2870,159247
4,1695059120977,20,2870,159267
4,1695059120977,27,2870,159294
4,1695059120977,13,2858,159307
4,1695059120977,21,2862,159328
4,1695059120977,25,2854,159353
4,1695059120977,35,2854,159388
4,1695059120977,20,2854,159408
4,1695059120977,20,2846,159428
4,1695059120977,24,2838,159452
4,1695059120977,17,2814,159469
4,1695059120977,20,2814,159489
4,1695059120977,20,2814,159509
4,1695059120977,22,2814,159531
4,1695059120977,18,2814,159549
4,1695059120977,20,2814,159569
4,1695059120977,20,2842,159589
4,1695059120977,20,2846,159609
4,1695059120977,20,2862,159629
4,1695059120977,21,2862,159650
4,1695059120977,20,2878,159670
4,1695059120977,20,2878,159690
4,1695059120977,20,2894,159710
4,1695059120977,20,2894,159730
4,1695059120977,23,2902,159753
4,1695059120977,17,2902,159770
4,1695059120977,20,2902,159790
4,1695059120977,20,2910,159810
4,1695059120977,27,2910,159837
4,1695059120977,13,2910,159850
4,1695059120977,20,2910,159870
4,1695059120977,20,2910,159890
4,1695059120977,27,2910,159917
4,1695059120977,13,2926,159930
4,1695059120977,20,2926,159950
4,1695059120977,20,2926,159970
4,1695059120977,41,2926,160011
4,1695059120977,20,2926,160031
4,1695059120977,20,2918,160051
4,1695059120977,24,2926,160075
4,1695059120977,16,2926,160091
4,1695059120977,21,2910,160112
4,1695059120977,27,2910,160139
4,1695059120977,13,2926,160152
4,1695059120977,20,2910,160172
4,1695059120977,20,2910,160192
4,1695059120977,20,2910,160212
4,1695059120977,20,2910,160232
4,1695059120977,20,2910,160252
4,1695059120977,20,2910,160272
4,1695059120977,20,2902,160292
4,1695059120977,20,2894,160312
4,1695059120977,20,2902,160332
4,1695059120977,20,2902,160352
4,1695059120977,23,2910,160375
4,1695059120977,17,2926,160392
4,1695059120977,20,2942,160412
4,1695059120977,20,2942,160432
4,1695059120977,27,2966,160459
4,1695059120977,13,2974,160472
4,1695059120977,20,2974,160492
4,1695059120977,20,2990,160512
4,1695059120977,27,2990,160539
4,1695059120977,14,2998,160553
4,1695059120977,20,3006,160573
4,1695059120977,20,3006,160593
4,1695059120977,27,3006,160620
4,1695059120977,13,3006,160633
4,1695059120977,20,3022,160653
4,1695059120977,20,3022,160673
4,1695059120977,41,3022,160714
4,1695059120977,20,3022,160734
4,1695059120977,20,3038,160754
4,1695059120977,22,3034,160776
4,1695059120977,18,3038,160794
4,1695059120977,20,3030,160814
4,1695059120977,20,3030,160834
4,1695059120977,20,3038,160854
4,1695059120977,20,3030,160874
4,1695059120977,20,3038,160894
4,1695059120977,20,3030,160914
4,1695059120977,20,3022,160934
4,1695059120977,20,3030,160954
4,1695059120977,20,3030,160974
4,1695059120977,24,3022,160998
4,1695059120977,17,3006,161015
4,1695059120977,20,3006,161035
4,1695059120977,21,3006,161056
4,1695059120977,37,3006,161093
4,1695059120977,7,3006,161100
4,1695059120977,15,3022,161115
4,1695059120977,20,3006,161135
4,1695059120977,27,3006,161162
4,1695059120977,13,3038,161175
4,1695059120977,20,3054,161195
4,1695059120977,20,3070,161215
4,1695059120977,27,3070,161242
4,1695059120977,13,3070,161255
4,1695059120977,20,3070,161275
4,1695059120977,20,3070,161295
4,1695059120977,41,3118,161336
4,1695059120977,20,3114,161356
4,1695059120977,20,3118,161376
4,1695059120977,23,3118,161399
4,1695059120977,18,3134,161417
4,1695059120977,20,3126,161437
4,1695059120977,21,3134,161458
4,1695059120977,19,3134,161477
4,1695059120977,20,3134,161497
4,1695059120977,20,3158,161517
4,1695059120977,20,3150,161537
4,1695059120977,20,3150,161557
4,1695059120977,20,3150,161577
4,1695059120977,20,3150,161597
4,1695059120977,23,3150,161620
4,1695059120977,18,3150,161638
4,1695059120977,26,3134,161664
4,1695059120977,14,3150,161678
4,1695059120977,23,3150,161701
4,1695059120977,17,3130,161718
4,1695059120977,20,3134,161738
4,1695059120977,20,3126,161758
4,1695059120977,28,3134,161786
4,1695059120977,14,3118,161800
4,1695059120977,19,3118,161819
4,1695059120977,20,3118,161839
4,1695059120977,179,3102,162018
4,1695059120977,8,3070,162026
4,1695059120977,38,3070,162064
4,1695059120977,17,3102,162081
4,1695059120977,20,3126,162101
4,1695059120977,20,3134,162121
4,1695059120977,23,3150,162144
4,1695059120977,17,3158,162161
4,1695059120977,20,3166,162181
4,1695059120977,21,3178,162202
4,1695059120977,20,3166,162222
4,1695059120977,20,3182,162242
4,1695059120977,20,3190,162262
4,1695059120977,21,3190,162283
4,1695059120977,20,3198,162303
4,1695059120977,20,3198,162323
4,1695059120977,20,3198,162343
4,1695059120977,20,3198,162363
4,1695059120977,21,3198,162384
4,1695059120977,20,3198,162404
4,1695059120977,21,3198,162425
4,1695059120977,23,3198,162448
4,1695059120977,17,3198,162465
4,1695059120977,21,3198,162486
4,1695059120977,20,3198,162506
4,1695059120977,27,3222,162533
4,1695059120977,13,3198,162546
4,1695059120977,20,3198,162566
4,1695059120977,20,3198,162586
4,1695059120977,27,3198,162613
4,1695059120977,13,3194,162626
4,1695059120977,20,3198,162646
4,1695059120977,20,3190,162666
4,1695059120977,20,3182,162686
4,1695059120977,20,3182,162706
4,1695059120977,20,3182,162726
4,1695059120977,20,3166,162746
4,1695059120977,23,3166,162769
4,1695059120977,17,3158,162786
4,1695059120977,20,3166,162806
4,1695059120977,20,3158,162826
4,1695059120977,22,3162,162848
4,1695059120977,18,3190,162866
4,1695059120977,20,3182,162886
4,1695059120977,20,3198,162906
4,1695059120977,20,3222,162926
4,1695059120977,20,3226,162946
4,1695059120977,21,3230,162967
4,1695059120977,20,3230,162987
4,1695059120977,20,3242,163007
4,1695059120977,20,3246,163027
4,1695059120977,20,3246,163047
4,1695059120977,23,3246,163070
4,1695059120977,17,3246,163087
4,1695059120977,20,3246,163107
4,1695059120977,20,3262,163127
4,1695059120977,27,3262,163154
4,1695059120977,13,3254,163167
4,1695059120977,20,3262,163187
4,1695059120977,20,3262,163207
4,1695059120977,27,3262,163234
4,1695059120977,13,3262,163247
4,1695059120977,20,3262,163267
4,1695059120977,20,3262,163287
4,1695059120977,41,3262,163328
4,1695059120977,20,3258,163348
4,1695059120977,20,3246,163368
4,1695059120977,24,3254,163392
4,1695059120977,16,3246,163408
4,1695059120977,21,3246,163429
4,1695059120977,28,3242,163457
4,1695059120977,17,3242,163474
4,1695059120977,15,3230,163489
4,1695059120977,20,3230,163509
4,1695059120977,20,3222,163529
4,1695059120977,21,3230,163550
4,1695059120977,19,3198,163569
4,1695059120977,20,3198,163589
4,1695059120977,20,3214,163609
4,1695059120977,20,3230,163629
4,1695059120977,20,3246,163649
4,1695059120977,20,3254,163669
4,1695059120977,23,3262,163692
4,1695059120977,17,3262,163709
4,1695059120977,20,3286,163729
4,1695059120977,20,3310,163749
4,1695059120977,27,3310,163776
4,1695059120977,13,3310,163789
4,1695059120977,20,3318,163809
4,1695059120977,20,3310,163829
4,1695059120977,27,3326,163856
4,1695059120977,13,3326,163869
4,1695059120977,20,3326,163889
4,1695059120977,20,3326,163909
4,1695059120977,41,3326,163950
4,1695059120977,20,3326,163970
4,1695059120977,20,3350,163990
4,1695059120977,40,3358,164030
4,1695059120977,21,3350,164051
4,1695059120977,20,3350,164071
4,1695059120977,22,3342,164093
4,1695059120977,18,3342,164111
4,1695059120977,21,3326,164132
4,1695059120977,28,3326,164160
4,1695059120977,17,3326,164177
4,1695059120977,14,3326,164191
4,1695059120977,21,3326,164212
4,1695059120977,20,3326,164232
4,1695059120977,19,3326,164251
4,1695059120977,21,3326,164272
4,1695059120977,21,3318,164293
4,1695059120977,22,3318,164315
4,1695059120977,17,3310,164332
4,1695059120977,20,3310,164352
4,1695059120977,20,3318,164372
4,1695059120977,23,3326,164395
4,1695059120977,17,3326,164412
4,1695059120977,20,3326,164432
4,1695059120977,20,3358,164452
4,1695059120977,27,3374,164479
4,1695059120977,13,3374,164492
4,1695059120977,20,3390,164512
4,1695059120977,20,3390,164532
4,1695059120977,27,3414,164559
4,1695059120977,13,3422,164572
4,1695059120977,20,3422,164592
4,1695059120977,20,3422,164612
4,1695059120977,41,3438,164653
4,1695059120977,20,3438,164673
4,1695059120977,20,3422,164693
4,1695059120977,22,3438,164715
4,1695059120977,18,3438,164733
4,1695059120977,20,3438,164753
4,1695059120977,20,3438,164773
4,1695059120977,20,3446,164793
4,1695059120977,20,3446,164813
4,1695059120977,20,3438,164833
4,1695059120977,20,3454,164853
4,1695059120977,20,3438,164873
4,1695059120977,20,3438,164893
4,1695059120977,20,3422,164913
4,1695059120977,23,3422,164936
4,1695059120977,35,3422,164971
4,1695059120977,8,3414,164979
4,1695059120977,14,3414,164993
4,1695059120977,23,3406,165016
4,1695059120977,39,3390,165055
4,1695059120977,20,3374,165075
4,1695059120977,27,3374,165102
4,1695059120977,13,3370,165115
4,1695059120977,20,3370,165135
4,1695059120977,20,3374,165155
4,1695059120977,27,3366,165182
4,1695059120977,14,3374,165196
4,1695059120977,20,3390,165216
4,1695059120977,20,3406,165236
4,1695059120977,41,3414,165277
4,1695059120977,20,3422,165297
4,1695059120977,20,3422,165317
4,1695059120977,23,3422,165340
4,1695059120977,17,3422,165357
4,1695059120977,20,3422,165377
4,1695059120977,21,3438,165398
4,1695059120977,20,3422,165418
4,1695059120977,20,3422,165438
4,1695059120977,20,3438,165458
4,1695059120977,20,3438,165478
4,1695059120977,20,3438,165498
4,1695059120977,20,3422,165518
4,1695059120977,20,3438,165538
4,1695059120977,23,3438,165561
4,1695059120977,17,3422,165578
4,1695059120977,20,3422,165598
4,1695059120977,20,3422,165618
4,1695059120977,23,3414,165641
4,1695059120977,17,3418,165658
4,1695059120977,20,3406,165678
4,1695059120977,20,3406,165698
4,1695059120977,27,3390,165725
4,1695059120977,14,3390,165739
4,1695059120977,25,3382,165764
4,1695059120977,14,3374,165778
4,1695059120977,27,3358,165805
4,1695059120977,13,3358,165818
4,1695059120977,20,3358,165838
4,1695059120977,20,3350,165858
4,1695059120977,41,3326,165899
4,1695059120977,20,3326,165919
4,1695059120977,20,3326,165939
4,1695059120977,23,3326,165962
4,1695059120977,17,3350,165979
4,1695059120977,20,3358,165999
4,1695059120977,20,3358,166019
4,1695059120977,21,3366,166040
4,1695059120977,19,3390,166059
4,1695059120977,20,3374,166079
4,1695059120977,21,3390,166100
4,1695059120977,21,3390,166121
4,1695059120977,19,3374,166140
4,1695059120977,20,3374,166160
4,1695059120977,23,3390,166183
4,1695059120977,17,3374,166200
4,1695059120977,20,3374,166220
4,1695059120977,20,3374,166240
4,1695059120977,23,3382,166263
4,1695059120977,17,3382,166280
4,1695059120977,20,3374,166300
4,1695059120977,20,3374,166320
4,1695059120977,27,3366,166347
4,1695059120977,13,3374,166360
4,1695059120977,20,3370,166380
4,1695059120977,20,3366,166400
4,1695059120977,27,3358,166427
4,1695059120977,13,3358,166440
4,1695059120977,20,3350,166460
4,1695059120977,20,3350,166480
4,1695059120977,41,3326,166521
4,1695059120977,21,3326,166542
4,1695059120977,26,3318,166568
4,1695059120977,19,3326,166587
4,1695059120977,15,3310,166602
4,1695059120977,20,3310,166622
4,1695059120977,20,3310,166642
4,1695059120977,21,3294,166663
4,1695059120977,19,3294,166682
4,1695059120977,20,3294,166702
4,1695059120977,20,3310,166722
4,1695059120977,20,3310,166742
4,1695059120977,20,3318,166762
4,1695059120977,20,3326,166782
4,1695059120977,20,3326,166802
4,1695059120977,20,3326,166822
4,1695059120977,20,3326,166842
4,1695059120977,20,3342,166862
4,1695059120977,23,3358,166885
4,1695059120977,17,3350,166902
4,1695059120977,20,3354,166922
4,1695059120977,20,3358,166942
4,1695059120977,27,3350,166969
4,1695059120977,13,3350,166982
4,1695059120977,21,3358,167003
4,1695059120977,20,3358,167023
4,1695059120977,22,3354,167045
4,1695059120977,18,3350,167063
4,1695059120977,20,3326,167083
4,1695059120977,20,3350,167103
4,1695059120977,41,3326,167144
4,1695059120977,20,3326,167164
4,1695059120977,20,3326,167184
4,1695059120977,24,3326,167208
4,1695059120977,16,3326,167224
4,1695059120977,20,3310,167244
4,1695059120977,20,3310,167264
4,1695059120977,22,3294,167286
4,1695059120977,25,3294,167311
4,1695059120977,12,3286,167323
4,1695059120977,20,3294,167343
4,1695059120977,20,3278,167363
4,1695059120977,20,3262,167383
4,1695059120977,20,3278,167403
4,1695059120977,20,3262,167423
4,1695059120977,20,3254,167443
4,1695059120977,20,3262,167463
4,1695059120977,20,3254,167483
4,1695059120977,23,3262,167506
4,1695059120977,17,3262,167523
4,1695059120977,20,3278,167543
4,1695059120977,20,3278,167563
4,1695059120977,28,3286,167591
4,1695059120977,13,3294,167604
4,1695059120977,21,3286,167625
4,1695059120977,20,3294,167645
4,1695059120977,28,3310,167673
4,1695059120977,13,3294,167686
4,1695059120977,20,3294,167706
4,1695059120977,20,3294,167726
4,1695059120977,27,3294,167753
4,1695059120977,13,3294,167766
4,1695059120977,20,3294,167786
4,1695059120977,20,3310,167806
4,1695059120977,41,3294,167847
4,1695059120977,20,3286,167867
4,1695059120977,20,3286,167887
4,1695059120977,22,3286,167909
4,1695059120977,18,3278,167927
4,1695059120977,20,3278,167947
4,1695059120977,20,3262,167967
4,1695059120977,21,3258,167988
4,1695059120977,26,3246,168014
4,1695059120977,13,3262,168027
4,1695059120977,20,3230,168047
4,1695059120977,20,3226,168067
4,1695059120977,20,3230,168087
4,1695059120977,20,3222,168107
4,1695059120977,23,3198,168130
4,1695059120977,18,3198,168148
4,1695059120977,20,3182,168168
4,1695059120977,20,3190,168188
4,1695059120977,24,3178,168212
4,1695059120977,17,3162,168229
4,1695059120977,20,3166,168249
4,1695059120977,20,3166,168269
4,1695059120977,27,3166,168296
4,1695059120977,13,3166,168309
4,1695059120977,20,3178,168329
4,1695059120977,20,3182,168349
4,1695059120977,27,3182,168376
4,1695059120977,13,3190,168389
4,1695059120977,20,3190,168409
4,1695059120977,20,3190,168429
4,1695059120977,41,3182,168470
4,1695059120977,20,3198,168490
4,1695059120977,20,3182,168510
4,1695059120977,23,3190,168533
4,1695059120977,18,3166,168551
4,1695059120977,20,3182,168571
4,1695059120977,20,3166,168591
4,1695059120977,20,3166,168611
4,1695059120977,20,3166,168631
4,1695059120977,20,3166,168651
4,1695059120977,20,3158,168671
4,1695059120977,20,3158,168691
4,1695059120977,20,3150,168711
4,1695059120977,20,3134,168731
4,1695059120977,23,3134,168754
4,1695059120977,18,3134,168772
4,1695059120977,20,3118,168792
4,1695059120977,21,3118,168813
4,1695059120977,38,3114,168851
4,1695059120977,8,3110,168859
4,1695059120977,14,3102,168873
4,1695059120977,20,3070,168893
4,1695059120977,28,3070,168921
4,1695059120977,13,3070,168934
4,1695059120977,20,3070,168954
4,1695059120977,20,3054,168974
4,1695059120977,27,3054,169001
4,1695059120977,13,3038,169014
4,1695059120977,20,3034,169034
4,1695059120977,20,3038,169054
4,1695059120977,41,3038,169095
4,1695059120977,20,3046,169115
4,1695059120977,20,3038,169135
4,1695059120977,23,3038,169158
4,1695059120977,17,3054,169175
4,1695059120977,20,3038,169195
4,1695059120977,20,3038,169215
4,1695059120977,20,3038,169235
4,1695059120977,20,3030,169255
4,1695059120977,20,3022,169275
4,1695059120977,20,3006,169295
4,1695059120977,20,3030,169315
4,1695059120977,20,3006,169335
4,1695059120977,20,3006,169355
4,1695059120977,24,3006,169379
4,1695059120977,17,2990,169396
4,1695059120977,19,2998,169415
4,1695059120977,20,2990,169435
4,1695059120977,23,2986,169458
4,1695059120977,18,2966,169476
4,1695059120977,20,2974,169496
4,1695059120977,20,2974,169516
4,1695059120977,27,2966,169543
4,1695059120977,13,2942,169556
4,1695059120977,20,2942,169576
4,1695059120977,20,2926,169596
4,1695059120977,27,2926,169623
4,1695059120977,14,2922,169637
4,1695059120977,26,2910,169663
4,1695059120977,13,2910,169676
4,1695059120977,41,2894,169717
4,1695059120977,20,2894,169737
4,1695059120977,20,2878,169757
4,1695059120977,24,2878,169781
4,1695059120977,17,2862,169798
4,1695059120977,20,2862,169818
4,1695059120977,20,2862,169838
4,1695059120977,22,2862,169860
4,1695059120977,19,2862,169879
4,1695059120977,20,2878,169899
4,1695059120977,20,2862,169919
4,1695059120977,21,2862,169940
4,1695059120977,19,2870,169959
4,1695059120977,20,2878,169979
4,1695059120977,23,2870,170002
4,1695059120977,17,2862,170019
4,1695059120977,20,2870,170039
4,1695059120977,20,2862,170059
4,1695059120977,23,2846,170082
4,1695059120977,17,2846,170099
4,1695059120977,20,2854,170119
4,1695059120977,20,2846,170139
4,1695059120977,27,2838,170166
4,1695059120977,13,2830,170179
4,1695059120977,20,2814,170199
4,1695059120977,20,2814,170219
4,1695059120977,27,2814,170246
4,1695059120977,13,2814,170259
4,1695059120977,20,2814,170279
4,1695059120977,20,2798,170299
4,1695059120977,41,2782,170340
4,1695059120977,20,2782,170360
4,1695059120977,21,2774,170381
4,1695059120977,38,2766,170419
4,1695059120977,8,2750,170427
4,1695059120977,14,2734,170441
4,1695059120977,20,2742,170461
4,1695059120977,22,2734,170483
4,1695059120977,19,2734,170502
4,1695059120977,20,2710,170522
4,1695059120977,20,2710,170542
4,1695059120977,20,2686,170562
4,1695059120977,20,2686,170582
4,1695059120977,20,2684,170602
4,1695059120977,23,2686,170625
4,1695059120977,17,2686,170642
4,1695059120977,20,2682,170662
4,1695059120977,20,2686,170682
4,1695059120977,24,2686,170706
4,1695059120977,17,2686,170723
4,1695059120977,19,2686,170742
4,1695059120977,20,2686,170762
4,1695059120977,27,2682,170789
4,1695059120977,13,2682,170802
4,1695059120977,20,2678,170822
4,1695059120977,20,2686,170842
4,1695059120977,27,2670,170869
4,1695059120977,13,2678,170882
4,1695059120977,20,2654,170902
4,1695059120977,20,2654,170922
4,1695059120977,27,2654,170949
4,1695059120977,14,2654,170963
4,1695059120977,20,2650,170983
4,1695059120977,20,2654,171003
4,1695059120977,41,2634,171044
4,1695059120977,20,2634,171064
4,1695059120977,20,2622,171084
4,1695059120977,22,2622,171106
4,1695059120977,19,2622,171125
4,1695059120977,26,2618,171151
4,1695059120977,13,2606,171164
4,1695059120977,20,2606,171184
4,1695059120977,20,2590,171204
4,1695059120977,20,2590,171224
4,1695059120977,20,2582,171244
4,1695059120977,20,2582,171264
4,1695059120977,20,2558,171284
4,1695059120977,20,2558,171304
4,1695059120977,23,2558,171327
4,1695059120977,17,2550,171344
4,1695059120977,20,2542,171364
4,1695059120977,20,2542,171384
4,1695059120977,21,2542,171405
4,1695059120977,19,2542,171424
4,1695059120977,20,2526,171444
4,1695059120977,20,2542,171464
4,1695059120977,27,2550,171491
4,1695059120977,14,2542,171505
4,1695059120977,20,2542,171525
4,1695059120977,20,2558,171545
4,1695059120977,21,2542,171566
4,1695059120977,19,2542,171585
4,1695059120977,20,2554,171605
4,1695059120977,20,2542,171625
4,1695059120977,41,2526,171666
4,1695059120977,20,2518,171686
4,1695059120977,20,2526,171706
4,1695059120977,23,2518,171729
4,1695059120977,17,2518,171746
4,1695059120977,20,2518,171766
4,1695059120977,20,2518,171786
4,1695059120977,20,2494,171806
4,1695059120977,20,2494,171826
4,1695059120977,20,2510,171846
4,1695059120977,20,2486,171866
4,1695059120977,20,2494,171886
4,1695059120977,20,2478,171906
4,1695059120977,21,2474,171927
4,1695059120977,38,2462,171965
4,1695059120977,8,2470,171973
4,1695059120977,14,2446,171987
4,1695059120977,20,2454,172007
4,1695059120977,23,2430,172030
4,1695059120977,18,2430,172048
4,1695059120977,20,2430,172068
4,1695059120977,20,2422,172088
4,1695059120977,41,2410,172129
4,1695059120977,20,2398,172149
4,1695059120977,20,2398,172169
4,1695059120977,28,2398,172197
4,1695059120977,13,2414,172210
4,1695059120977,19,2410,172229
4,1695059120977,20,2414,172249
4,1695059120977,0,2414,172249
4,1695059120977,14,2398,172263
4,1695059120977,19,2398,172282
4,1695059120977,46,2398,172328
4,1695059120977,15,2390,172343
4,1695059120977,20,2398,172363
4,1695059120977,19,2390,172382
4,1695059120977,21,2382,172403
4,1695059120977,20,2382,172423
4,1695059120977,20,2382,172443
4,1695059120977,20,2378,172463
4,1695059120977,20,2366,172483
4,1695059120977,20,2366,172503
4,1695059120977,24,2358,172527
4,1695059120977,17,2362,172544
4,1695059120977,19,2358,172563
4,1695059120977,20,2350,172583
4,1695059120977,23,2334,172606
4,1695059120977,17,2350,172623
4,1695059120977,20,2334,172643
4,1695059120977,20,2334,172663
4,1695059120977,27,2334,172690
4,1695059120977,14,2318,172704
4,1695059120977,25,2318,172729
4,1695059120977,14,2302,172743
4,1695059120977,27,2302,172770
4,1695059120977,13,2302,172783
4,1695059120977,20,2286,172803
4,1695059120977,20,2294,172823
4,1695059120977,41,2302,172864
4,1695059120977,20,2302,172884
4,1695059120977,20,2302,172904
4,1695059120977,23,2318,172927
4,1695059120977,17,2302,172944
4,1695059120977,20,2302,172964
4,1695059120977,20,2302,172984
4,1695059120977,21,2302,173005
4,1695059120977,19,2326,173024
4,1695059120977,20,2302,173044
4,1695059120977,21,2302,173065
4,1695059120977,20,2302,173085
4,1695059120977,20,2302,173105
4,1695059120977,20,2302,173125
4,1695059120977,23,2302,173148
4,1695059120977,16,2302,173164
4,1695059120977,21,2302,173185
4,1695059120977,20,2302,173205
4,1695059120977,23,2302,173228
4,1695059120977,17,2302,173245
4,1695059120977,20,2302,173265
4,1695059120977,21,2302,173286
4,1695059120977,26,2302,173312
4,1695059120977,13,2302,173325
4,1695059120977,20,2302,173345
4,1695059120977,20,2302,173365
4,1695059120977,27,2298,173392
4,1695059120977,13,2302,173405
4,1695059120977,20,2294,173425
4,1695059120977,21,2302,173446
4,1695059120977,39,2294,173485
4,1695059120977,21,2286,173506
4,1695059120977,20,2286,173526
4,1695059120977,24,2294,173550
4,1695059120977,16,2298,173566
4,1695059120977,21,2302,173587
4,1695059120977,20,2302,173607
4,1695059120977,20,2318,173627
4,1695059120977,20,2330,173647
4,1695059120977,20,2346,173667
4,1695059120977,20,2334,173687
4,1695059120977,20,2334,173707
4,1695059120977,20,2358,173727
4,1695059120977,20,2350,173747
4,1695059120977,23,2366,173770
4,1695059120977,17,2378,173787
4,1695059120977,20,2382,173807
4,1695059120977,20,2382,173827
4,1695059120977,23,2390,173850
4,1695059120977,17,2390,173867
4,1695059120977,20,2398,173887
4,1695059120977,20,2398,173907
4,1695059120977,27,2410,173934
4,1695059120977,13,2410,173947
4,1695059120977,20,2414,173967
4,1695059120977,20,2414,173987
4,1695059120977,27,2410,174014
4,1695059120977,13,2410,174027
4,1695059120977,20,2414,174047
4,1695059120977,20,2414,174067
4,1695059120977,41,2414,174108
4,1695059120977,19,2414,174127
4,1695059120977,21,2414,174148
4,1695059120977,25,2414,174173
4,1695059120977,32,2410,174205
4,1695059120977,8,2414,174213
4,1695059120977,16,2414,174229
4,1695059120977,22,2430,174251
4,1695059120977,18,2430,174269
4,1695059120977,21,2430,174290
4,1695059120977,20,2430,174310
4,1695059120977,20,2462,174330
4,1695059120977,20,2474,174350
4,1695059120977,20,2462,174370
4,1695059120977,20,2486,174390
4,1695059120977,20,2494,174410
4,1695059120977,20,2486,174430
4,1695059120977,20,2494,174450
4,1695059120977,23,2494,174473
4,1695059120977,17,2494,174490
4,1695059120977,20,2494,174510
4,1695059120977,20,2518,174530
4,1695059120977,27,2522,174557
4,1695059120977,13,2526,174570
4,1695059120977,20,2526,174590
4,1695059120977,20,2518,174610
4,1695059120977,27,2526,174637
4,1695059120977,13,2522,174650
4,1695059120977,20,2526,174670
4,1695059120977,20,2526,174690
4,1695059120977,27,2526,174717
4,1695059120977,14,2526,174731
4,1695059120977,20,2526,174751
4,1695059120977,20,2542,174771
4,1695059120977,41,2518,174812
4,1695059120977,20,2518,174832
4,1695059120977,21,2510,174853
4,1695059120977,38,2510,174891
4,1695059120977,8,2518,174899
4,1695059120977,14,2518,174913
4,1695059120977,20,2518,174933
4,1695059120977,20,2518,174953
4,1695059120977,20,2518,174973
4,1695059120977,20,2526,174993
4,1695059120977,19,2542,175012
4,1695059120977,21,2550,175033
4,1695059120977,20,2550,175053
4,1695059120977,20,2558,175073
4,1695059120977,23,2558,175096
4,1695059120977,17,2586,175113
4,1695059120977,20,2582,175133
4,1695059120977,26,2590,175159
4,1695059120977,16,2598,175175
4,1695059120977,18,2606,175193
4,1695059120977,20,2606,175213
4,1695059120977,20,2614,175233
4,1695059120977,27,2614,175260
4,1695059120977,14,2622,175274
4,1695059120977,19,2622,175293
4,1695059120977,20,2638,175313
4,1695059120977,28,2622,175341
4,1695059120977,14,2622,175355
4,1695059120977,20,2638,175375
4,1695059120977,20,2622,175395
4,1695059120977,41,2622,175436
4,1695059120977,20,2638,175456
4,1695059120977,20,2622,175476
4,1695059120977,23,2622,175499
4,1695059120977,16,2622,175515
4,1695059120977,21,2622,175536
4,1695059120977,19,2638,175555
4,1695059120977,20,2622,175575
4,1695059120977,20,2622,175595
4,1695059120977,20,2622,175615
4,1695059120977,20,2606,175635
4,1695059120977,20,2614,175655
4,1695059120977,21,2622,175676
4,1695059120977,20,2614,175696
4,1695059120977,23,2634,175719
4,1695059120977,16,2634,175735
4,1695059120977,22,2638,175757
4,1695059120977,26,2654,175783
4,1695059120977,14,2654,175797
4,1695059120977,19,2666,175816
4,1695059120977,20,2670,175836
4,1695059120977,20,2670,175856
4,1695059120977,27,2686,175883
4,1695059120977,13,2686,175896
4,1695059120977,20,2686,175916
4,1695059120977,20,2686,175936
4,1695059120977,29,2702,175965
4,1695059120977,13,2686,175978
4,1695059120977,20,2702,175998
4,1695059120977,20,2702,176018
4,1695059120977,41,2710,176059
4,1695059120977,20,2718,176079
4,1695059120977,20,2718,176099
5,1695059403377,0,8190,0
5,1695059403377,41,8190,41
5,1695059403377,19,8126,60
5,1695059403377,20,8062,80
5,1695059403377,24,7998,104
5,1695059403377,16,7950,120
5,1695059403377,20,7902,140
5,1695059403377,20,7870,160
5,1695059403377,22,7838,182
5,1695059403377,18,7830,200
5,1695059403377,20,7830,220
5,1695059403377,20,7806,240
5,1695059403377,20,7798,260
5,1695059403377,20,7838,280
5,1695059403377,20,7886,300
5,1695059403377,20,7886,320
5,1695059403377,20,7870,340
5,1695059403377,20,7854,360
5,1695059403377,20,7798,380
5,1695059403377,23,7758,403
5,1695059403377,18,7678,421
5,1695059403377,20,7614,441
5,1695059403377,20,7550,461
5,1695059403377,27,7518,488
5,1695059403377,14,7454,502
5,1695059403377,20,7406,522
5,1695059403377,20,7342,542
5,1695059403377,27,7294,569
5,1695059403377,13,7230,582
5,1695059403377,20,7190,602
5,1695059403377,20,7102,622
5,1695059403377,41,7038,663
5,1695059403377,20,6974,683
5,1695059403377,20,6910,703
5,1695059403377,24,6846,727
5,1695059403377,16,6774,743
5,1695059403377,20,6702,763
5,1695059403377,20,6622,783
5,1695059403377,22,6550,805
5,1695059403377,18,6478,823
5,1695059403377,20,6398,843
5,1695059403377,20,6334,863
5,1695059403377,21,6254,884
5,1695059403377,20,6174,904
5,1695059403377,20,6102,924
5,1695059403377,20,5998,944
5,1695059403377,20,5910,964
5,1695059403377,20,5822,984
5,1695059403377,20,5726,1004
5,1695059403377,23,5622,1027
5,1695059403377,17,5502,1044
5,1695059403377,20,5418,1064
5,1695059403377,20,5334,1084
5,1695059403377,27,5246,1111
5,1695059403377,13,5150,1124
5,1695059403377,20,5070,1144
5,1695059403377,20,5038,1164
5,1695059403377,27,4974,1191
5,1695059403377,13,4910,1204
5,1695059403377,20,4902,1224
5,1695059403377,20,4884,1244
5,1695059403377,41,4926,1285
5,1695059403377,20,4918,1305
5,1695059403377,20,4926,1325
5,1695059403377,23,4926,1348
5,1695059403377,17,4926,1365
5,1695059403377,20,4910,1385
5,1695059403377,20,4886,1405
5,1695059403377,22,4830,1427
5,1695059403377,19,4782,1446
5,1695059403377,20,4734,1466
5,1695059403377,20,4686,1486
5,1695059403377,20,4638,1506
5,1695059403377,20,4542,1526
5,1695059403377,20,4462,1546
5,1695059403377,20,4342,1566
5,1695059403377,20,4222,1586
5,1695059403377,20,4094,1606
5,1695059403377,20,4014,1626
5,1695059403377,23,3934,1649
5,1695059403377,17,3902,1666
5,1695059403377,20,3886,1686
5,1695059403377,20,3870,1706
5,1695059403377,27,3882,1733
5,1695059403377,13,3882,1746
5,1695059403377,20,3838,1766
5,1695059403377,21,3838,1787
5,1695059403377,26,3862,1813
5,1695059403377,13,3854,1826
5,1695059403377,20,3838,1846
5,1695059403377,20,3774,1866
5,1695059403377,41,3678,1907
5,1695059403377,20,3606,1927
5,1695059403377,20,3518,1947
5,1695059403377,23,3454,1970
5,1695059403377,17,3374,1987
5,1695059403377,20,3286,2007
5,1695059403377,20,3190,2027
5,1695059403377,20,3070,2047
5,1695059403377,20,2974,2067
5,1695059403377,20,2878,2087
5,1695059403377,20,2814,2107
5,1695059403377,20,2814,2127
5,1695059403377,20,2838,2147
5,1695059403377,20,2862,2167
5,1695059403377,23,2862,2190
5,1695059403377,17,2846,2207
5,1695059403377,20,2846,2227
5,1695059403377,20,2814,2247
5,1695059403377,21,2790,2268
5,1695059403377,19,2750,2287
5,1695059403377,20,2726,2307
5,1695059403377,20,2686,2327
5,1695059403377,27,2670,2354
5,1695059403377,13,2638,2367
5,1695059403377,20,2622,2387
5,1695059403377,20,2614,2407
5,1695059403377,27,2614,2434
5,1695059403377,13,2618,2447
5,1695059403377,20,2614,2467
5,1695059403377,20,2606,2487
5,1695059403377,41,2558,2528
5,1695059403377,20,2558,2548
5,1695059403377,20,2558,2568
5,1695059403377,23,2526,2591
5,1695059403377,17,2550,2608
5,1695059403377,20,2550,2628
5,1695059403377,20,2582,2648
5,1695059403377,21,2638,2669
5,1695059403377,20,2670,2689
5,1695059403377,20,2686,2709
5,1695059403377,20,2702,2729
5,1695059403377,20,2726,2749
5,1695059403377,20,2686,2769
5,1695059403377,20,2670,2789
5,1695059403377,23,2638,2812
5,1695059403377,18,2590,2830
5,1695059403377,20,2558,2850
5,1695059403377,20,2526,2870
5,1695059403377,23,2542,2893
5,1695059403377,18,2542,2911
5,1695059403377,20,2462,2931
5,1695059403377,20,2382,2951
5,1695059403377,27,2302,2978
5,1695059403377,13,2262,2991
5,1695059403377,20,2218,3011
5,1695059403377,20,2134,3031
5,1695059403377,27,2046,3058
5,1695059403377,13,1950,3071
5,1695059403377,20,1898,3091
5,1695059403377,20,1830,3111
5,1695059403377,41,1718,3152
5,1695059403377,20,1710,3172
5,1695059403377,20,1658,3192
5,1695059403377,23,1612,3215
5,1695059403377,17,1574,3232
5,1695059403377,20,1518,3252
5,1695059403377,20,1492,3272
5,1695059403377,20,1450,3292
5,1695059403377,20,1398,3312
5,1695059403377,20,1372,3332
5,1695059403377,20,1326,3352
5,1695059403377,20,1278,3372
5,1695059403377,20,1258,3392
5,1695059403377,20,1214,3412
5,1695059403377,23,1148,3435
5,1695059403377,18,1098,3453
5,1695059403377,20,1062,3473
5,1695059403377,20,1022,3493
5,1695059403377,23,1002,3516
5,1695059403377,17,974,3533
5,1695059403377,20,954,3553
5,1695059403377,20,926,3573
5,1695059403377,28,906,3601
5,1695059403377,12,878,3613
5,1695059403377,20,846,3633
5,1695059403377,20,810,3653
5,1695059403377,27,782,3680
5,1695059403377,13,762,3693
5,1695059403377,20,750,3713
5,1695059403377,20,786,3733
5,1695059403377,41,758,3774
5,1695059403377,20,766,3794
5,1695059403377,20,766,3814
5,1695059403377,22,766,3836
5,1695059403377,18,758,3854
5,1695059403377,20,750,3874
5,1695059403377,20,764,3894
5,1695059403377,20,790,3914
5,1695059403377,20,820,3934
5,1695059403377,20,828,3954
5,1695059403377,20,838,3974
5,1695059403377,20,862,3994
5,1695059403377,20,874,4014
5,1695059403377,20,894,4034
5,1695059403377,23,926,4057
5,1695059403377,18,942,4075
5,1695059403377,20,958,4095
5,1695059403377,20,958,4115
5,1695059403377,27,958,4142
5,1695059403377,13,950,4155
5,1695059403377,20,942,4175
5,1695059403377,20,926,4195
5,1695059403377,28,916,4223
5,1695059403377,12,926,4235
5,1695059403377,20,926,4255
5,1695059403377,20,938,4275
5,1695059403377,41,950,4316
5,1695059403377,20,926,4336
5,1695059403377,20,942,4356
5,1695059403377,24,942,4380
5,1695059403377,16,958,4396
5,1695059403377,20,958,4416
5,1695059403377,20,982,4436
5,1695059403377,22,1002,4458
5,1695059403377,19,1022,4477
5,1695059403377,21,1086,4498
5,1695059403377,19,1114,4517
5,1695059403377,20,1150,4537
5,1695059403377,20,1178,4557
5,1695059403377,20,1214,4577
5,1695059403377,20,1262,4597
5,1695059403377,20,1310,4617
5,1695059403377,20,1342,4637
5,1695059403377,21,1390,4658
5,1695059403377,38,1422,4696
5,1695059403377,7,1468,4703
5,1695059403377,15,1518,4718
5,1695059403377,20,1566,4738
5,1695059403377,27,1598,4765
5,1695059403377,13,1630,4778
5,1695059403377,20,1662,4798
5,1695059403377,20,1694,4818
5,1695059403377,27,1750,4845
5,1695059403377,13,1790,4858
5,1695059403377,20,1814,4878
5,1695059403377,20,1830,4898
5,1695059403377,41,1886,4939
5,1695059403377,20,1910,4959
5,1695059403377,20,1910,4979
5,1695059403377,24,1934,5003
5,1695059403377,16,1918,5019
5,1695059403377,20,1950,5039
5,1695059403377,20,1942,5059
5,1695059403377,21,1966,5080
5,1695059403377,19,1966,5099
5,1695059403377,20,1982,5119
5,1695059403377,20,1982,5139
5,1695059403377,20,1966,5159
5,1695059403377,20,1966,5179
5,1695059403377,20,1982,5199
5,1695059403377,20,1950,5219
5,1695059403377,20,1934,5239
5,1695059403377,20,1934,5259
5,1695059403377,20,1958,5279
5,1695059403377,23,2004,5302
5,1695059403377,17,2038,5319
5,1695059403377,20,2078,5339
5,1695059403377,20,2126,5359
5,1695059403377,27,2166,5386
5,1695059403377,14,2238,5400
5,1695059403377,20,2302,5420
5,1695059403377,20,2334,5440
5,1695059403377,27,2346,5467
5,1695059403377,13,2358,5480
5,1695059403377,20,2366,5500
5,1695059403377,20,2390,5520
5,1695059403377,41,2326,5561
5,1695059403377,20,2286,5581
5,1695059403377,20,2270,5601
5,1695059403377,41,2270,5642
5,1695059403377,21,2268,5663
5,1695059403377,20,2260,5683
5,1695059403377,21,2254,5704
5,1695059403377,19,2270,5723
5,1695059403377,20,2302,5743
5,1695059403377,20,2326,5763
5,1695059403377,20,2398,5783
5,1695059403377,20,2454,5803
5,1695059403377,20,2474,5823
5,1695059403377,20,2478,5843
5,1695059403377,20,2478,5863
5,1695059403377,20,2518,5883
5,1695059403377,20,2526,5903
5,1695059403377,23,2558,5926
5,1695059403377,34,2638,5960
5,1695059403377,7,2686,5967
5,1695059403377,16,2734,5983
5,1695059403377,27,2782,6010
5,1695059403377,13,2830,6023
5,1695059403377,20,2878,6043
5,1695059403377,20,2910,6063
5,1695059403377,27,2942,6090
5,1695059403377,13,2974,6103
5,1695059403377,20,2990,6123
5,1695059403377,20,3006,6143
5,1695059403377,41,2990,6184
5,1695059403377,20,2966,6204
5,1695059403377,20,2942,6224
5,1695059403377,23,2958,6247
5,1695059403377,17,2934,6264
5,1695059403377,20,2942,6284
5,1695059403377,21,2942,6305
5,1695059403377,19,2974,6324
5,1695059403377,20,2990,6344
5,1695059403377,20,3006,6364
5,1695059403377,20,3022,6384
5,1695059403377,21,3038,6405
5,1695059403377,20,3070,6425
5,1695059403377,20,3070,6445
5,1695059403377,20,3118,6465
5,1695059403377,20,3118,6485
5,1695059403377,20,3126,6505
5,1695059403377,20,3150,6525
5,1695059403377,24,3150,6549
5,1695059403377,17,3166,6566
5,1695059403377,20,3198,6586
5,1695059403377,20,3198,6606
5,1695059403377,27,3214,6633
5,1695059403377,13,3230,6646
5,1695059403377,20,3230,6666
5,1695059403377,20,3246,6686
5,1695059403377,27,3246,6713
5,1695059403377,13,3246,6726
5,1695059403377,20,3246,6746
5,1695059403377,20,3246,6766
5,1695059403377,40,3230,6806
5,1695059403377,20,3242,6826
5,1695059403377,21,3222,6847
5,1695059403377,37,3226,6884
5,1695059403377,7,3214,6891
5,1695059403377,15,3214,6906
5,1695059403377,20,3198,6926
5,1695059403377,20,3182,6946
5,1695059403377,20,3166,6966
5,1695059403377,20,3166,6986
5,1695059403377,20,3158,7006
5,1695059403377,20,3166,7026
5,1695059403377,20,3150,7046
5,1695059403377,20,3134,7066
5,1695059403377,23,3126,7089
5,1695059403377,18,3118,7107
5,1695059403377,20,3118,7127
5,1695059403377,20,3118,7147
5,1695059403377,23,3114,7170
5,1695059403377,18,3070,7188
5,1695059403377,21,3070,7209
5,1695059403377,20,3102,7229
5,1695059403377,28,3070,7257
5,1695059403377,12,3070,7269
5,1695059403377,20,3070,7289
5,1695059403377,21,3070,7310
5,1695059403377,37,3062,7347
5,1695059403377,7,3054,7354
5,1695059403377,15,3030,7369
5,1695059403377,20,3006,7389
5,1695059403377,41,3006,7430
5,1695059403377,20,2990,7450
5,1695059403377,21,2990,7471
5,1695059403377,23,2974,7494
5,1695059403377,18,2974,7512
5,1695059403377,20,2970,7532
5,1695059403377,20,2964,7552
5,1695059403377,20,2942,7572
5,1695059403377,20,2942,7592
5,1695059403377,21,2934,7613
5,1695059403377,20,2926,7633
5,1695059403377,20,2938,7653
5,1695059403377,20,2910,7673
5,1695059403377,20,2910,7693
5,1695059403377,23,2902,7716
5,1695059403377,17,2902,7733
5,1695059403377,20,2878,7753
5,1695059403377,20,2878,7773
5,1695059403377,24,2862,7797
5,1695059403377,17,2878,7814
5,1695059403377,20,2878,7834
5,1695059403377,20,2878,7854
5,1695059403377,27,2878,7881
5,1695059403377,13,2894,7894
5,1695059403377,21,2894,7915
5,1695059403377,25,2902,7940
5,1695059403377,21,2878,7961
5,1695059403377,13,2878,7974
5,1695059403377,23,2894,7997
5,1695059403377,20,2902,8017
5,1695059403377,39,2878,8056
5,1695059403377,22,2862,8078
5,1695059403377,41,2870,8119
5,1695059403377,18,2854,8137
5,1695059403377,21,2846,8158
5,1695059403377,20,2838,8178
5,1695059403377,21,2814,8199
5,1695059403377,20,2814,8219
5,1695059403377,20,2814,8239
5,1695059403377,20,2814,8259
5,1695059403377,20,2810,8279
5,1695059403377,21,2806,8300
5,1695059403377,20,2798,8320
5,1695059403377,22,2794,8342
5,1695059403377,18,2782,8360
5,1695059403377,20,2782,8380
5,1695059403377,21,2778,8401
5,1695059403377,21,2782,8422
5,1695059403377,19,2778,8441
5,1695059403377,21,2782,8462
5,1695059403377,20,2782,8482
5,1695059403377,27,2798,8509
5,1695059403377,13,2806,8522
5,1695059403377,20,2810,8542
5,1695059403377,20,2814,8562
5,1695059403377,27,2814,8589
5,1695059403377,13,2814,8602
5,1695059403377,20,2806,8622
5,1695059403377,21,2806,8643
5,1695059403377,40,2798,8683
5,1695059403377,20,2798,8703
5,1695059403377,20,2794,8723
5,1695059403377,22,2782,8745
5,1695059403377,18,2798,8763
5,1695059403377,22,2798,8785
5,1695059403377,20,2782,8805
5,1695059403377,23,2750,8828
5,1695059403377,16,2766,8844
5,1695059403377,20,2750,8864
5,1695059403377,24,2742,8888
5,1695059403377,17,2734,8905
5,1695059403377,19,2726,8924
5,1695059403377,20,2734,8944
5,1695059403377,23,2710,8967
5,1695059403377,18,2686,8985
5,1695059403377,20,2702,9005
5,1695059403377,20,2710,9025
5,1695059403377,27,2686,9052
5,1695059403377,13,2686,9065
5,1695059403377,20,2686,9085
5,1695059403377,20,2686,9105
5,1695059403377,27,2678,9132
5,1695059403377,32,2686,9164
5,1695059403377,8,2686,9172
5,1695059403377,14,2678,9186
5,1695059403377,41,2702,9227
5,1695059403377,20,2710,9247
5,1695059403377,20,2702,9267
5,1695059403377,24,2686,9291
5,1695059403377,15,2686,9306
5,1695059403377,20,2686,9326
5,1695059403377,20,2678,9346
5,1695059403377,23,2686,9369
5,1695059403377,18,2686,9387
5,1695059403377,20,2686,9407
5,1695059403377,20,2670,9427
5,1695059403377,20,2670,9447
5,1695059403377,20,2654,9467
5,1695059403377,23,2686,9490
5,1695059403377,39,2646,9529
5,1695059403377,22,2638,9551
5,1695059403377,17,2622,9568
5,1695059403377,26,2622,9594
5,1695059403377,16,2606,9610
5,1695059403377,20,2618,9630
5,1695059403377,20,2606,9650
5,1695059403377,27,2590,9677
5,1695059403377,13,2590,9690
5,1695059403377,20,2590,9710
5,1695059403377,20,2582,9730
5,1695059403377,27,2590,9757
5,1695059403377,13,2582,9770
5,1695059403377,20,2582,9790
5,1695059403377,20,2586,9810
5,1695059403377,39,2582,9849
5,1695059403377,22,2590,9871
5,1695059403377,27,2590,9898
5,1695059403377,20,2602,9918
5,1695059403377,14,2602,9932
5,1695059403377,18,2598,9950
5,1695059403377,22,2590,9972
5,1695059403377,21,2590,9993
5,1695059403377,19,2590,10012
5,1695059403377,20,2580,10032
5,1695059403377,20,2580,10052
5,1695059403377,20,2558,10072
5,1695059403377,20,2558,10092
5,1695059403377,20,2558,10112
5,1695059403377,23,2558,10135
5,1695059403377,18,2542,10153
5,1695059403377,20,2558,10173
5,1695059403377,20,2538,10193
5,1695059403377,24,2518,10217
5,1695059403377,17,2510,10234
5,1695059403377,20,2486,10254
5,1695059403377,20,2478,10274
5,1695059403377,27,2474,10301
5,1695059403377,14,2478,10315
5,1695059403377,20,2454,10335
5,1695059403377,20,2452,10355
5,1695059403377,27,2430,10382
5,1695059403377,12,2430,10394
5,1695059403377,22,2462,10416
5,1695059403377,20,2494,10436
5,1695059403377,41,2516,10477
5,1695059403377,19,2526,10496
5,1695059403377,20,2558,10516
5,1695059403377,25,2558,10541
5,1695059403377,17,2590,10558
5,1695059403377,21,2606,10579
5,1695059403377,29,2654,10608
5,1695059403377,18,2638,10626
5,1695059403377,14,2614,10640
5,1695059403377,20,2590,10660
5,1695059403377,19,2582,10679
5,1695059403377,22,2558,10701
5,1695059403377,20,2550,10721
5,1695059403377,20,2518,10741
5,1695059403377,23,2494,10764
5,1695059403377,18,2462,10782
5,1695059403377,18,2430,10800
5,1695059403377,22,2398,10822
5,1695059403377,23,2366,10845
5,1695059403377,17,2330,10862
5,1695059403377,18,2282,10880
5,1695059403377,22,2222,10902
5,1695059403377,27,2158,10929
5,1695059403377,14,2134,10943
5,1695059403377,19,2094,10962
5,1695059403377,22,2078,10984
5,1695059403377,231,1726,11215
5,1695059403377,14,1694,11229
5,1695059403377,21,1710,11250
5,1695059403377,20,1694,11270
5,1695059403377,20,1694,11290
5,1695059403377,21,1702,11311
5,1695059403377,37,1706,11348
5,1695059403377,7,1646,11355
5,1695059403377,16,1598,11371
5,1695059403377,23,1606,11394
5,1695059403377,18,1590,11412
5,1695059403377,20,1598,11432
5,1695059403377,20,1598,11452
5,1695059403377,23,1598,11475
5,1695059403377,17,1598,11492
5,1695059403377,20,1590,11512
5,1695059403377,20,1598,11532
5,1695059403377,28,1594,11560
5,1695059403377,12,1582,11572
5,1695059403377,21,1598,11593
5,1695059403377,20,1590,11613
5,1695059403377,27,1590,11640
5,1695059403377,13,1598,11653
5,1695059403377,20,1590,11673
5,1695059403377,20,1590,11693
5,1695059403377,41,1590,11734
5,1695059403377,21,1582,11755
5,1695059403377,20,1582,11775
5,1695059403377,23,1590,11798
5,1695059403377,18,1630,11816
5,1695059403377,20,1662,11836
5,1695059403377,20,1742,11856
5,1695059403377,20,1726,11876
5,1695059403377,20,1742,11896
5,1695059403377,20,1718,11916
5,1695059403377,20,1718,11936
5,1695059403377,20,1726,11956
5,1695059403377,20,1788,11976
5,1695059403377,20,1834,11996
5,1695059403377,23,1886,12019
5,1695059403377,18,1942,12037
5,1695059403377,20,1958,12057
5,1695059403377,20,1966,12077
5,1695059403377,23,1966,12100
5,1695059403377,18,1974,12118
5,1695059403377,20,1998,12138
5,1695059403377,20,2014,12158
5,1695059403377,27,2030,12185
5,1695059403377,13,2030,12198
5,1695059403377,20,2030,12218
5,1695059403377,174,1854,12392
5,1695059403377,13,1838,12405
5,1695059403377,22,1786,12427
5,1695059403377,16,1726,12443
5,1695059403377,20,1662,12463
5,1695059403377,20,1582,12483
5,1695059403377,20,1494,12503
5,1695059403377,21,1398,12524
5,1695059403377,25,1342,12549
5,1695059403377,14,1300,12563
5,1695059403377,20,1278,12583
5,1695059403377,20,1258,12603
5,1695059403377,20,1230,12623
5,1695059403377,23,1126,12646
5,1695059403377,18,1164,12664
5,1695059403377,20,1142,12684
5,1695059403377,20,1150,12704
5,1695059403377,23,1166,12727
5,1695059403377,17,1174,12744
5,1695059403377,20,1194,12764
5,1695059403377,20,1182,12784
5,1695059403377,27,1182,12811
5,1695059403377,13,1190,12824
5,1695059403377,20,1190,12844
5,1695059403377,20,1190,12864
5,1695059403377,27,1198,12891
5,1695059403377,14,1182,12905
5,1695059403377,25,1178,12930
5,1695059403377,14,1182,12944
5,1695059403377,41,1194,12985
5,1695059403377,20,1174,13005
5,1695059403377,20,1182,13025
5,1695059403377,23,1182,13048
5,1695059403377,17,1182,13065
5,1695059403377,20,1182,13085
5,1695059403377,20,1182,13105
5,1695059403377,20,1182,13125
5,1695059403377,20,1190,13145
5,1695059403377,20,1190,13165
5,1695059403377,20,1182,13185
5,1695059403377,20,1182,13205
5,1695059403377,20,1182,13225
5,1695059403377,20,1194,13245
5,1695059403377,23,1166,13268
5,1695059403377,18,1182,13286
5,1695059403377,20,1182,13306
5,1695059403377,20,1190,13326
5,1695059403377,27,1182,13353
5,1695059403377,13,1172,13366
5,1695059403377,20,1172,13386
5,1695059403377,20,1172,13406
5,1695059403377,27,1158,13433
5,1695059403377,14,1162,13447
5,1695059403377,20,1182,13467
5,1695059403377,20,1190,13487
5,1695059403377,41,1198,13528
5,1695059403377,20,1206,13548
5,1695059403377,21,1226,13569
5,1695059403377,24,1230,13593
5,1695059403377,16,1230,13609
5,1695059403377,20,1230,13629
5,1695059403377,20,1236,13649
5,1695059403377,22,1238,13671
5,1695059403377,19,1230,13690
5,1695059403377,20,1238,13710
5,1695059403377,20,1226,13730
5,1695059403377,20,1238,13750
5,1695059403377,20,1244,13770
5,1695059403377,20,1246,13790
5,1695059403377,20,1236,13810
5,1695059403377,20,1246,13830
5,1695059403377,20,1244,13850
5,1695059403377,20,1246,13870
5,1695059403377,23,1246,13893
5,1695059403377,18,1246,13911
5,1695059403377,20,1258,13931
5,1695059403377,20,1246,13951
5,1695059403377,27,1262,13978
5,1695059403377,13,1262,13991
5,1695059403377,20,1254,14011
5,1695059403377,20,1270,14031
5,1695059403377,27,1262,14058
5,1695059403377,14,1270,14072
5,1695059403377,25,1270,14097
5,1695059403377,15,1262,14112
5,1695059403377,41,1258,14153
5,1695059403377,20,1274,14173
5,1695059403377,20,1278,14193
5,1695059403377,24,1262,14217
5,1695059403377,16,1258,14233
5,1695059403377,20,1262,14253
5,1695059403377,20,1278,14273
5,1695059403377,21,1278,14294
5,1695059403377,19,1302,14313
5,1695059403377,20,1310,14333
5,1695059403377,20,1322,14353
5,1695059403377,20,1326,14373
5,1695059403377,20,1326,14393
5,1695059403377,20,1334,14413
5,1695059403377,20,1342,14433
5,1695059403377,20,1358,14453
5,1695059403377,21,1358,14474
5,1695059403377,20,1374,14494
5,1695059403377,23,1364,14517
5,1695059403377,18,1366,14535
5,1695059403377,20,1374,14555
5,1695059403377,20,1386,14575
5,1695059403377,27,1390,14602
5,1695059403377,13,1398,14615
5,1695059403377,21,1390,14636
5,1695059403377,19,1398,14655
5,1695059403377,29,1406,14684
5,1695059403377,12,1406,14696
5,1695059403377,19,1422,14715
5,1695059403377,20,1406,14735
5,1695059403377,20,1406,14755
5,1695059403377,22,1422,14777
5,1695059403377,19,1428,14796
5,1695059403377,20,1422,14816
5,1695059403377,23,1406,14839
5,1695059403377,17,1406,14856
5,1695059403377,20,1406,14876
5,1695059403377,20,1406,14896
5,1695059403377,21,1398,14917
5,1695059403377,20,1398,14937
5,1695059403377,20,1390,14957
5,1695059403377,22,1406,14979
5,1695059403377,38,1406,15017
5,1695059403377,8,1406,15025
5,1695059403377,12,1422,15037
5,1695059403377,19,1434,15056
5,1695059403377,20,1438,15076
5,1695059403377,20,1446,15096
5,1695059403377,20,1454,15116
5,1695059403377,23,1466,15139
5,1695059403377,17,1484,15156
5,1695059403377,20,1494,15176
5,1695059403377,20,1498,15196
5,1695059403377,28,1502,15224
5,1695059403377,12,1518,15236
5,1695059403377,20,1518,15256
5,1695059403377,20,1518,15276
5,1695059403377,29,1518,15305
5,1695059403377,12,1526,15317
5,1695059403377,20,1534,15337
5,1695059403377,20,1534,15357
5,1695059403377,41,1558,15398
5,1695059403377,20,1558,15418
5,1695059403377,20,1566,15438
5,1695059403377,23,1574,15461
5,1695059403377,19,1574,15480
5,1695059403377,20,1582,15500
5,1695059403377,19,1582,15519
5,1695059403377,21,1566,15540
5,1695059403377,19,1598,15559
5,1695059403377,20,1598,15579
5,1695059403377,22,1590,15601
5,1695059403377,19,1590,15620
5,1695059403377,21,1598,15641
5,1695059403377,19,1598,15660
5,1695059403377,23,1598,15683
5,1695059403377,19,1610,15702
5,1695059403377,19,1614,15721
5,1695059403377,20,1614,15741
5,1695059403377,23,1614,15764
5,1695059403377,18,1614,15782
5,1695059403377,20,1638,15802
5,1695059403377,20,1642,15822
5,1695059403377,28,1646,15850
5,1695059403377,12,1686,15862
5,1695059403377,22,1694,15884
5,1695059403377,19,1694,15903
5,1695059403377,37,1718,15940
5,1695059403377,7,1726,15947
5,1695059403377,18,1738,15965
5,1695059403377,19,1750,15984
5,1695059403377,41,1758,16025
5,1695059403377,20,1774,16045
5,1695059403377,20,1782,16065
5,1695059403377,24,1790,16089
5,1695059403377,16,1810,16105
5,1695059403377,20,1790,16125
5,1695059403377,20,1806,16145
5,1695059403377,20,1822,16165
5,1695059403377,20,1822,16185
5,1695059403377,20,1834,16205
5,1695059403377,20,1846,16225
5,1695059403377,20,1854,16245
5,1695059403377,22,1850,16267
5,1695059403377,21,1870,16288
5,1695059403377,22,1870,16310
5,1695059403377,16,1878,16326
5,1695059403377,22,1870,16348
5,1695059403377,20,1878,16368
5,1695059403377,21,1878,16389
5,1695059403377,17,1884,16406
5,1695059403377,20,1886,16426
5,1695059403377,20,1894,16446
5,1695059403377,28,1902,16474
5,1695059403377,12,1886,16486
5,1695059403377,22,1886,16508
5,1695059403377,25,1902,16533
5,1695059403377,21,1894,16554
5,1695059403377,12,1898,16566
5,1695059403377,22,1918,16588
5,1695059403377,19,1918,16607
5,1695059403377,42,1958,16649
5,1695059403377,19,1966,16668
5,1695059403377,20,1982,16688
5,1695059403377,22,2010,16710
5,1695059403377,19,2014,16729
5,1695059403377,22,2030,16751
5,1695059403377,20,2046,16771
5,1695059403377,21,2046,16792
5,1695059403377,19,2046,16811
5,1695059403377,19,2070,16830
5,1695059403377,20,2078,16850
5,1695059403377,22,2078,16872
5,1695059403377,20,2086,16892
5,1695059403377,20,2102,16912
5,1695059403377,21,2094,16933
5,1695059403377,18,2110,16951
5,1695059403377,22,2126,16973
5,1695059403377,20,2110,16993
5,1695059403377,27,2134,17020
5,1695059403377,14,2134,17034
5,1695059403377,20,2134,17054
5,1695059403377,20,2142,17074
5,1695059403377,28,2142,17102
5,1695059403377,12,2134,17114
5,1695059403377,19,2142,17133
5,1695059403377,22,2142,17155
5,1695059403377,39,2150,17194
5,1695059403377,20,2142,17214
5,1695059403377,22,2158,17236
5,1695059403377,24,2154,17260
5,1695059403377,15,2166,17275
5,1695059403377,27,2154,17302
5,1695059403377,15,2170,17317
5,1695059403377,20,2174,17337
5,1695059403377,20,2170,17357
5,1695059403377,19,2174,17376
5,1695059403377,22,2198,17398
5,1695059403377,19,2218,17417
5,1695059403377,20,2230,17437
5,1695059403377,20,2238,17457
5,1695059403377,24,2254,17481
5,1695059403377,18,2282,17499
5,1695059403377,20,2282,17519
5,1695059403377,20,2302,17539
5,1695059403377,21,2302,17560
5,1695059403377,19,2318,17579
5,1695059403377,19,2302,17598
5,1695059403377,22,2318,17620
5,1695059403377,28,2326,17648
5,1695059403377,12,2334,17660
5,1695059403377,19,2342,17679
5,1695059403377,20,2334,17699
5,1695059403377,28,2334,17727
5,1695059403377,14,2358,17741
5,1695059403377,20,2350,17761
5,1695059403377,20,2350,17781
5,1695059403377,41,2366,17822
5,1695059403377,20,2366,17842
5,1695059403377,20,2366,17862
5,1695059403377,24,2366,17886
5,1695059403377,17,2358,17903
5,1695059403377,21,2366,17924
5,1695059403377,29,2382,17953
5,1695059403377,18,2366,17971
5,1695059403377,14,2366,17985
5,1695059403377,19,2366,18004
5,1695059403377,20,2366,18024
5,1695059403377,20,2366,18044
5,1695059403377,20,2358,18064
5,1695059403377,19,2362,18083
5,1695059403377,25,2366,18108
5,1695059403377,18,2390,18126
5,1695059403377,19,2398,18145
5,1695059403377,20,2398,18165
5,1695059403377,21,2410,18186
5,1695059403377,19,2422,18205
5,1695059403377,19,2430,18224
5,1695059403377,22,2454,18246
5,1695059403377,27,2458,18273
5,1695059403377,12,2454,18285
5,1695059403377,21,2474,18306
5,1695059403377,19,2470,18325
5,1695059403377,29,2478,18354
5,1695059403377,14,2486,18368
5,1695059403377,20,2470,18388
5,1695059403377,20,2494,18408
5,1695059403377,41,2494,18449
5,1695059403377,20,2486,18469
5,1695059403377,20,2494,18489
5,1695059403377,23,2494,18512
5,1695059403377,17,2494,18529
5,1695059403377,20,2494,18549
5,1695059403377,20,2510,18569
5,1695059403377,20,2494,18589
5,1695059403377,18,2494,18607
5,1695059403377,22,2518,18629
5,1695059403377,19,2494,18648
5,1695059403377,22,2518,18670
5,1695059403377,21,2494,18691
5,1695059403377,27,2494,18718
5,1695059403377,15,2510,18733
5,1695059403377,17,2494,18750
5,1695059403377,20,2494,18770
5,1695059403377,22,2494,18792
5,1695059403377,21,2490,18813
5,1695059403377,19,2486,18832
5,1695059403377,20,2494,18852
5,1695059403377,19,2510,18871
5,1695059403377,28,2494,18899
5,1695059403377,12,2522,18911
5,1695059403377,20,2538,18931
5,1695059403377,22,2542,18953
5,1695059403377,27,2558,18980
5,1695059403377,14,2558,18994
5,1695059403377,21,2558,19015
5,1695059403377,18,2558,19033
5,1695059403377,42,2582,19075
5,1695059403377,20,2558,19095
5,1695059403377,20,2582,19115
5,1695059403377,23,2574,19138
5,1695059403377,17,2582,19155
5,1695059403377,20,2558,19175
5,1695059403377,20,2582,19195
5,1695059403377,21,2590,19216
5,1695059403377,20,2582,19236
5,1695059403377,20,2582,19256
5,1695059403377,20,2590,19276
5,1695059403377,22,2602,19298
5,1695059403377,19,2590,19317
5,1695059403377,18,2590,19335
5,1695059403377,24,2574,19359
5,1695059403377,18,2586,19377
5,1695059403377,20,2582,19397
5,1695059403377,20,2582,19417
5,1695059403377,23,2558,19440
5,1695059403377,27,2558,19467
5,1695059403377,14,2582,19481
5,1695059403377,17,2558,19498
5,1695059403377,27,2558,19525
5,1695059403377,14,2558,19539
5,1695059403377,20,2558,19559
5,1695059403377,20,2558,19579
5,1695059403377,27,2542,19606
5,1695059403377,14,2558,19620
5,1695059403377,20,2558,19640
5,1695059403377,20,2558,19660
5,1695059403377,41,2614,19701
5,1695059403377,20,2618,19721
5,1695059403377,20,2622,19741
5,1695059403377,23,2622,19764
5,1695059403377,17,2622,19781
5,1695059403377,18,2638,19799
5,1695059403377,20,2638,19819
5,1695059403377,22,2622,19841
5,1695059403377,20,2638,19861
5,1695059403377,18,2622,19879
5,1695059403377,22,2634,19901
5,1695059403377,22,2622,19923
5,1695059403377,19,2638,19942
5,1695059403377,20,2638,19962
5,1695059403377,21,2638,19983
5,1695059403377,19,2638,20002
5,1695059403377,20,2646,20022
5,1695059403377,20,2636,20042
5,1695059403377,23,2646,20065
5,1695059403377,18,2622,20083
5,1695059403377,18,2618,20101
5,1695059403377,22,2622,20123
5,1695059403377,27,2606,20150
5,1695059403377,14,2606,20164
5,1695059403377,21,2614,20185
5,1695059403377,25,2598,20210
5,1695059403377,21,2606,20231
5,1695059403377,14,2602,20245
5,1695059403377,20,2590,20265
5,1695059403377,18,2590,20283
5,1695059403377,43,2582,20326
5,1695059403377,20,2590,20346
5,1695059403377,20,2590,20366
5,1695059403377,22,2606,20388
5,1695059403377,19,2622,20407
5,1695059403377,20,2622,20427
5,1695059403377,20,2646,20447
5,1695059403377,19,2646,20466
5,1695059403377,21,2654,20487
5,1695059403377,20,2654,20507
5,1695059403377,23,2654,20530
5,1695059403377,18,2654,20548
5,1695059403377,20,2670,20568
5,1695059403377,20,2670,20588
5,1695059403377,23,2670,20611
5,1695059403377,18,2654,20629
5,1695059403377,20,2654,20649
5,1695059403377,20,2670,20669
5,1695059403377,27,2670,20696
5,1695059403377,14,2654,20710
5,1695059403377,20,2670,20730
5,1695059403377,20,2670,20750
5,1695059403377,27,2670,20777
5,1695059403377,14,2670,20791
5,1695059403377,20,2670,20811
5,1695059403377,21,2654,20832
5,1695059403377,26,2654,20858
5,1695059403377,14,2654,20872
5,1695059403377,20,2646,20892
5,1695059403377,28,2650,20920
5,1695059403377,12,2638,20932
5,1695059403377,18,2638,20950
5,1695059403377,22,2638,20972
5,1695059403377,20,2638,20992
5,1695059403377,20,2638,21012
5,1695059403377,18,2622,21030
5,1695059403377,22,2614,21052
5,1695059403377,20,2606,21072
5,1695059403377,21,2614,21093
5,1695059403377,20,2622,21113
5,1695059403377,20,2638,21133
5,1695059403377,23,2638,21156
5,1695059403377,16,2646,21172
5,1695059403377,21,2666,21193
5,1695059403377,20,2670,21213
5,1695059403377,24,2678,21237
5,1695059403377,16,2670,21253
5,1695059403377,20,2686,21273
5,1695059403377,20,2670,21293
5,1695059403377,27,2686,21320
5,1695059403377,14,2686,21334
5,1695059403377,20,2686,21354
5,1695059403377,20,2670,21374
5,1695059403377,27,2686,21401
5,1695059403377,14,2678,21415
5,1695059403377,20,2678,21435
5,1695059403377,20,2686,21455
5,1695059403377,41,2678,21496
5,1695059403377,20,2686,21516
5,1695059403377,20,2678,21536
5,1695059403377,24,2686,21560
5,1695059403377,16,2686,21576
5,1695059403377,20,2666,21596
5,1695059403377,20,2654,21616
5,1695059403377,21,2670,21637
5,1695059403377,20,2666,21657
5,1695059403377,27,2654,21684
5,1695059403377,14,2654,21698
5,1695059403377,21,2646,21719
5,1695059403377,19,2646,21738
5,1695059403377,20,2638,21758
5,1695059403377,23,2638,21781
5,1695059403377,18,2634,21799
5,1695059403377,20,2622,21819
5,1695059403377,20,2622,21839
5,1695059403377,23,2614,21862
5,1695059403377,18,2606,21880
5,1695059403377,20,2614,21900
5,1695059403377,20,2622,21920
5,1695059403377,27,2622,21947
5,1695059403377,14,2638,21961
5,1695059403377,20,2646,21981
5,1695059403377,20,2646,22001
5,1695059403377,27,2654,22028
5,1695059403377,14,2670,22042
5,1695059403377,20,2654,22062
5,1695059403377,18,2670,22080
5,1695059403377,43,2666,22123
5,1695059403377,20,2670,22143
5,1695059403377,20,2666,22163
5,1695059403377,24,2670,22187
5,1695059403377,17,2670,22204
5,1695059403377,20,2670,22224
5,1695059403377,20,2670,22244
5,1695059403377,21,2654,22265
5,1695059403377,20,2670,22285
5,1695059403377,20,2666,22305
5,1695059403377,20,2670,22325
5,1695059403377,21,2654,22346
5,1695059403377,20,2654,22366
5,1695059403377,27,2654,22393
5,1695059403377,16,2646,22409
5,1695059403377,18,2654,22427
5,1695059403377,18,2646,22445
5,1695059403377,20,2650,22465
5,1695059403377,24,2638,22489
5,1695059403377,15,2638,22504
5,1695059403377,22,2622,22526
5,1695059403377,20,2614,22546
5,1695059403377,25,2606,22571
5,1695059403377,13,2614,22584
5,1695059403377,22,2606,22606
5,1695059403377,20,2606,22626
5,1695059403377,27,2606,22653
5,1695059403377,12,2602,22665
5,1695059403377,19,2590,22684
5,1695059403377,22,2582,22706
5,1695059403377,41,2590,22747
5,1695059403377,20,2590,22767
5,1695059403377,20,2606,22787
5,1695059403377,23,2618,22810
5,1695059403377,15,2614,22825
5,1695059403377,22,2638,22847
5,1695059403377,20,2646,22867
5,1695059403377,21,2638,22888
5,1695059403377,19,2646,22907
5,1695059403377,20,2638,22927
5,1695059403377,20,2622,22947
5,1695059403377,20,2638,22967
5,1695059403377,20,2638,22987
5,1695059403377,20,2646,23007
5,1695059403377,23,2638,23030
5,1695059403377,18,2646,23048
5,1695059403377,20,2622,23068
5,1695059403377,20,2638,23088
5,1695059403377,23,2622,23111
5,1695059403377,17,2638,23128
5,1695059403377,20,2646,23148
5,1695059403377,21,2646,23169
5,1695059403377,39,2622,23208
5,1695059403377,9,2622,23217
5,1695059403377,14,2622,23231
5,1695059403377,18,2622,23249
5,1695059403377,27,2622,23276
5,1695059403377,14,2614,23290
5,1695059403377,20,2606,23310
5,1695059403377,20,2604,23330
5,1695059403377,39,2598,23369
5,1695059403377,20,2590,23389
5,1695059403377,20,2558,23409
5,1695059403377,24,2582,23433
5,1695059403377,19,2582,23452
5,1695059403377,21,2558,23473
5,1695059403377,20,2558,23493
5,1695059403377,21,2558,23514
5,1695059403377,19,2550,23533
5,1695059403377,21,2554,23554
5,1695059403377,22,2550,23576
5,1695059403377,18,2558,23594
5,1695059403377,19,2558,23613
5,1695059403377,20,2558,23633
5,1695059403377,23,2558,23656
5,1695059403377,18,2582,23674
5,1695059403377,19,2582,23693
5,1695059403377,20,2590,23713
5,1695059403377,24,2582,23737
5,1695059403377,17,2590,23754
5,1695059403377,20,2590,23774
5,1695059403377,20,2590,23794
5,1695059403377,27,2602,23821
5,1695059403377,14,2606,23835
5,1695059403377,19,2606,23854
5,1695059403377,20,2602,23874
5,1695059403377,27,2590,23901
5,1695059403377,14,2602,23915
5,1695059403377,20,2590,23935
5,1695059403377,20,2590,23955
5,1695059403377,41,2582,23996
5,1695059403377,21,2582,24017
5,1695059403377,35,2590,24052
5,1695059403377,13,2582,24065
5,1695059403377,14,2558,24079
5,1695059403377,18,2574,24097
5,1695059403377,20,2558,24117
5,1695059403377,21,2558,24138
5,1695059403377,19,2558,24157
5,1695059403377,20,2558,24177
5,1695059403377,24,2558,24201
5,1695059403377,19,2558,24220
5,1695059403377,18,2550,24238
5,1695059403377,20,2558,24258
5,1695059403377,23,2542,24281
5,1695059403377,17,2526,24298
5,1695059403377,20,2526,24318
5,1695059403377,20,2518,24338
5,1695059403377,27,2518,24365
5,1695059403377,14,2510,24379
5,1695059403377,20,2494,24399
5,1695059403377,20,2494,24419
5,1695059403377,27,2494,24446
5,1695059403377,14,2494,24460
5,1695059403377,20,2518,24480
5,1695059403377,20,2526,24500
5,1695059403377,41,2526,24541
5,1695059403377,20,2526,24561
5,1695059403377,21,2550,24582
5,1695059403377,24,2550,24606
5,1695059403377,16,2542,24622
5,1695059403377,20,2542,24642
5,1695059403377,20,2526,24662
5,1695059403377,22,2542,24684
5,1695059403377,19,2538,24703
5,1695059403377,20,2542,24723
5,1695059403377,20,2542,24743
5,1695059403377,21,2542,24764
5,1695059403377,19,2526,24783
5,1695059403377,21,2538,24804
5,1695059403377,39,2526,24843
5,1695059403377,9,2526,24852
5,1695059403377,14,2526,24866
5,1695059403377,18,2526,24884
5,1695059403377,23,2526,24907
5,1695059403377,18,2526,24925
5,1695059403377,20,2518,24945
5,1695059403377,20,2510,24965
5,1695059403377,28,2494,24993
5,1695059403377,14,2494,25007
5,1695059403377,19,2494,25026
5,1695059403377,20,2478,25046
5,1695059403377,27,2478,25073
5,1695059403377,14,2486,25087
5,1695059403377,20,2478,25107
5,1695059403377,20,2474,25127
5,1695059403377,41,2462,25168
5,1695059403377,20,2454,25188
5,1695059403377,20,2446,25208
5,1695059403377,24,2446,25232
5,1695059403377,17,2430,25249
5,1695059403377,20,2430,25269
5,1695059403377,20,2422,25289
5,1695059403377,22,2430,25311
5,1695059403377,18,2430,25329
5,1695059403377,20,2446,25349
5,1695059403377,21,2454,25370
5,1695059403377,21,2454,25391
5,1695059403377,19,2470,25410
5,1695059403377,20,2462,25430
5,1695059403377,23,2462,25453
5,1695059403377,18,2462,25471
5,1695059403377,19,2462,25490
5,1695059403377,20,2462,25510
5,1695059403377,23,2462,25533
5,1695059403377,17,2462,25550
5,1695059403377,20,2462,25570
5,1695059403377,20,2462,25590
5,1695059403377,27,2462,25617
5,1695059403377,14,2462,25631
5,1695059403377,20,2446,25651
5,1695059403377,20,2454,25671
5,1695059403377,28,2462,25699
5,1695059403377,32,2430,25731
5,1695059403377,21,2430,25752
5,1695059403377,41,2430,25793
5,1695059403377,20,2430,25813
5,1695059403377,20,2414,25833
5,1695059403377,23,2426,25856
5,1695059403377,17,2422,25873
5,1695059403377,20,2410,25893
5,1695059403377,20,2398,25913
5,1695059403377,21,2398,25934
5,1695059403377,19,2398,25953
5,1695059403377,20,2390,25973
5,1695059403377,20,2382,25993
5,1695059403377,21,2378,26014
5,1695059403377,19,2366,26033
5,1695059403377,21,2350,26054
5,1695059403377,23,2350,26077
5,1695059403377,19,2350,26096
5,1695059403377,18,2350,26114
5,1695059403377,20,2346,26134
5,1695059403377,23,2350,26157
5,1695059403377,18,2358,26175
5,1695059403377,20,2366,26195
5,1695059403377,20,2366,26215
5,1695059403377,27,2382,26242
5,1695059403377,14,2390,26256
5,1695059403377,20,2380,26276
5,1695059403377,20,2390,26296
5,1695059403377,27,2390,26323
5,1695059403377,14,2382,26337
5,1695059403377,19,2382,26356
5,1695059403377,20,2390,26376
5,1695059403377,41,2366,26417
5,1695059403377,20,2378,26437
5,1695059403377,20,2382,26457
5,1695059403377,23,2378,26480
5,1695059403377,18,2366,26498
5,1695059403377,21,2378,26519
5,1695059403377,36,2382,26555
5,1695059403377,9,2366,26564
5,1695059403377,15,2364,26579
5,1695059403377,20,2366,26599
5,1695059403377,23,2350,26622
5,1695059403377,18,2358,26640
5,1695059403377,19,2350,26659
5,1695059403377,20,2334,26679
5,1695059403377,23,2334,26702
5,1695059403377,18,2334,26720
5,1695059403377,19,2334,26739
5,1695059403377,20,2334,26759
5,1695059403377,23,2302,26782
5,1695059403377,18,2302,26800
5,1695059403377,20,2318,26820
5,1695059403377,20,2302,26840
5,1695059403377,27,2302,26867
5,1695059403377,14,2294,26881
5,1695059403377,19,2294,26900
5,1695059403377,20,2284,26920
5,1695059403377,27,2286,26947
5,1695059403377,14,2286,26961
5,1695059403377,19,2286,26980
5,1695059403377,20,2294,27000
5,1695059403377,41,2302,27041
5,1695059403377,20,2302,27061
5,1695059403377,20,2302,27081
5,1695059403377,22,2324,27103
5,1695059403377,18,2318,27121
5,1695059403377,20,2302,27141
5,1695059403377,20,2302,27161
5,1695059403377,21,2318,27182
5,1695059403377,20,2302,27202
5,1695059403377,20,2302,27222
5,1695059403377,23,2318,27245
5,1695059403377,18,2302,27263
5,1695059403377,19,2302,27282
5,1695059403377,20,2302,27302
5,1695059403377,23,2302,27325
5,1695059403377,17,2302,27342
5,1695059403377,20,2302,27362
5,1695059403377,20,2302,27382
5,1695059403377,28,2300,27410
5,1695059403377,33,2286,27443
5,1695059403377,21,2286,27464
5,1695059403377,27,2282,27491
5,1695059403377,14,2270,27505
5,1695059403377,19,2270,27524
5,1695059403377,20,2262,27544
5,1695059403377,40,2254,27584
5,1695059403377,20,2254,27604
5,1695059403377,20,2238,27624
5,1695059403377,24,2234,27648
5,1695059403377,16,2222,27664
5,1695059403377,20,2238,27684
5,1695059403377,20,2230,27704
5,1695059403377,23,2222,27727
5,1695059403377,18,2238,27745
5,1695059403377,20,2238,27765
5,1695059403377,20,2238,27785
5,1695059403377,21,2254,27806
5,1695059403377,19,2262,27825
5,1695059403377,20,2262,27845
5,1695059403377,23,2270,27868
5,1695059403377,18,2254,27886
5,1695059403377,19,2262,27905
5,1695059403377,20,2266,27925
5,1695059403377,23,2270,27948
5,1695059403377,18,2270,27966
5,1695059403377,20,2260,27986
5,1695059403377,20,2270,28006
5,1695059403377,27,2270,28033
5,1695059403377,14,2260,28047
5,1695059403377,19,2254,28066
5,1695059403377,21,2254,28087
5,1695059403377,26,2270,28113
5,1695059403377,14,2260,28127
5,1695059403377,19,2266,28146
5,1695059403377,20,2262,28166
5,1695059403377,41,2254,28207
5,1695059403377,21,2238,28228
5,1695059403377,35,2238,28263
5,1695059403377,13,2222,28276
5,1695059403377,15,2222,28291
5,1695059403377,17,2230,28308
5,1695059403377,20,2222,28328
5,1695059403377,21,2222,28349
5,1695059403377,19,2222,28368
5,1695059403377,20,2222,28388
5,1695059403377,20,2222,28408
5,1695059403377,21,2190,28429
5,1695059403377,19,2198,28448
5,1695059403377,20,2206,28468
5,1695059403377,23,2206,28491
5,1695059403377,19,2222,28510
5,1695059403377,19,2222,28529
5,1695059403377,20,2238,28549
5,1695059403377,23,2238,28572
5,1695059403377,18,2254,28590
5,1695059403377,20,2262,28610
5,1695059403377,20,2262,28630
5,1695059403377,27,2270,28657
5,1695059403377,14,2270,28671
5,1695059403377,19,2270,28690
5,1695059403377,20,2270,28710
5,1695059403377,27,2270,28737
5,1695059403377,14,2270,28751
5,1695059403377,19,2270,28770
5,1695059403377,20,2270,28790
5,1695059403377,41,2270,28831
5,1695059403377,20,2270,28851
5,1695059403377,20,2286,28871
5,1695059403377,23,2286,28894
5,1695059403377,17,2294,28911
5,1695059403377,20,2270,28931
5,1695059403377,20,2286,28951
5,1695059403377,21,2282,28972
5,1695059403377,20,2270,28992
5,1695059403377,20,2282,29012
5,1695059403377,23,2270,29035
5,1695059403377,19,2270,29054
5,1695059403377,19,2262,29073
5,1695059403377,20,2270,29093
5,1695059403377,23,2262,29116
5,1695059403377,19,2254,29135
5,1695059403377,19,2254,29154
5,1695059403377,20,2238,29174
5,1695059403377,23,2238,29197
5,1695059403377,18,2238,29215
5,1695059403377,28,2254,29243
5,1695059403377,14,2262,29257
5,1695059403377,25,2270,29282
5,1695059403377,14,2286,29296
5,1695059403377,19,2294,29315
5,1695059403377,20,2302,29335
5,1695059403377,27,2318,29362
5,1695059403377,14,2318,29376
5,1695059403377,20,2326,29396
5,1695059403377,20,2318,29416
5,1695059403377,20,2334,29436
5,1695059403377,20,2334,29456
5,1695059403377,20,2342,29476
5,1695059403377,20,2350,29496
5,1695059403377,23,2342,29519
5,1695059403377,18,2350,29537
5,1695059403377,20,2350,29557
5,1695059403377,20,2346,29577
5,1695059403377,21,2350,29598
5,1695059403377,19,2358,29617
5,1695059403377,20,2350,29637
5,1695059403377,23,2350,29660
5,1695059403377,19,2350,29679
5,1695059403377,19,2350,29698
5,1695059403377,20,2350,29718
5,1695059403377,23,2358,29741
5,1695059403377,19,2358,29760
5,1695059403377,19,2350,29779
5,1695059403377,21,2346,29800
5,1695059403377,39,2334,29839
5,1695059403377,9,2334,29848
5,1695059403377,14,2330,29862
5,1695059403377,17,2330,29879
5,1695059403377,27,2330,29906
5,1695059403377,14,2326,29920
5,1695059403377,19,2318,29939
5,1695059403377,20,2326,29959
5,1695059403377,27,2334,29986
5,1695059403377,14,2326,30000
5,1695059403377,19,2346,30019
5,1695059403377,20,2350,30039
5,1695059403377,41,2366,30080
5,1695059403377,20,2382,30100
5,1695059403377,20,2390,30120
5,1695059403377,41,2398,30161
5,1695059403377,20,2410,30181
5,1695059403377,20,2414,30201
5,1695059403377,21,2414,30222
5,1695059403377,19,2414,30241
5,1695059403377,20,2422,30261
5,1695059403377,23,2422,30284
5,1695059403377,19,2414,30303
5,1695059403377,19,2428,30322
5,1695059403377,20,2422,30342
5,1695059403377,23,2426,30365
5,1695059403377,17,2430,30382
5,1695059403377,20,2430,30402
5,1695059403377,20,2430,30422
5,1695059403377,27,2430,30449
5,1695059403377,14,2430,30463
5,1695059403377,19,2430,30482
5,1695059403377,48,2430,30530
5,1695059403377,15,2430,30545
5,1695059403377,28,2414,30573
5,1695059403377,14,2422,30587
5,1695059403377,37,2410,30624
5,1695059403377,20,2414,30644
5,1695059403377,20,2398,30664
5,1695059403377,24,2398,30688
5,1695059403377,16,2398,30704
5,1695059403377,20,2398,30724
5,1695059403377,20,2398,30744
5,1695059403377,21,2398,30765
5,1695059403377,19,2398,30784
5,1695059403377,21,2414,30805
5,1695059403377,20,2414,30825
5,1695059403377,21,2430,30846
5,1695059403377,19,2430,30865
5,1695059403377,20,2452,30885
5,1695059403377,23,2462,30908
5,1695059403377,19,2462,30927
5,1695059403377,19,2478,30946
5,1695059403377,20,2470,30966
5,1695059403377,23,2474,30989
5,1695059403377,17,2494,31006
5,1695059403377,20,2486,31026
5,1695059403377,20,2494,31046
5,1695059403377,27,2494,31073
5,1695059403377,14,2490,31087
5,1695059403377,19,2494,31106
5,1695059403377,20,2494,31126
5,1695059403377,27,2490,31153
5,1695059403377,14,2494,31167
5,1695059403377,19,2486,31186
5,1695059403377,20,2494,31206
5,1695059403377,41,2486,31247
5,1695059403377,20,2486,31267
5,1695059403377,20,2478,31287
5,1695059403377,24,2486,31311
5,1695059403377,17,2490,31328
5,1695059403377,21,2478,31349
5,1695059403377,35,2478,31384
5,1695059403377,9,2476,31393
5,1695059403377,15,2462,31408
5,1695059403377,20,2462,31428
5,1695059403377,20,2462,31448
5,1695059403377,20,2462,31468
5,1695059403377,20,2454,31488
5,1695059403377,20,2430,31508
5,1695059403377,23,2446,31531
5,1695059403377,19,2430,31550
5,1695059403377,19,2430,31569
5,1695059403377,20,2446,31589
5,1695059403377,23,2430,31612
5,1695059403377,17,2452,31629
5,1695059403377,20,2458,31649
5,1695059403377,20,2462,31669
5,1695059403377,28,2478,31697
5,1695059403377,14,2486,31711
5,1695059403377,18,2486,31729
5,1695059403377,20,2494,31749
5,1695059403377,27,2494,31776
5,1695059403377,14,2486,31790
5,1695059403377,19,2494,31809
5,1695059403377,20,2494,31829
5,1695059403377,41,2478,31870
5,1695059403377,20,2494,31890
5,1695059403377,20,2478,31910
5,1695059403377,23,2478,31933
5,1695059403377,17,2478,31950
5,1695059403377,20,2478,31970
5,1695059403377,20,2478,31990
5,1695059403377,21,2478,32011
5,1695059403377,19,2478,32030
5,1695059403377,20,2462,32050
5,1695059403377,20,2454,32070
5,1695059403377,21,2462,32091
5,1695059403377,20,2454,32111
5,1695059403377,28,2454,32139
5,1695059403377,17,2446,32156
5,1695059403377,15,2430,32171
5,1695059403377,20,2446,32191
5,1695059403377,20,2430,32211
5,1695059403377,24,2422,32235
5,1695059403377,17,2422,32252
5,1695059403377,20,2414,32272
5,1695059403377,20,2398,32292
5,1695059403377,27,2398,32319
5,1695059403377,15,2398,32334
5,1695059403377,19,2398,32353
5,1695059403377,20,2390,32373
5,1695059403377,27,2382,32400
5,1695059403377,15,2382,32415
5,1695059403377,19,2378,32434
5,1695059403377,20,2390,32454
5,1695059403377,41,2390,32495
5,1695059403377,20,2398,32515
5,1695059403377,20,2398,32535
5,1695059403377,22,2414,32557
5,1695059403377,18,2390,32575
5,1695059403377,20,2398,32595
5,1695059403377,21,2390,32616
5,1695059403377,21,2398,32637
5,1695059403377,18,2390,32655
5,1695059403377,20,2382,32675
5,1695059403377,23,2382,32698
5,1695059403377,19,2366,32717
5,1695059403377,19,2366,32736
5,1695059403377,20,2366,32756
5,1695059403377,24,2366,32780
5,1695059403377,17,2358,32797
5,1695059403377,20,2350,32817
5,1695059403377,20,2350,32837
5,1695059403377,23,2346,32860
5,1695059403377,18,2334,32878
5,1695059403377,28,2334,32906
5,1695059403377,15,2326,32921
5,1695059403377,24,2334,32945
5,1695059403377,15,2318,32960
5,1695059403377,19,2318,32979
5,1695059403377,20,2302,32999
5,1695059403377,27,2286,33026
5,1695059403377,15,2294,33041
5,1695059403377,19,2286,33060
5,1695059403377,20,2270,33080
5,1695059403377,41,2254,33121
5,1695059403377,20,2254,33141
5,1695059403377,20,2238,33161
5,1695059403377,22,2238,33183
5,1695059403377,18,2238,33201
5,1695059403377,20,2238,33221
5,1695059403377,20,2230,33241
5,1695059403377,22,2222,33263
5,1695059403377,19,2238,33282
5,1695059403377,20,2238,33302
5,1695059403377,23,2234,33325
5,1695059403377,19,2238,33344
5,1695059403377,19,2238,33363
5,1695059403377,20,2230,33383
5,1695059403377,23,2222,33406
5,1695059403377,18,2230,33424
5,1695059403377,20,2222,33444
5,1695059403377,20,2218,33464
5,1695059403377,27,2206,33491
5,1695059403377,15,2206,33506
5,1695059403377,19,2198,33525
5,1695059403377,20,2198,33545
5,1695059403377,28,2198,33573
5,1695059403377,15,2190,33588
5,1695059403377,18,2190,33606
5,1695059403377,20,2174,33626
5,1695059403377,41,2158,33667
5,1695059403377,21,2158,33688
5,1695059403377,36,2158,33724
5,1695059403377,19,2158,33743
5,1695059403377,10,2142,33753
5,1695059403377,16,2142,33769
5,1695059403377,20,2126,33789
5,1695059403377,22,2126,33811
5,1695059403377,19,2110,33830
5,1695059403377,21,2110,33851
5,1695059403377,20,2106,33871
5,1695059403377,22,2094,33893
5,1695059403377,19,2094,33912
5,1695059403377,20,2078,33932
5,1695059403377,23,2078,33955
5,1695059403377,19,2074,33974
5,1695059403377,19,2046,33993
5,1695059403377,20,2070,34013
5,1695059403377,23,2046,34036
5,1695059403377,17,2070,34053
5,1695059403377,20,2070,34073
5,1695059403377,20,2070,34093
5,1695059403377,27,2046,34120
5,1695059403377,15,2070,34135
5,1695059403377,19,2046,34154
5,1695059403377,20,2046,34174
5,1695059403377,27,2046,34201
5,1695059403377,15,2046,34216
5,1695059403377,40,2042,34256
5,1695059403377,41,2030,34297
5,1695059403377,20,2026,34317
5,1695059403377,20,2014,34337
5,1695059403377,24,2030,34361
5,1695059403377,17,2014,34378
5,1695059403377,20,1998,34398
5,1695059403377,20,1998,34418
5,1695059403377,22,1982,34440
5,1695059403377,19,1982,34459
5,1695059403377,20,1982,34479
5,1695059403377,20,1982,34499
5,1695059403377,22,1966,34521
5,1695059403377,33,1966,34554
5,1695059403377,10,1958,34564
5,1695059403377,18,1950,34582
5,1695059403377,19,1934,34601
5,1695059403377,18,1918,34619
5,1695059403377,20,1918,34639
5,1695059403377,24,1918,34663
5,1695059403377,17,1910,34680
5,1695059403377,20,1902,34700
5,1695059403377,20,1902,34720
5,1695059403377,27,1898,34747
5,1695059403377,15,1878,34762
5,1695059403377,19,1898,34781
5,1695059403377,20,1886,34801
5,1695059403377,27,1886,34828
5,1695059403377,15,1886,34843
5,1695059403377,19,1898,34862
5,1695059403377,20,1886,34882
5,1695059403377,41,1886,34923
5,1695059403377,20,1898,34943
5,1695059403377,20,1878,34963
5,1695059403377,23,1878,34986
5,1695059403377,17,1878,35003
5,1695059403377,20,1878,35023
5,1695059403377,20,1870,35043
5,1695059403377,22,1870,35065
5,1695059403377,19,1870,35084
5,1695059403377,20,1846,35104
5,1695059403377,23,1846,35127
5,1695059403377,19,1854,35146
5,1695059403377,19,1854,35165
5,1695059403377,20,1846,35185
5,1695059403377,23,1854,35208
5,1695059403377,19,1846,35227
5,1695059403377,19,1834,35246
5,1695059403377,20,1830,35266
5,1695059403377,23,1822,35289
5,1695059403377,18,1814,35307
5,1695059403377,21,1806,35328
5,1695059403377,28,1814,35356
5,1695059403377,27,1790,35383
5,1695059403377,10,1790,35393
5,1695059403377,15,1790,35408
5,1695059403377,20,1790,35428
5,1695059403377,28,1770,35456
5,1695059403377,15,1766,35471
5,1695059403377,18,1750,35489
5,1695059403377,20,1758,35509
5,1695059403377,41,1750,35550
5,1695059403377,20,1750,35570
5,1695059403377,20,1750,35590
5,1695059403377,23,1758,35613
5,1695059403377,18,1758,35631
5,1695059403377,20,1758,35651
5,1695059403377,20,1758,35671
5,1695059403377,20,1758,35691
5,1695059403377,21,1758,35712
5,1695059403377,20,1758,35732
5,1695059403377,24,1758,35756
5,1695059403377,19,1758,35775
5,1695059403377,18,1750,35793
5,1695059403377,20,1750,35813
5,1695059403377,23,1754,35836
5,1695059403377,18,1742,35854
5,1695059403377,20,1750,35874
5,1695059403377,20,1758,35894
5,1695059403377,23,1746,35917
5,1695059403377,18,1740,35935
5,1695059403377,20,1726,35955
5,1695059403377,20,1726,35975
5,1695059403377,27,1726,36002
5,1695059403377,15,1724,36017
5,1695059403377,19,1718,36036
5,1695059403377,20,1722,36056
5,1695059403377,27,1706,36083
5,1695059403377,15,1710,36098
5,1695059403377,33,1706,36131
5,1695059403377,10,1702,36141
5,1695059403377,36,1678,36177
5,1695059403377,20,1678,36197
5,1695059403377,20,1678,36217
5,1695059403377,22,1678,36239
5,1695059403377,19,1662,36258
5,1695059403377,20,1662,36278
5,1695059403377,20,1662,36298
5,1695059403377,23,1662,36321
5,1695059403377,18,1662,36339
5,1695059403377,20,1674,36359
5,1695059403377,23,1662,36382
5,1695059403377,19,1678,36401
5,1695059403377,19,1692,36420
5,1695059403377,20,1690,36440
5,1695059403377,23,1686,36463
5,1695059403377,17,1686,36480
5,1695059403377,20,1702,36500
5,1695059403377,20,1686,36520
5,1695059403377,27,1694,36547
5,1695059403377,15,1686,36562
5,1695059403377,19,1686,36581
5,1695059403377,20,1690,36601
5,1695059403377,27,1694,36628
5,1695059403377,15,1686,36643
5,1695059403377,19,1678,36662
5,1695059403377,20,1690,36682
5,1695059403377,41,1684,36723
5,1695059403377,20,1684,36743
5,1695059403377,20,1678,36763
5,1695059403377,24,1674,36787
5,1695059403377,16,1678,36803
5,1695059403377,21,1662,36824
5,1695059403377,20,1662,36844
5,1695059403377,40,1660,36884
5,1695059403377,15,1654,36899
5,1695059403377,10,1660,36909
5,1695059403377,15,1662,36924
5,1695059403377,22,1642,36946
5,1695059403377,19,1642,36965
5,1695059403377,20,1630,36985
5,1695059403377,23,1622,37008
5,1695059403377,19,1622,37027
5,1695059403377,19,1622,37046
5,1695059403377,20,1626,37066
5,1695059403377,23,1614,37089
5,1695059403377,18,1622,37107
5,1695059403377,20,1630,37127
5,1695059403377,20,1622,37147
5,1695059403377,27,1622,37174
5,1695059403377,15,1630,37189
5,1695059403377,18,1646,37207
5,1695059403377,20,1654,37227
5,1695059403377,27,1646,37254
5,1695059403377,15,1654,37269
5,1695059403377,19,1642,37288
5,1695059403377,20,1646,37308
5,1695059403377,41,1642,37349
5,1695059403377,20,1642,37369
5,1695059403377,20,1642,37389
5,1695059403377,24,1630,37413
5,1695059403377,17,1646,37430
5,1695059403377,20,1630,37450
5,1695059403377,20,1642,37470
5,1695059403377,22,1630,37492
5,1695059403377,18,1642,37510
5,1695059403377,20,1630,37530
5,1695059403377,20,1622,37550
5,1695059403377,22,1630,37572
5,1695059403377,18,1622,37590
5,1695059403377,20,1622,37610
5,1695059403377,24,1614,37634
5,1695059403377,19,1610,37653
5,1695059403377,18,1598,37671
5,1695059403377,20,1610,37691
5,1695059403377,24,1598,37715
5,1695059403377,33,1590,37748
5,1695059403377,10,1590,37758
5,1695059403377,15,1590,37773
5,1695059403377,20,1582,37793
5,1695059403377,19,1574,37812
5,1695059403377,20,1566,37832
5,1695059403377,20,1574,37852
5,1695059403377,27,1558,37879
5,1695059403377,15,1566,37894
5,1695059403377,19,1562,37913
5,1695059403377,20,1574,37933
5,1695059403377,20,1590,37953
5,1695059403377,20,1598,37973
5,1695059403377,20,1606,37993
5,1695059403377,20,1614,38013
5,1695059403377,23,1598,38036
5,1695059403377,17,1610,38053
5,1695059403377,21,1614,38074
5,1695059403377,20,1614,38094
5,1695059403377,23,1622,38117
5,1695059403377,17,1622,38134
5,1695059403377,20,1622,38154
5,1695059403377,23,1630,38177
5,1695059403377,19,1622,38196
5,1695059403377,18,1622,38214
5,1695059403377,20,1622,38234
5,1695059403377,23,1614,38257
5,1695059403377,19,1610,38276
5,1695059403377,19,1614,38295
5,1695059403377,20,1614,38315
5,1695059403377,23,1614,38338
5,1695059403377,17,1614,38355
5,1695059403377,21,1614,38376
5,1695059403377,28,1598,38404
5,1695059403377,27,1610,38431
5,1695059403377,10,1598,38441
5,1695059403377,15,1594,38456
5,1695059403377,20,1598,38476
5,1695059403377,27,1598,38503
5,1695059403377,15,1582,38518
5,1695059403377,19,1578,38537
5,1695059403377,20,1574,38557
5,1695059403377,41,1574,38598
5,1695059403377,20,1564,38618
5,1695059403377,20,1558,38638
5,1695059403377,23,1558,38661
5,1695059403377,18,1558,38679
5,1695059403377,20,1574,38699
5,1695059403377,20,1578,38719
5,1695059403377,22,1582,38741
5,1695059403377,18,1582,38759
5,1695059403377,20,1598,38779
5,1695059403377,24,1598,38803
5,1695059403377,19,1598,38822
5,1695059403377,17,1610,38839
5,1695059403377,20,1614,38859
5,1695059403377,23,1626,38882
5,1695059403377,17,1622,38899
5,1695059403377,20,1630,38919
5,1695059403377,20,1630,38939
5,1695059403377,23,1620,38962
5,1695059403377,18,1630,38980
5,1695059403377,20,1630,39000
5,1695059403377,20,1630,39020
5,1695059403377,27,1642,39047
5,1695059403377,15,1642,39062
5,1695059403377,18,1644,39080
5,1695059403377,20,1642,39100
5,1695059403377,27,1630,39127
5,1695059403377,16,1630,39143
5,1695059403377,33,1630,39176
5,1695059403377,10,1622,39186
5,1695059403377,36,1630,39222
5,1695059403377,20,1626,39242
5,1695059403377,20,1630,39262
5,1695059403377,22,1614,39284
5,1695059403377,18,1622,39302
5,1695059403377,20,1598,39322
5,1695059403377,20,1598,39342
5,1695059403377,22,1598,39364
5,1695059403377,18,1594,39382
5,1695059403377,20,1582,39402
5,1695059403377,23,1590,39425
5,1695059403377,19,1594,39444
5,1695059403377,18,1598,39462
5,1695059403377,20,1598,39482
5,1695059403377,23,1610,39505
5,1695059403377,17,1614,39522
5,1695059403377,20,1622,39542
5,1695059403377,20,1630,39562
5,1695059403377,27,1622,39589
5,1695059403377,15,1646,39604
5,1695059403377,19,1630,39623
5,1695059403377,20,1642,39643
5,1695059403377,28,1646,39671
5,1695059403377,15,1646,39686
5,1695059403377,18,1646,39704
5,1695059403377,20,1642,39724
5,1695059403377,41,1626,39765
5,1695059403377,20,1630,39785
5,1695059403377,20,1642,39805
5,1695059403377,20,1630,39825
5,1695059403377,20,1630,39845
5,1695059403377,20,1630,39865
5,1695059403377,21,1626,39886
5,1695059403377,22,1626,39908
5,1695059403377,18,1622,39926
5,1695059403377,20,1622,39946
5,1695059403377,20,1630,39966
5,1695059403377,23,1614,39989
5,1695059403377,33,1598,40022
5,1695059403377,10,1598,40032
5,1695059403377,18,1598,40050
5,1695059403377,19,1598,40069
5,1695059403377,18,1598,40087
5,1695059403377,20,1582,40107
5,1695059403377,23,1574,40130
5,1695059403377,18,1578,40148
5,1695059403377,20,1564,40168
5,1695059403377,20,1578,40188
5,1695059403377,27,1590,40215
5,1695059403377,15,1590,40230
5,1695059403377,19,1590,40249
5,1695059403377,20,1598,40269
5,1695059403377,27,1618,40296
5,1695059403377,15,1622,40311
5,1695059403377,18,1614,40329
5,1695059403377,20,1622,40349
5,1695059403377,41,1630,40390
5,1695059403377,20,1630,40410
5,1695059403377,20,1626,40430
5,1695059403377,24,1626,40454
5,1695059403377,16,1630,40470
5,1695059403377,20,1630,40490
5,1695059403377,20,1622,40510
5,1695059403377,22,1630,40532
5,1695059403377,18,1630,40550
5,1695059403377,20,1630,40570
5,1695059403377,20,1622,40590
5,1695059403377,23,1622,40613
5,1695059403377,17,1620,40630
5,1695059403377,20,1622,40650
5,1695059403377,23,1622,40673
5,1695059403377,19,1610,40692
5,1695059403377,18,1614,40710
5,1695059403377,20,1594,40730
5,1695059403377,23,1598,40753
5,1695059403377,18,1590,40771
5,1695059403377,21,1582,40792
5,1695059403377,20,1594,40812
5,1695059403377,28,1578,40840
5,1695059403377,33,1582,40873
5,1695059403377,20,1566,40893
5,1695059403377,27,1578,40920
5,1695059403377,15,1582,40935
5,1695059403377,18,1582,40953
5,1695059403377,20,1590,40973
5,1695059403377,41,1598,41014
5,1695059403377,20,1614,41034
5,1695059403377,20,1630,41054
5,1695059403377,23,1622,41077
5,1695059403377,17,1630,41094
5,1695059403377,20,1626,41114
5,1695059403377,20,1626,41134
5,1695059403377,22,1642,41156
5,1695059403377,18,1630,41174
5,1695059403377,20,1622,41194
5,1695059403377,23,1622,41217
5,1695059403377,19,1652,41236
5,1695059403377,18,1630,41254
5,1695059403377,20,1630,41274
5,1695059403377,23,1630,41297
5,1695059403377,19,1630,41316
5,1695059403377,18,1630,41334
5,1695059403377,20,1630,41354
5,1695059403377,23,1622,41377
5,1695059403377,17,1630,41394
5,1695059403377,20,1626,41414
5,1695059403377,20,1618,41434
5,1695059403377,27,1630,41461
5,1695059403377,15,1620,41476
5,1695059403377,18,1620,41494
5,1695059403377,21,1614,41515
5,1695059403377,41,1598,41556
5,1695059403377,19,1598,41575
5,1695059403377,20,1598,41595
5,1695059403377,41,1598,41636
5,1695059403377,20,1614,41656
5,1695059403377,20,1622,41676
5,1695059403377,23,1622,41699
5,1695059403377,17,1654,41716
5,1695059403377,20,1646,41736
5,1695059403377,20,1662,41756
5,1695059403377,22,1662,41778
5,1695059403377,18,1686,41796
5,1695059403377,20,1678,41816
5,1695059403377,23,1684,41839
5,1695059403377,19,1678,41858
5,1695059403377,18,1686,41876
5,1695059403377,20,1678,41896
5,1695059403377,21,1686,41917
5,1695059403377,19,1686,41936
5,1695059403377,20,1690,41956
5,1695059403377,20,1694,41976
5,1695059403377,23,1686,41999
5,1695059403377,17,1692,42016
5,1695059403377,20,1690,42036
5,1695059403377,20,1702,42056
5,1695059403377,27,1694,42083
5,1695059403377,15,1692,42098
5,1695059403377,18,1702,42116
5,1695059403377,20,1692,42136
5,1695059403377,27,1694,42163
5,1695059403377,15,1690,42178
5,1695059403377,18,1686,42196
5,1695059403377,20,1686,42216
5,1695059403377,42,1686,42258
5,1695059403377,34,1686,42292
5,1695059403377,10,1676,42302
5,1695059403377,22,1678,42324
5,1695059403377,15,1662,42339
5,1695059403377,19,1678,42358
5,1695059403377,20,1686,42378
5,1695059403377,22,1710,42400
5,1695059403377,18,1694,42418
5,1695059403377,20,1718,42438
5,1695059403377,23,1726,42461
5,1695059403377,20,1742,42481
5,1695059403377,18,1750,42499
5,1695059403377,20,1750,42519
5,1695059403377,24,1750,42543
5,1695059403377,17,1758,42560
5,1695059403377,20,1766,42580
5,1695059403377,21,1774,42601
5,1695059403377,22,1774,42623
5,1695059403377,17,1774,42640
5,1695059403377,20,1782,42660
5,1695059403377,20,1782,42680
5,1695059403377,27,1790,42707
5,1695059403377,15,1782,42722
5,1695059403377,19,1786,42741
5,1695059403377,20,1790,42761
5,1695059403377,27,1790,42788
5,1695059403377,15,1790,42803
5,1695059403377,18,1790,42821
5,1695059403377,20,1790,42841
5,1695059403377,41,1790,42882
5,1695059403377,20,1790,42902
5,1695059403377,20,1774,42922
5,1695059403377,22,1774,42944
5,1695059403377,19,1774,42963
5,1695059403377,34,1774,42997
5,1695059403377,13,1770,43010
5,1695059403377,15,1758,43025
5,1695059403377,18,1770,43043
5,1695059403377,20,1772,43063
5,1695059403377,23,1758,43086
5,1695059403377,20,1770,43106
5,1695059403377,18,1758,43124
5,1695059403377,20,1782,43144
5,1695059403377,23,1782,43167
5,1695059403377,18,1790,43185
5,1695059403377,20,1790,43205
5,1695059403377,20,1822,43225
5,1695059403377,27,1822,43252
5,1695059403377,15,1814,43267
5,1695059403377,18,1822,43285
5,1695059403377,20,1830,43305
5,1695059403377,27,1836,43332
5,1695059403377,15,1822,43347
5,1695059403377,18,1838,43365
5,1695059403377,20,1838,43385
5,1695059403377,41,1830,43426
5,1695059403377,20,1846,43446
5,1695059403377,20,1846,43466
5,1695059403377,24,1846,43490
5,1695059403377,16,1838,43506
5,1695059403377,20,1838,43526
5,1695059403377,20,1838,43546
5,1695059403377,22,1830,43568
5,1695059403377,18,1834,43586
5,1695059403377,20,1836,43606
5,1695059403377,20,1830,43626
5,1695059403377,22,1806,43648
5,1695059403377,19,1814,43667
5,1695059403377,34,1814,43701
5,1695059403377,22,1790,43723
5,1695059403377,10,1790,43733
5,1695059403377,15,1790,43748
5,1695059403377,19,1786,43767
5,1695059403377,23,1790,43790
5,1695059403377,17,1774,43807
5,1695059403377,20,1758,43827
5,1695059403377,21,1758,43848
5,1695059403377,27,1774,43875
5,1695059403377,15,1774,43890
5,1695059403377,18,1782,43908
5,1695059403377,20,1782,43928
5,1695059403377,27,1790,43955
5,1695059403377,15,1790,43970
5,1695059403377,18,1814,43988
5,1695059403377,20,1822,44008
5,1695059403377,41,1822,44049
5,1695059403377,20,1818,44069
5,1695059403377,20,1814,44089
5,1695059403377,23,1814,44112
5,1695059403377,17,1818,44129
5,1695059403377,20,1806,44149
5,1695059403377,20,1814,44169
5,1695059403377,22,1814,44191
5,1695059403377,18,1814,44209
5,1695059403377,20,1790,44229
5,1695059403377,23,1790,44252
5,1695059403377,20,1806,44272
5,1695059403377,18,1790,44290
5,1695059403377,20,1790,44310
5,1695059403377,23,1790,44333
5,1695059403377,20,1790,44353
5,1695059403377,18,1774,44371
5,1695059403377,20,1790,44391
5,1695059403377,23,1782,44414
5,1695059403377,17,1790,44431
5,1695059403377,21,1774,44452
5,1695059403377,36,1758,44488
5,1695059403377,19,1758,44507
5,1695059403377,10,1758,44517
5,1695059403377,15,1750,44532
5,1695059403377,19,1750,44551
5,1695059403377,27,1742,44578
5,1695059403377,16,1726,44594
5,1695059403377,18,1726,44612
5,1695059403377,20,1724,44632
5,1695059403377,41,1726,44673
5,1695059403377,20,1742,44693
5,1695059403377,20,1738,44713
5,1695059403377,24,1750,44737
5,1695059403377,16,1750,44753
5,1695059403377,20,1758,44773
5,1695059403377,20,1758,44793
5,1695059403377,22,1758,44815
5,1695059403377,18,1750,44833
5,1695059403377,20,1758,44853
5,1695059403377,23,1750,44876
5,1695059403377,20,1750,44896
5,1695059403377,18,1758,44914
5,1695059403377,20,1742,44934
5,1695059403377,23,1742,44957
5,1695059403377,17,1738,44974
5,1695059403377,20,1742,44994
5,1695059403377,20,1742,45014
5,1695059403377,23,1742,45037
5,1695059403377,18,1726,45055
5,1695059403377,20,1726,45075
5,1695059403377,20,1726,45095
5,1695059403377,27,1718,45122
5,1695059403377,15,1710,45137
5,1695059403377,18,1710,45155
5,1695059403377,20,1706,45175
5,1695059403377,27,1706,45202
5,1695059403377,15,1706,45217
5,1695059403377,18,1686,45235
5,1695059403377,20,1690,45255
5,1695059403377,41,1662,45296
5,1695059403377,21,1662,45317
5,1695059403377,37,1646,45354
5,1695059403377,23,1654,45377
5,1695059403377,20,1646,45397
5,1695059403377,20,1646,45417
5,1695059403377,23,1658,45440
5,1695059403377,17,1662,45457
5,1695059403377,20,1654,45477
5,1695059403377,23,1662,45500
5,1695059403377,20,1676,45520
5,1695059403377,18,1678,45538
5,1695059403377,20,1662,45558
5,1695059403377,23,1662,45581
5,1695059403377,18,1662,45599
5,1695059403377,20,1662,45619
5,1695059403377,20,1674,45639
5,1695059403377,23,1662,45662
5,1695059403377,17,1662,45679
5,1695059403377,21,1654,45700
5,1695059403377,20,1662,45720
5,1695059403377,27,1654,45747
5,1695059403377,15,1654,45762
5,1695059403377,18,1662,45780
5,1695059403377,20,1654,45800
5,1695059403377,27,1646,45827
5,1695059403377,15,1646,45842
5,1695059403377,18,1646,45860
5,1695059403377,20,1630,45880
5,1695059403377,41,1622,45921
5,1695059403377,21,1626,45942
5,1695059403377,36,1622,45978
5,1695059403377,10,1614,45988
5,1695059403377,15,1622,46003
5,1695059403377,18,1614,46021
5,1695059403377,20,1606,46041
5,1695059403377,20,1594,46061
5,1695059403377,20,1582,46081
5,1695059403377,20,1580,46101
5,1695059403377,23,1578,46124
5,1695059403377,20,1578,46144
5,1695059403377,18,1578,46162
5,1695059403377,20,1558,46182
5,1695059403377,23,1574,46205
5,1695059403377,18,1578,46223
5,1695059403377,20,1578,46243
5,1695059403377,20,1582,46263
5,1695059403377,27,1590,46290
5,1695059403377,16,1590,46306
5,1695059403377,18,1594,46324
5,1695059403377,20,1598,46344
5,1695059403377,28,1590,46372
5,1695059403377,16,1598,46388
5,1695059403377,17,1590,46405
5,1695059403377,20,1590,46425
5,1695059403377,41,1582,46466
5,1695059403377,20,1582,46486
5,1695059403377,20,1574,46506
5,1695059403377,24,1574,46530
5,1695059403377,16,1574,46546
5,1695059403377,20,1566,46566
5,1695059403377,20,1566,46586
5,1695059403377,22,1562,46608
5,1695059403377,18,1566,46626
5,1695059403377,20,1558,46646
5,1695059403377,20,1558,46666
5,1695059403377,22,1562,46688
5,1695059403377,19,1534,46707
5,1695059403377,34,1534,46741
5,1695059403377,13,1534,46754
5,1695059403377,16,1534,46770
5,1695059403377,18,1534,46788
5,1695059403377,21,1518,46809
5,1695059403377,22,1518,46831
5,1695059403377,18,1510,46849
5,1695059403377,20,1514,46869
5,1695059403377,20,1514,46889
5,1695059403377,27,1494,46916
5,1695059403377,16,1502,46932
5,1695059403377,18,1494,46950
5,1695059403377,20,1502,46970
5,1695059403377,27,1502,46997
5,1695059403377,16,1514,47013
5,1695059403377,18,1526,47031
5,1695059403377,20,1518,47051
5,1695059403377,41,1526,47092
5,1695059403377,20,1534,47112
5,1695059403377,21,1534,47133
5,1695059403377,23,1534,47156
5,1695059403377,16,1534,47172
5,1695059403377,20,1518,47192
5,1695059403377,20,1526,47212
5,1695059403377,24,1530,47236
5,1695059403377,17,1534,47253
5,1695059403377,20,1526,47273
5,1695059403377,20,1518,47293
5,1695059403377,23,1518,47316
5,1695059403377,18,1518,47334
5,1695059403377,20,1518,47354
5,1695059403377,23,1514,47377
5,1695059403377,20,1518,47397
5,1695059403377,18,1502,47415
5,1695059403377,20,1502,47435
5,1695059403377,23,1502,47458
5,1695059403377,17,1494,47475
5,1695059403377,20,1494,47495
5,1695059403377,20,1470,47515
5,1695059403377,27,1482,47542
5,1695059403377,16,1486,47558
5,1695059403377,17,1470,47575
5,1695059403377,20,1470,47595
5,1695059403377,27,1466,47622
5,1695059403377,16,1454,47638
5,1695059403377,34,1450,47672
5,1695059403377,11,1450,47683
5,1695059403377,34,1454,47717
5,1695059403377,20,1454,47737
5,1695059403377,20,1454,47757
5,1695059403377,23,1454,47780
5,1695059403377,17,1462,47797
5,1695059403377,20,1470,47817
5,1695059403377,20,1454,47837
5,1695059403377,23,1466,47860
5,1695059403377,18,1462,47878
5,1695059403377,20,1462,47898
5,1695059403377,23,1454,47921
5,1695059403377,20,1454,47941
5,1695059403377,17,1454,47958
5,1695059403377,20,1470,47978
5,1695059403377,23,1454,48001
5,1695059403377,17,1454,48018
5,1695059403377,21,1452,48039
5,1695059403377,20,1452,48059
5,1695059403377,23,1450,48082
5,1695059403377,18,1462,48100
5,1695059403377,20,1454,48120
5,1695059403377,20,1462,48140
5,1695059403377,21,1454,48161
5,1695059403377,19,1446,48180
5,1695059403377,20,1438,48200
5,1695059403377,20,1446,48220
5,1695059403377,28,1430,48248
5,1695059403377,34,1430,48282
5,1695059403377,20,1422,48302
5,1695059403377,40,1422,48342
5,1695059403377,20,1406,48362
5,1695059403377,20,1406,48382
5,1695059403377,23,1406,48405
5,1695059403377,18,1406,48423
5,1695059403377,20,1406,48443
5,1695059403377,20,1390,48463
5,1695059403377,23,1406,48486
5,1695059403377,18,1406,48504
5,1695059403377,20,1406,48524
5,1695059403377,23,1430,48547
5,1695059403377,20,1434,48567
5,1695059403377,18,1438,48585
5,1695059403377,20,1446,48605
5,1695059403377,23,1454,48628
5,1695059403377,18,1454,48646
5,1695059403377,20,1454,48666
5,1695059403377,20,1462,48686
5,1695059403377,23,1470,48709
5,1695059403377,17,1462,48726
5,1695059403377,20,1462,48746
5,1695059403377,20,1462,48766
5,1695059403377,27,1470,48793
5,1695059403377,16,1462,48809
5,1695059403377,18,1462,48827
5,1695059403377,20,1466,48847
5,1695059403377,27,1470,48874
5,1695059403377,16,1454,48890
5,1695059403377,18,1462,48908
5,1695059403377,20,1468,48928
5,1695059403377,41,1470,48969
5,1695059403377,20,1470,48989
5,1695059403377,20,1462,49009
5,1695059403377,23,1470,49032
5,1695059403377,19,1462,49051
5,1695059403377,34,1454,49085
5,1695059403377,13,1454,49098
5,1695059403377,16,1446,49114
5,1695059403377,16,1446,49130
5,1695059403377,20,1454,49150
5,1695059403377,23,1438,49173
5,1695059403377,20,1438,49193
5,1695059403377,18,1438,49211
5,1695059403377,20,1430,49231
5,1695059403377,23,1438,49254
5,1695059403377,17,1450,49271
5,1695059403377,20,1454,49291
5,1695059403377,20,1454,49311
5,1695059403377,23,1470,49334
5,1695059403377,17,1482,49351
5,1695059403377,20,1486,49371
5,1695059403377,20,1486,49391
5,1695059403377,27,1494,49418
5,1695059403377,16,1498,49434
5,1695059403377,17,1514,49451
5,1695059403377,20,1502,49471
5,1695059403377,28,1494,49499
5,1695059403377,16,1498,49515
5,1695059403377,17,1502,49532
5,1695059403377,20,1502,49552
5,1695059403377,41,1502,49593
5,1695059403377,20,1502,49613
5,1695059403377,20,1502,49633
5,1695059403377,23,1502,49656
5,1695059403377,18,1514,49674
5,1695059403377,20,1502,49694
5,1695059403377,20,1518,49714
5,1695059403377,23,1502,49737
5,1695059403377,18,1502,49755
5,1695059403377,20,1502,49775
5,1695059403377,23,1500,49798
5,1695059403377,20,1502,49818
5,1695059403377,17,1470,49835
5,1695059403377,21,1486,49856
5,1695059403377,22,1486,49878
5,1695059403377,18,1482,49896
5,1695059403377,20,1470,49916
5,1695059403377,20,1470,49936
5,1695059403377,27,1468,49963
5,1695059403377,17,1470,49980
5,1695059403377,34,1446,50014
5,1695059403377,31,1454,50045
5,1695059403377,16,1454,50061
5,1695059403377,18,1454,50079
5,1695059403377,20,1462,50099
5,1695059403377,41,1470,50140
5,1695059403377,20,1486,50160
5,1695059403377,20,1494,50180
5,1695059403377,20,1502,50200
5,1695059403377,20,1514,50220
5,1695059403377,20,1502,50240
5,1695059403377,20,1502,50260
5,1695059403377,24,1502,50284
5,1695059403377,16,1502,50300
5,1695059403377,20,1494,50320
5,1695059403377,20,1494,50340
5,1695059403377,23,1502,50363
5,1695059403377,18,1502,50381
5,1695059403377,20,1498,50401
5,1695059403377,23,1502,50424
5,1695059403377,20,1502,50444
5,1695059403377,17,1494,50461
5,1695059403377,20,1502,50481
5,1695059403377,23,1502,50504
5,1695059403377,17,1502,50521
5,1695059403377,21,1502,50542
5,1695059403377,37,1494,50579
5,1695059403377,20,1500,50599
5,1695059403377,11,1494,50610
5,1695059403377,16,1492,50626
5,1695059403377,16,1486,50642
5,1695059403377,27,1494,50669
5,1695059403377,16,1486,50685
5,1695059403377,18,1486,50703
5,1695059403377,20,1470,50723
5,1695059403377,41,1466,50764
5,1695059403377,20,1462,50784
5,1695059403377,20,1470,50804
5,1695059403377,24,1462,50828
5,1695059403377,16,1470,50844
5,1695059403377,20,1462,50864
5,1695059403377,20,1470,50884
5,1695059403377,23,1470,50907
5,1695059403377,17,1484,50924
5,1695059403377,20,1502,50944
5,1695059403377,23,1492,50967
5,1695059403377,20,1502,50987
5,1695059403377,17,1498,51004
5,1695059403377,20,1498,51024
5,1695059403377,23,1502,51047
5,1695059403377,18,1486,51065
5,1695059403377,20,1502,51085
5,1695059403377,20,1502,51105
5,1695059403377,23,1494,51128
5,1695059403377,17,1502,51145
5,1695059403377,20,1502,51165
5,1695059403377,20,1502,51185
5,1695059403377,27,1500,51212
5,1695059403377,16,1494,51228
5,1695059403377,18,1494,51246
5,1695059403377,20,1494,51266
5,1695059403377,27,1494,51293
5,1695059403377,16,1494,51309
5,1695059403377,18,1494,51327
5,1695059403377,32,1486,51359
5,1695059403377,29,1486,51388
5,1695059403377,20,1494,51408
5,1695059403377,20,1470,51428
5,1695059403377,23,1470,51451
5,1695059403377,17,1470,51468
5,1695059403377,20,1470,51488
5,1695059403377,20,1470,51508
5,1695059403377,24,1462,51532
5,1695059403377,16,1454,51548
5,1695059403377,20,1450,51568
5,1695059403377,23,1454,51591
5,1695059403377,20,1454,51611
5,1695059403377,17,1450,51628
5,1695059403377,20,1462,51648
5,1695059403377,23,1470,51671
5,1695059403377,17,1462,51688
5,1695059403377,20,1486,51708
5,1695059403377,20,1470,51728
5,1695059403377,23,1482,51751
5,1695059403377,17,1486,51768
5,1695059403377,20,1482,51788
5,1695059403377,20,1470,51808
5,1695059403377,27,1484,51835
5,1695059403377,16,1470,51851
5,1695059403377,18,1470,51869
5,1695059403377,20,1470,51889
5,1695059403377,27,1470,51916
5,1695059403377,16,1470,51932
5,1695059403377,18,1470,51950
5,1695059403377,20,1470,51970
5,1695059403377,41,1462,52011
5,1695059403377,20,1462,52031
5,1695059403377,20,1462,52051
5,1695059403377,24,1454,52075
5,1695059403377,16,1462,52091
5,1695059403377,20,1454,52111
5,1695059403377,21,1438,52132
5,1695059403377,41,1454,52173
5,1695059403377,19,1450,52192
5,1695059403377,21,1438,52213
5,1695059403377,19,1430,52232
5,1695059403377,20,1438,52252
5,1695059403377,20,1406,52272
5,1695059403377,23,1430,52295
5,1695059403377,18,1426,52313
5,1695059403377,20,1430,52333
5,1695059403377,20,1428,52353
5,1695059403377,23,1430,52376
5,1695059403377,18,1438,52394
5,1695059403377,20,1450,52414
5,1695059403377,20,1446,52434
5,1695059403377,27,1454,52461
5,1695059403377,16,1450,52477
5,1695059403377,18,1450,52495
5,1695059403377,20,1450,52515
5,1695059403377,27,1454,52542
5,1695059403377,16,1446,52558
5,1695059403377,18,1438,52576
5,1695059403377,20,1446,52596
5,1695059403377,41,1450,52637
5,1695059403377,20,1450,52657
5,1695059403377,20,1452,52677
5,1695059403377,24,1454,52701
5,1695059403377,16,1438,52717
5,1695059403377,20,1446,52737
5,1695059403377,20,1434,52757
5,1695059403377,23,1428,52780
5,1695059403377,17,1430,52797
5,1695059403377,20,1430,52817
5,1695059403377,23,1406,52840
5,1695059403377,20,1430,52860
5,1695059403377,17,1406,52877
5,1695059403377,20,1406,52897
5,1695059403377,23,1406,52920
5,1695059403377,34,1398,52954
5,1695059403377,23,1398,52977
5,1695059403377,27,1386,53004
5,1695059403377,16,1390,53020
5,1695059403377,18,1374,53038
5,1695059403377,20,1374,53058
5,1695059403377,27,1382,53085
5,1695059403377,16,1374,53101
5,1695059403377,18,1386,53119
5,1695059403377,21,1406,53140
5,1695059403377,40,1406,53180
5,1695059403377,20,1422,53200
5,1695059403377,20,1422,53220
5,1695059403377,24,1428,53244
5,1695059403377,17,1430,53261
5,1695059403377,20,1428,53281
5,1695059403377,20,1430,53301
5,1695059403377,24,1430,53325
5,1695059403377,17,1428,53342
5,1695059403377,20,1430,53362
5,1695059403377,20,1428,53382
5,1695059403377,23,1438,53405
5,1695059403377,17,1430,53422
5,1695059403377,20,1438,53442
5,1695059403377,23,1430,53465
5,1695059403377,20,1430,53485
5,1695059403377,17,1438,53502
5,1695059403377,20,1438,53522
5,1695059403377,23,1438,53545
5,1695059403377,18,1422,53563
5,1695059403377,20,1428,53583
5,1695059403377,20,1430,53603
5,1695059403377,27,1422,53630
5,1695059403377,17,1422,53647
5,1695059403377,34,1406,53681
5,1695059403377,30,1406,53711
5,1695059403377,16,1406,53727
5,1695059403377,17,1406,53744
5,1695059403377,20,1402,53764
5,1695059403377,41,1390,53805
5,1695059403377,20,1386,53825
5,1695059403377,20,1374,53845
5,1695059403377,24,1388,53869
5,1695059403377,17,1386,53886
5,1695059403377,20,1386,53906
5,1695059403377,20,1398,53926
5,1695059403377,23,1402,53949
5,1695059403377,17,1406,53966
5,1695059403377,20,1430,53986
5,1695059403377,23,1430,54009
5,1695059403377,20,1422,54029
5,1695059403377,17,1430,54046
5,1695059403377,20,1430,54066
5,1695059403377,23,1438,54089
5,1695059403377,17,1438,54106
5,1695059403377,20,1428,54126
5,1695059403377,20,1438,54146
5,1695059403377,23,1450,54169
5,1695059403377,18,1434,54187
5,1695059403377,20,1446,54207
5,1695059403377,20,1450,54227
5,1695059403377,27,1444,54254
5,1695059403377,16,1446,54270
5,1695059403377,17,1434,54287
5,1695059403377,20,1450,54307
5,1695059403377,27,1450,54334
5,1695059403377,16,1430,54350
5,1695059403377,17,1446,54367
5,1695059403377,21,1438,54388
5,1695059403377,35,1438,54423
5,1695059403377,24,1430,54447
5,1695059403377,20,1430,54467
5,1695059403377,23,1422,54490
5,1695059403377,17,1430,54507
5,1695059403377,20,1422,54527
5,1695059403377,20,1406,54547
5,1695059403377,23,1406,54570
5,1695059403377,17,1398,54587
5,1695059403377,20,1402,54607
5,1695059403377,24,1390,54631
5,1695059403377,20,1398,54651
5,1695059403377,16,1398,54667
5,1695059403377,20,1402,54687
5,1695059403377,23,1406,54710
5,1695059403377,17,1406,54727
5,1695059403377,20,1422,54747
5,1695059403377,20,1434,54767
5,1695059403377,23,1434,54790
5,1695059403377,17,1438,54807
5,1695059403377,20,1450,54827
5,1695059403377,20,1446,54847
5,1695059403377,27,1450,54874
5,1695059403377,16,1438,54890
5,1695059403377,17,1450,54907
5,1695059403377,20,1450,54927
5,1695059403377,27,1454,54954
5,1695059403377,16,1450,54970
5,1695059403377,18,1450,54988
5,1695059403377,20,1450,55008
5,1695059403377,41,1450,55049
5,1695059403377,20,1450,55069
5,1695059403377,20,1462,55089
5,1695059403377,23,1450,55112
5,1695059403377,17,1454,55129
5,1695059403377,21,1438,55150
5,1695059403377,41,1446,55191
5,1695059403377,40,1438,55231
5,1695059403377,22,1438,55253
5,1695059403377,20,1422,55273
5,1695059403377,18,1430,55291
5,1695059403377,20,1438,55311
5,1695059403377,23,1422,55334
5,1695059403377,17,1422,55351
5,1695059403377,20,1406,55371
5,1695059403377,20,1422,55391
5,1695059403377,23,1406,55414
5,1695059403377,18,1398,55432
5,1695059403377,20,1406,55452
5,1695059403377,20,1398,55472
5,1695059403377,27,1386,55499
5,1695059403377,15,1398,55514
5,1695059403377,18,1402,55532
5,1695059403377,20,1406,55552
5,1695059403377,27,1406,55579
5,1695059403377,15,1422,55594
5,1695059403377,39,1430,55633
5,1695059403377,41,1430,55674
5,1695059403377,20,1450,55694
5,1695059403377,20,1438,55714
5,1695059403377,22,1450,55736
5,1695059403377,18,1438,55754
5,1695059403377,20,1438,55774
5,1695059403377,20,1438,55794
5,1695059403377,22,1454,55816
5,1695059403377,18,1438,55834
5,1695059403377,20,1438,55854
5,1695059403377,23,1438,55877
5,1695059403377,20,1438,55897
5,1695059403377,18,1438,55915
5,1695059403377,20,1438,55935
5,1695059403377,23,1438,55958
5,1695059403377,18,1428,55976
5,1695059403377,34,1438,56010
5,1695059403377,10,1438,56020
5,1695059403377,22,1436,56042
5,1695059403377,16,1430,56058
5,1695059403377,18,1430,56076
5,1695059403377,20,1428,56096
5,1695059403377,27,1430,56123
5,1695059403377,16,1422,56139
5,1695059403377,18,1418,56157
5,1695059403377,20,1406,56177
5,1695059403377,41,1398,56218
5,1695059403377,20,1398,56238
5,1695059403377,20,1390,56258
5,1695059403377,24,1390,56282
5,1695059403377,16,1390,56298
5,1695059403377,20,1374,56318
5,1695059403377,20,1374,56338
5,1695059403377,23,1390,56361
5,1695059403377,17,1390,56378
5,1695059403377,20,1398,56398
5,1695059403377,21,1402,56419
5,1695059403377,19,1406,56438
5,1695059403377,20,1422,56458
5,1695059403377,20,1422,56478
5,1695059403377,23,1422,56501
5,1695059403377,20,1438,56521
5,1695059403377,18,1434,56539
5,1695059403377,20,1428,56559
5,1695059403377,23,1430,56582
5,1695059403377,17,1430,56599
5,1695059403377,20,1428,56619
5,1695059403377,20,1428,56639
5,1695059403377,28,1434,56667
5,1695059403377,16,1428,56683
5,1695059403377,17,1430,56700
5,1695059403377,21,1422,56721
5,1695059403377,27,1438,56748
5,1695059403377,16,1438,56764
5,1695059403377,18,1430,56782
5,1695059403377,21,1434,56803
5,1695059403377,40,1430,56843
5,1695059403377,20,1422,56863
5,1695059403377,20,1422,56883
5,1695059403377,24,1422,56907
5,1695059403377,17,1422,56924
5,1695059403377,20,1406,56944
5,1695059403377,20,1406,56964
5,1695059403377,23,1402,56987
5,1695059403377,18,1406,57005
5,1695059403377,20,1398,57025
5,1695059403377,23,1386,57048
5,1695059403377,20,1386,57068
5,1695059403377,18,1390,57086
5,1695059403377,20,1374,57106
5,1695059403377,22,1386,57128
5,1695059403377,17,1374,57145
5,1695059403377,20,1364,57165
5,1695059403377,20,1366,57185
5,1695059403377,24,1358,57209
5,1695059403377,17,1366,57226
5,1695059403377,20,1374,57246
5,1695059403377,20,1366,57266
5,1695059403377,27,1374,57293
5,1695059403377,16,1390,57309
5,1695059403377,18,1386,57327
5,1695059403377,20,1398,57347
5,1695059403377,27,1390,57374
5,1695059403377,16,1402,57390
5,1695059403377,18,1406,57408
5,1695059403377,20,1398,57428
5,1695059403377,41,1402,57469
5,1695059403377,20,1406,57489
5,1695059403377,20,1402,57509
5,1695059403377,23,1398,57532
5,1695059403377,17,1390,57549
5,1695059403377,20,1406,57569
5,1695059403377,20,1398,57589
5,1695059403377,23,1390,57612
5,1695059403377,34,1398,57646
5,1695059403377,27,1390,57673
5,1695059403377,20,1398,57693
5,1695059403377,18,1398,57711
5,1695059403377,20,1386,57731
5,1695059403377,23,1390,57754
5,1695059403377,18,1390,57772
5,1695059403377,20,1386,57792
5,1695059403377,20,1382,57812
5,1695059403377,23,1366,57835
5,1695059403377,17,1374,57852
5,1695059403377,20,1366,57872
5,1695059403377,20,1366,57892
5,1695059403377,27,1358,57919
5,1695059403377,16,1358,57935
5,1695059403377,18,1354,57953
5,1695059403377,20,1342,57973
5,1695059403377,28,1342,58001
5,1695059403377,16,1342,58017
5,1695059403377,17,1342,58034
5,1695059403377,20,1338,58054
5,1695059403377,41,1342,58095
5,1695059403377,20,1358,58115
5,1695059403377,20,1366,58135
5,1695059403377,23,1358,58158
5,1695059403377,18,1386,58176
5,1695059403377,20,1366,58196
5,1695059403377,20,1382,58216
5,1695059403377,23,1374,58239
5,1695059403377,18,1366,58257
5,1695059403377,20,1374,58277
5,1695059403377,23,1366,58300
5,1695059403377,20,1374,58320
5,1695059403377,18,1366,58338
5,1695059403377,20,1374,58358
5,1695059403377,23,1364,58381
5,1695059403377,17,1370,58398
5,1695059403377,20,1370,58418
5,1695059403377,20,1374,58438
5,1695059403377,23,1366,58461
5,1695059403377,18,1370,58479
5,1695059403377,20,1374,58499
5,1695059403377,20,1370,58519
5,1695059403377,27,1370,58546
5,1695059403377,16,1366,58562
5,1695059403377,18,1366,58580
5,1695059403377,20,1364,58600
5,1695059403377,28,1358,58628
5,1695059403377,34,1354,58662
5,1695059403377,20,1342,58682
5,1695059403377,20,1342,58702
5,1695059403377,20,1338,58722
5,1695059403377,20,1334,58742
5,1695059403377,20,1326,58762
5,1695059403377,23,1326,58785
5,1695059403377,18,1322,58803
5,1695059403377,20,1326,58823
5,1695059403377,20,1326,58843
5,1695059403377,24,1326,58867
5,1695059403377,17,1326,58884
5,1695059403377,20,1334,58904
5,1695059403377,23,1334,58927
5,1695059403377,20,1342,58947
5,1695059403377,17,1354,58964
5,1695059403377,20,1358,58984
5,1695059403377,23,1366,59007
5,1695059403377,17,1366,59024
5,1695059403377,20,1366,59044
5,1695059403377,20,1374,59064
5,1695059403377,27,1374,59091
5,1695059403377,16,1354,59107
5,1695059403377,18,1374,59125
5,1695059403377,20,1374,59145
5,1695059403377,40,1374,59185
5,1695059403377,16,1374,59201
5,1695059403377,11,1374,59212
5,1695059403377,16,1370,59228
5,1695059403377,39,1374,59267
5,1695059403377,20,1374,59287
5,1695059403377,21,1370,59308
5,1695059403377,41,1366,59349
5,1695059403377,19,1374,59368
5,1695059403377,20,1374,59388
5,1695059403377,23,1374,59411
5,1695059403377,18,1366,59429
5,1695059403377,20,1370,59449
5,1695059403377,23,1366,59472
5,1695059403377,20,1358,59492
5,1695059403377,18,1358,59510
5,1695059403377,20,1342,59530
5,1695059403377,23,1354,59553
5,1695059403377,20,1356,59573
5,1695059403377,18,1342,59591
5,1695059403377,20,1342,59611
5,1695059403377,23,1338,59634
5,1695059403377,17,1342,59651
5,1695059403377,20,1354,59671
5,1695059403377,21,1358,59692
5,1695059403377,26,1374,59718
5,1695059403377,16,1366,59734
5,1695059403377,18,1374,59752
5,1695059403377,20,1390,59772
5,1695059403377,28,1398,59800
5,1695059403377,16,1390,59816
5,1695059403377,17,1390,59833
5,1695059403377,20,1398,59853
5,1695059403377,41,1406,59894
5,1695059403377,20,1406,59914
5,1695059403377,20,1422,59934
5,1695059403377,24,1406,59958
5,1695059403377,17,1406,59975
5,1695059403377,20,1406,59995
5,1695059403377,20,1422,60015
5,1695059403377,23,1430,60038
5,1695059403377,18,1428,60056
5,1695059403377,20,1422,60076
5,1695059403377,24,1422,60100
5,1695059403377,38,1422,60138
5,1695059403377,19,1430,60157
5,1695059403377,23,1428,60180
5,1695059403377,17,1428,60197
5,1695059403377,20,1422,60217
5,1695059403377,20,1406,60237
5,1695059403377,23,1422,60260
5,1695059403377,17,1406,60277
5,1695059403377,20,1406,60297
5,1695059403377,20,1406,60317
5,1695059403377,27,1406,60344
5,1695059403377,16,1406,60360
5,1695059403377,18,1398,60378
5,1695059403377,20,1406,60398
5,1695059403377,27,1404,60425
5,1695059403377,16,1406,60441
5,1695059403377,17,1406,60458
5,1695059403377,20,1406,60478
5,1695059403377,41,1422,60519
5,1695059403377,20,1434,60539
5,1695059403377,20,1450,60559
5,1695059403377,20,1454,60579
5,1695059403377,20,1454,60599
5,1695059403377,20,1462,60619
5,1695059403377,20,1454,60639
5,1695059403377,20,1466,60659
5,1695059403377,20,1470,60679
5,1695059403377,20,1470,60699
5,1695059403377,23,1470,60722
5,1695059403377,20,1482,60742
5,1695059403377,18,1482,60760
5,1695059403377,20,1486,60780
5,1695059403377,41,1486,60821
5,1695059403377,20,1486,60841
5,1695059403377,20,1498,60861
5,1695059403377,23,1502,60884
5,1695059403377,18,1494,60902
5,1695059403377,20,1502,60922
5,1695059403377,20,1502,60942
5,1695059403377,28,1494,60970
5,1695059403377,34,1494,61004
5,1695059403377,19,1502,61023
5,1695059403377,27,1498,61050
5,1695059403377,16,1498,61066
5,1695059403377,18,1502,61084
5,1695059403377,20,1498,61104
5,1695059403377,41,1494,61145
5,1695059403377,21,1494,61166
5,1695059403377,20,1486,61186
5,1695059403377,23,1470,61209
5,1695059403377,18,1470,61227
5,1695059403377,20,1470,61247
5,1695059403377,20,1470,61267
5,1695059403377,24,1486,61291
5,1695059403377,16,1498,61307
5,1695059403377,20,1502,61327
5,1695059403377,23,1514,61350
5,1695059403377,20,1526,61370
5,1695059403377,17,1534,61387
5,1695059403377,20,1534,61407
5,1695059403377,23,1534,61430
5,1695059403377,18,1550,61448
5,1695059403377,20,1558,61468
5,1695059403377,20,1562,61488
5,1695059403377,23,1558,61511
5,1695059403377,18,1566,61529
5,1695059403377,20,1574,61549
5,1695059403377,20,1574,61569
5,1695059403377,27,1582,61596
5,1695059403377,16,1582,61612
5,1695059403377,18,1582,61630
5,1695059403377,21,1598,61651
5,1695059403377,26,1590,61677
5,1695059403377,16,1582,61693
5,1695059403377,18,1598,61711
5,1695059403377,20,1598,61731
5,1695059403377,41,1610,61772
5,1695059403377,20,1598,61792
5,1695059403377,20,1598,61812
5,1695059403377,23,1598,61835
5,1695059403377,17,1614,61852
5,1695059403377,20,1590,61872
5,1695059403377,20,1590,61892
5,1695059403377,23,1598,61915
5,1695059403377,18,1590,61933
5,1695059403377,34,1582,61967
5,1695059403377,23,1590,61990
5,1695059403377,16,1598,62006
5,1695059403377,11,1582,62017
5,1695059403377,16,1582,62033
5,1695059403377,24,1590,62057
5,1695059403377,17,1590,62074
5,1695059403377,20,1594,62094
5,1695059403377,20,1598,62114
5,1695059403377,23,1614,62137
5,1695059403377,18,1630,62155
5,1695059403377,20,1642,62175
5,1695059403377,20,1638,62195
5,1695059403377,27,1654,62222
5,1695059403377,16,1662,62238
5,1695059403377,18,1662,62256
5,1695059403377,20,1662,62276
5,1695059403377,27,1678,62303
5,1695059403377,16,1674,62319
5,1695059403377,18,1686,62337
5,1695059403377,20,1694,62357
5,1695059403377,41,1694,62398
5,1695059403377,20,1694,62418
5,1695059403377,20,1710,62438
5,1695059403377,23,1710,62461
5,1695059403377,17,1710,62478
5,1695059403377,20,1718,62498
5,1695059403377,20,1710,62518
5,1695059403377,23,1726,62541
5,1695059403377,18,1710,62559
5,1695059403377,20,1718,62579
5,1695059403377,23,1726,62602
5,1695059403377,20,1726,62622
5,1695059403377,19,1726,62641
5,1695059403377,34,1726,62675
5,1695059403377,12,1726,62687
5,1695059403377,16,1726,62703
5,1695059403377,17,1724,62720
5,1695059403377,20,1726,62740
5,1695059403377,28,1726,62768
5,1695059403377,16,1726,62784
5,1695059403377,17,1718,62801
5,1695059403377,20,1718,62821
5,1695059403377,27,1718,62848
5,1695059403377,16,1710,62864
5,1695059403377,18,1718,62882
5,1695059403377,20,1726,62902
5,1695059403377,41,1748,62943
5,1695059403377,20,1750,62963
5,1695059403377,20,1758,62983
5,1695059403377,24,1782,63007
5,1695059403377,16,1786,63023
5,1695059403377,20,1790,63043
5,1695059403377,20,1814,63063
5,1695059403377,23,1822,63086
5,1695059403377,17,1814,63103
5,1695059403377,20,1822,63123
5,1695059403377,24,1830,63147
5,1695059403377,20,1838,63167
5,1695059403377,16,1834,63183
5,1695059403377,20,1846,63203
5,1695059403377,23,1846,63226
5,1695059403377,17,1854,63243
5,1695059403377,20,1854,63263
5,1695059403377,20,1854,63283
5,1695059403377,23,1854,63306
5,1695059403377,18,1854,63324
5,1695059403377,20,1866,63344
5,1695059403377,20,1870,63364
5,1695059403377,28,1854,63392
5,1695059403377,34,1870,63426
5,1695059403377,19,1870,63445
5,1695059403377,27,1866,63472
5,1695059403377,16,1854,63488
5,1695059403377,17,1866,63505
5,1695059403377,20,1854,63525
5,1695059403377,41,1854,63566
5,1695059403377,20,1838,63586
5,1695059403377,20,1846,63606
5,1695059403377,24,1846,63630
5,1695059403377,16,1838,63646
5,1695059403377,20,1838,63666
5,1695059403377,20,1846,63686
5,1695059403377,24,1846,63710
5,1695059403377,16,1846,63726
5,1695059403377,20,1854,63746
5,1695059403377,23,1878,63769
5,1695059403377,20,1878,63789
5,1695059403377,17,1886,63806
5,1695059403377,20,1902,63826
5,1695059403377,23,1918,63849
5,1695059403377,17,1910,63866
5,1695059403377,20,1918,63886
5,1695059403377,20,1934,63906
5,1695059403377,23,1942,63929
5,1695059403377,18,1950,63947
5,1695059403377,20,1950,63967
5,1695059403377,20,1950,63987
5,1695059403377,27,1950,64014
5,1695059403377,16,1946,64030
5,1695059403377,18,1950,64048
5,1695059403377,20,1958,64068
5,1695059403377,27,1962,64095
5,1695059403377,16,1950,64111
5,1695059403377,17,1966,64128
5,1695059403377,20,1962,64148
5,1695059403377,41,1966,64189
5,1695059403377,20,1966,64209
5,1695059403377,21,1966,64230
5,1695059403377,40,1966,64270
5,1695059403377,20,1966,64290
5,1695059403377,20,1950,64310
5,1695059403377,23,1950,64333
5,1695059403377,17,1942,64350
5,1695059403377,21,1942,64371
5,1695059403377,22,1950,64393
5,1695059403377,20,1950,64413
5,1695059403377,17,1950,64430
5,1695059403377,20,1946,64450
5,1695059403377,23,1942,64473
5,1695059403377,18,1918,64491
5,1695059403377,20,1934,64511
5,1695059403377,20,1934,64531
5,1695059403377,23,1946,64554
5,1695059403377,17,1950,64571
5,1695059403377,20,1966,64591
5,1695059403377,20,1974,64611
5,1695059403377,27,1982,64638
5,1695059403377,16,1982,64654
5,1695059403377,17,1998,64671
5,1695059403377,20,2004,64691
5,1695059403377,27,2014,64718
5,1695059403377,16,2014,64734
5,1695059403377,17,2030,64751
5,1695059403377,20,2014,64771
5,1695059403377,20,2026,64791
5,1695059403377,20,2030,64811
5,1695059403377,20,2038,64831
5,1695059403377,21,2030,64852
5,1695059403377,23,2046,64875
5,1695059403377,17,2038,64892
5,1695059403377,20,2030,64912
5,1695059403377,20,2038,64932
5,1695059403377,23,2046,64955
5,1695059403377,17,2042,64972
5,1695059403377,21,2042,64993
5,1695059403377,41,2030,65034
5,1695059403377,19,2030,65053
5,1695059403377,20,2038,65073
5,1695059403377,23,2030,65096
5,1695059403377,17,2038,65113
5,1695059403377,20,2030,65133
5,1695059403377,20,2030,65153
5,1695059403377,23,2030,65176
5,1695059403377,17,2038,65193
5,1695059403377,20,2026,65213
5,1695059403377,20,2022,65233
5,1695059403377,27,2006,65260
5,1695059403377,16,2004,65276
5,1695059403377,17,2006,65293
5,1695059403377,20,2014,65313
5,1695059403377,28,2006,65341
5,1695059403377,16,2014,65357
5,1695059403377,17,2030,65374
5,1695059403377,20,2030,65394
5,1695059403377,41,2046,65435
5,1695059403377,20,2046,65455
5,1695059403377,20,2062,65475
5,1695059403377,23,2070,65498
5,1695059403377,17,2078,65515
5,1695059403377,20,2090,65535
5,1695059403377,20,2078,65555
5,1695059403377,23,2090,65578
5,1695059403377,18,2078,65596
5,1695059403377,20,2094,65616
5,1695059403377,23,2094,65639
5,1695059403377,20,2094,65659
5,1695059403377,17,2102,65676
5,1695059403377,20,2102,65696
5,1695059403377,23,2094,65719
5,1695059403377,17,2094,65736
5,1695059403377,20,2102,65756
5,1695059403377,20,2094,65776
5,1695059403377,23,2110,65799
5,1695059403377,18,2094,65817
5,1695059403377,35,2102,65852
5,1695059403377,12,2094,65864
5,1695059403377,29,2094,65893
5,1695059403377,12,2094,65905
5,1695059403377,17,2090,65922
5,1695059403377,17,2086,65939
5,1695059403377,26,2094,65965
5,1695059403377,17,2086,65982
5,1695059403377,37,2074,66019
5,1695059403377,41,2070,66060
5,1695059403377,20,2046,66080
5,1695059403377,20,2046,66100
5,1695059403377,41,2046,66141
5,1695059403377,20,2046,66161
5,1695059403377,23,2046,66184
5,1695059403377,21,2078,66205
5,1695059403377,37,2090,66242
5,1695059403377,23,2094,66265
5,1695059403377,21,2110,66286
5,1695059403377,37,2110,66323
5,1695059403377,23,2126,66346
5,1695059403377,17,2134,66363
5,1695059403377,20,2122,66383
5,1695059403377,20,2126,66403
5,1695059403377,27,2126,66430
5,1695059403377,17,2110,66447
5,1695059403377,37,2134,66484
5,1695059403377,27,2142,66511
5,1695059403377,17,2142,66528
5,1695059403377,37,2142,66565
5,1695059403377,41,2142,66606
5,1695059403377,20,2142,66626
5,1695059403377,20,2140,66646
5,1695059403377,24,2132,66670
5,1695059403377,38,2126,66708
5,1695059403377,20,2134,66728
5,1695059403377,41,2142,66769
5,1695059403377,20,2126,66789
5,1695059403377,23,2110,66812
5,1695059403377,22,2110,66834
5,1695059403377,35,2110,66869
5,1695059403377,22,2102,66891
5,1695059403377,19,2094,66910
5,1695059403377,20,2102,66930
5,1695059403377,20,2094,66950
5,1695059403377,23,2102,66973
5,1695059403377,17,2110,66990
5,1695059403377,20,2094,67010
5,1695059403377,20,2122,67030
5,1695059403377,27,2126,67057
5,1695059403377,17,2134,67074
5,1695059403377,37,2134,67111
5,1695059403377,27,2134,67138
5,1695059403377,17,2126,67155
5,1695059403377,37,2126,67192
5,1695059403377,41,2126,67233
5,1695059403377,20,2122,67253
5,1695059403377,20,2122,67273
5,1695059403377,24,2132,67297
5,1695059403377,37,2126,67334
5,1695059403377,20,2126,67354
5,1695059403377,24,2110,67378
5,1695059403377,37,2110,67415
5,1695059403377,24,2110,67439
5,1695059403377,37,2110,67476
5,1695059403377,20,2110,67496
5,1695059403377,23,2110,67519
5,1695059403377,18,2094,67537
5,1695059403377,20,2094,67557
5,1695059403377,20,2094,67577
5,1695059403377,23,2094,67600
5,1695059403377,17,2086,67617
5,1695059403377,20,2090,67637
5,1695059403377,20,2090,67657
5,1695059403377,27,2070,67684
5,1695059403377,18,2070,67702
5,1695059403377,36,2078,67738
5,1695059403377,28,2094,67766
5,1695059403377,17,2094,67783
5,1695059403377,38,2110,67821
5,1695059403377,40,2130,67861
5,1695059403377,20,2126,67881
5,1695059403377,20,2126,67901
5,1695059403377,24,2126,67925
5,1695059403377,37,2134,67962
5,1695059403377,20,2126,67982
5,1695059403377,24,2134,68006
5,1695059403377,37,2142,68043
5,1695059403377,23,2142,68066
5,1695059403377,21,2142,68087
5,1695059403377,37,2142,68124
5,1695059403377,24,2154,68148
5,1695059403377,37,2158,68185
5,1695059403377,20,2154,68205
5,1695059403377,23,2142,68228
5,1695059403377,17,2142,68245
5,1695059403377,20,2134,68265
5,1695059403377,20,2138,68285
5,1695059403377,27,2142,68312
5,1695059403377,17,2134,68329
5,1695059403377,37,2126,68366
5,1695059403377,27,2122,68393
5,1695059403377,17,2110,68410
5,1695059403377,37,2110,68447
5,1695059403377,41,2126,68488
5,1695059403377,20,2134,68508
5,1695059403377,20,2142,68528
5,1695059403377,24,2166,68552
5,1695059403377,37,2174,68589
5,1695059403377,20,2190,68609
5,1695059403377,24,2174,68633
5,1695059403377,37,2198,68670
5,1695059403377,23,2206,68693
5,1695059403377,21,2206,68714
5,1695059403377,37,2206,68751
5,1695059403377,23,2214,68774
5,1695059403377,18,2202,68792
5,1695059403377,20,2218,68812
5,1695059403377,21,2206,68833
5,1695059403377,42,2206,68875
5,1695059403377,18,2222,68893
5,1695059403377,21,2222,68914
5,1695059403377,27,2214,68941
5,1695059403377,17,2218,68958
5,1695059403377,17,2206,68975
5,1695059403377,19,2214,68994
5,1695059403377,33,2206,69027
5,1695059403377,12,2206,69039
5,1695059403377,17,2198,69056
5,1695059403377,18,2198,69074
5,1695059403377,20,2196,69094
5,1695059403377,20,2190,69114
5,1695059403377,20,2190,69134
5,1695059403377,20,2174,69154
5,1695059403377,24,2190,69178
5,1695059403377,37,2206,69215
5,1695059403377,20,2222,69235
5,1695059403377,24,2222,69259
5,1695059403377,37,2238,69296
5,1695059403377,24,2262,69320
5,1695059403377,37,2270,69357
5,1695059403377,20,2270,69377
5,1695059403377,24,2286,69401
5,1695059403377,37,2286,69438
5,1695059403377,20,2286,69458
5,1695059403377,23,2286,69481
5,1695059403377,18,2298,69499
5,1695059403377,20,2294,69519
5,1695059403377,20,2302,69539
5,1695059403377,27,2302,69566
5,1695059403377,17,2302,69583
5,1695059403377,37,2318,69620
5,1695059403377,27,2302,69647
5,1695059403377,17,2302,69664
5,1695059403377,37,2302,69701
5,1695059403377,41,2318,69742
5,1695059403377,20,2302,69762
5,1695059403377,20,2302,69782
5,1695059403377,24,2298,69806
5,1695059403377,37,2302,69843
5,1695059403377,23,2302,69866
5,1695059403377,21,2294,69887
5,1695059403377,37,2294,69924
5,1695059403377,23,2286,69947
5,1695059403377,21,2302,69968
5,1695059403377,37,2302,70005
5,1695059403377,23,2318,70028
5,1695059403377,17,2334,70045
5,1695059403377,20,2350,70065
5,1695059403377,20,2358,70085
5,1695059403377,33,2366,70118
5,1695059403377,12,2390,70130
5,1695059403377,17,2382,70147
5,1695059403377,18,2390,70165
5,1695059403377,27,2398,70192
5,1695059403377,17,2398,70209
5,1695059403377,38,2398,70247
5,1695059403377,40,2410,70287
5,1695059403377,20,2398,70307
5,1695059403377,20,2398,70327
5,1695059403377,24,2398,70351
5,1695059403377,37,2414,70388
5,1695059403377,20,2414,70408
5,1695059403377,25,2414,70433
5,1695059403377,17,2414,70450
5,1695059403377,19,2414,70469
5,1695059403377,23,2398,70492
5,1695059403377,21,2398,70513
5,1695059403377,37,2382,70550
5,1695059403377,23,2382,70573
5,1695059403377,17,2378,70590
5,1695059403377,20,2382,70610
5,1695059403377,20,2358,70630
5,1695059403377,23,2366,70653
5,1695059403377,38,2358,70691
5,1695059403377,20,2334,70711
5,1695059403377,27,2346,70738
5,1695059403377,17,2346,70755
5,1695059403377,17,2334,70772
5,1695059403377,19,2334,70791
5,1695059403377,27,2346,70818
5,1695059403377,17,2350,70835
5,1695059403377,38,2366,70873
5,1695059403377,40,2390,70913
5,1695059403377,20,2398,70933
5,1695059403377,20,2406,70953
5,1695059403377,24,2414,70977
5,1695059403377,17,2414,70994
5,1695059403377,19,2414,71013
5,1695059403377,20,2426,71033
5,1695059403377,20,2430,71053
5,1695059403377,20,2430,71073
5,1695059403377,20,2430,71093
5,1695059403377,23,2430,71116
5,1695059403377,21,2426,71137
5,1695059403377,37,2430,71174
5,1695059403377,23,2422,71197
5,1695059403377,37,2422,71234
5,1695059403377,20,2414,71254
5,1695059403377,23,2422,71277
5,1695059403377,17,2414,71294
5,1695059403377,20,2422,71314
5,1695059403377,20,2414,71334
5,1695059403377,27,2398,71361
5,1695059403377,17,2398,71378
5,1695059403377,17,2398,71395
5,1695059403377,19,2390,71414
5,1695059403377,27,2390,71441
5,1695059403377,17,2382,71458
5,1695059403377,17,2382,71475
5,1695059403377,19,2366,71494
5,1695059403377,41,2350,71535
5,1695059403377,20,2350,71555
5,1695059403377,21,2346,71576
5,1695059403377,40,2330,71616
5,1695059403377,21,2318,71637
5,1695059403377,20,2326,71657
5,1695059403377,24,2326,71681
5,1695059403377,17,2334,71698
5,1695059403377,19,2326,71717
5,1695059403377,23,2350,71740
5,1695059403377,21,2364,71761
5,1695059403377,17,2366,71778
5,1695059403377,19,2366,71797
5,1695059403377,23,2366,71820
5,1695059403377,17,2382,71837
5,1695059403377,20,2382,71857
5,1695059403377,20,2382,71877
5,1695059403377,24,2390,71901
5,1695059403377,37,2378,71938
5,1695059403377,20,2366,71958
5,1695059403377,27,2390,71985
5,1695059403377,17,2382,72002
5,1695059403377,17,2366,72019
5,1695059403377,19,2366,72038
5,1695059403377,27,2366,72065
5,1695059403377,17,2366,72082
5,1695059403377,17,2366,72099
5,1695059403377,19,2366,72118
5,1695059403377,41,2350,72159
5,1695059403377,20,2346,72179
5,1695059403377,20,2334,72199
5,1695059403377,24,2334,72223
5,1695059403377,18,2334,72241
5,1695059403377,36,2302,72277
5,1695059403377,24,2302,72301
5,1695059403377,19,2302,72320
5,1695059403377,20,2286,72340
5,1695059403377,23,2278,72363
5,1695059403377,22,2282,72385
5,1695059403377,17,2262,72402
5,1695059403377,19,2262,72421
5,1695059403377,23,2254,72444
5,1695059403377,38,2238,72482
5,1695059403377,20,2222,72502
5,1695059403377,24,2222,72526
5,1695059403377,37,2206,72563
5,1695059403377,20,2218,72583
5,1695059403377,27,2222,72610
5,1695059403377,17,2218,72627
5,1695059403377,18,2234,72645
5,1695059403377,19,2230,72664
5,1695059403377,27,2238,72691
5,1695059403377,17,2238,72708
5,1695059403377,17,2238,72725
5,1695059403377,19,2230,72744
5,1695059403377,41,2222,72785
5,1695059403377,20,2222,72805
5,1695059403377,20,2222,72825
5,1695059403377,24,2214,72849
5,1695059403377,17,2206,72866
5,1695059403377,19,2202,72885
5,1695059403377,23,2202,72908
5,1695059403377,22,2206,72930
5,1695059403377,18,2198,72948
5,1695059403377,19,2190,72967
5,1695059403377,23,2174,72990
5,1695059403377,22,2174,73012
5,1695059403377,36,2154,73048
5,1695059403377,23,2154,73071
5,1695059403377,38,2142,73109
5,1695059403377,20,2134,73129
5,1695059403377,21,2132,73150
5,1695059403377,19,2102,73169
5,1695059403377,20,2110,73189
5,1695059403377,20,2102,73209
5,1695059403377,27,2094,73236
5,1695059403377,18,2074,73254
5,1695059403377,18,2070,73272
5,1695059403377,19,2046,73291
5,1695059403377,41,2030,73332
5,1695059403377,20,2030,73352
5,1695059403377,20,2014,73372
5,1695059403377,25,2006,73397
5,1695059403377,18,1998,73415
5,1695059403377,18,1974,73433
5,1695059403377,21,1982,73454
5,1695059403377,40,1974,73494
5,1695059403377,20,1980,73514
5,1695059403377,23,1966,73537
5,1695059403377,38,1958,73575
5,1695059403377,20,1966,73595
5,1695059403377,23,1962,73618
5,1695059403377,18,1950,73636
5,1695059403377,20,1946,73656
5,1695059403377,20,1942,73676
5,1695059403377,23,1934,73699
5,1695059403377,18,1918,73717
5,1695059403377,20,1918,73737
5,1695059403377,20,1914,73757
5,1695059403377,27,1910,73784
5,1695059403377,18,1898,73802
5,1695059403377,18,1886,73820
5,1695059403377,18,1878,73838
5,1695059403377,27,1876,73865
5,1695059403377,18,1878,73883
5,1695059403377,18,1866,73901
5,1695059403377,19,1854,73920
5,1695059403377,40,1838,73960
5,1695059403377,20,1814,73980
5,1695059403377,20,1822,74000
5,1695059403377,41,1790,74041
5,1695059403377,20,1790,74061
5,1695059403377,20,1774,74081
5,1695059403377,41,1754,74122
5,1695059403377,21,1748,74143
5,1695059403377,22,1742,74165
5,1695059403377,38,1710,74203
5,1695059403377,20,1710,74223
5,1695059403377,23,1690,74246
5,1695059403377,38,1678,74284
5,1695059403377,20,1662,74304
5,1695059403377,23,1654,74327
5,1695059403377,18,1646,74345
5,1695059403377,21,1630,74366
5,1695059403377,20,1642,74386
5,1695059403377,33,1626,74419
5,1695059403377,13,1630,74432
5,1695059403377,18,1626,74450
5,1695059403377,18,1626,74468
5,1695059403377,27,1622,74495
5,1695059403377,18,1610,74513
5,1695059403377,18,1610,74531
5,1695059403377,18,1590,74549
5,1695059403377,41,1582,74590
5,1695059403377,20,1582,74610
5,1695059403377,20,1556,74630
5,1695059403377,41,1558,74671
5,1695059403377,20,1534,74691
5,1695059403377,20,1534,74711
5,1695059403377,41,1526,74752
5,1695059403377,20,1514,74772
5,1695059403377,23,1494,74795
5,1695059403377,38,1486,74833
5,1695059403377,20,1470,74853
5,1695059403377,23,1466,74876
5,1695059403377,38,1450,74914
5,1695059403377,20,1438,74934
5,1695059403377,24,1428,74958
5,1695059403377,38,1406,74996
5,1695059403377,38,1398,75034
5,1695059403377,22,1374,75056
5,1695059403377,20,1374,75076
5,1695059403377,20,1366,75096
5,1695059403377,27,1364,75123
5,1695059403377,18,1354,75141
5,1695059403377,18,1342,75159
5,1695059403377,19,1334,75178
5,1695059403377,20,1326,75198
5,1695059403377,20,1326,75218
5,1695059403377,20,1318,75238
5,1695059403377,21,1310,75259
5,1695059403377,40,1300,75299
5,1695059403377,20,1298,75319
5,1695059403377,20,1290,75339
5,1695059403377,41,1278,75380
5,1695059403377,20,1270,75400
5,1695059403377,23,1270,75423
5,1695059403377,38,1246,75461
5,1695059403377,20,1246,75481
5,1695059403377,23,1234,75504
5,1695059403377,38,1214,75542
5,1695059403377,20,1214,75562
5,1695059403377,23,1206,75585
5,1695059403377,38,1198,75623
5,1695059403377,20,1182,75643
5,1695059403377,27,1182,75670
5,1695059403377,18,1180,75688
5,1695059403377,18,1158,75706
5,1695059403377,18,1162,75724
5,1695059403377,27,1162,75751
5,1695059403377,18,1150,75769
5,1695059403377,18,1134,75787
5,1695059403377,18,1118,75805
5,1695059403377,41,1110,75846
5,1695059403377,20,1100,75866
5,1695059403377,20,1102,75886
5,1695059403377,41,1070,75927
5,1695059403377,20,1066,75947
5,1695059403377,23,1062,75970
5,1695059403377,39,1054,76009
5,1695059403377,20,1054,76029
5,1695059403377,23,1022,76052
5,1695059403377,38,1022,76090
5,1695059403377,21,1022,76111
5,1695059403377,42,1022,76153
5,1695059403377,18,1022,76171
5,1695059403377,21,1006,76192
5,1695059403377,22,1022,76214
5,1695059403377,38,1006,76252
5,1695059403377,20,1002,76272
5,1695059403377,33,974,76305
5,1695059403377,13,982,76318
5,1695059403377,18,980,76336
5,1695059403377,45,958,76381
5,1695059403377,18,950,76399
5,1695059403377,18,942,76417
5,1695059403377,18,938,76435
5,1695059403377,41,926,76476
5,1695059403377,20,918,76496
5,1695059403377,20,914,76516
5,1695059403377,41,894,76557
5,1695059403377,20,894,76577
5,1695059403377,23,886,76600
5,1695059403377,38,886,76638
5,1695059403377,20,874,76658
5,1695059403377,23,862,76681
5,1695059403377,38,854,76719
5,1695059403377,20,830,76739
5,1695059403377,23,830,76762
5,1695059403377,38,830,76800
5,1695059403377,21,814,76821
5,1695059403377,44,798,76865
5,1695059403377,37,810,76902
5,1695059403377,27,798,76929
5,1695059403377,18,798,76947
5,1695059403377,18,798,76965
5,1695059403377,18,804,76983
5,1695059403377,41,788,77024
5,1695059403377,20,790,77044
5,1695059403377,20,790,77064
5,1695059403377,41,766,77105
5,1695059403377,20,766,77125
5,1695059403377,20,766,77145
5,1695059403377,41,758,77186
5,1695059403377,20,750,77206
5,1695059403377,21,734,77227
5,1695059403377,19,748,77246
5,1695059403377,20,730,77266
5,1695059403377,20,742,77286
5,1695059403377,23,734,77309
5,1695059403377,38,718,77347
5,1695059403377,20,702,77367
5,1695059403377,24,714,77391
5,1695059403377,37,698,77428
5,1695059403377,20,686,77448
5,1695059403377,27,694,77475
5,1695059403377,18,698,77493
5,1695059403377,18,678,77511
5,1695059403377,18,678,77529
5,1695059403377,33,670,77562
5,1695059403377,31,662,77593
5,1695059403377,60,636,77653
5,1695059403377,20,700,77673
5,1695059403377,19,764,77692
5,1695059403377,41,828,77733
5,1695059403377,20,892,77753
5,1695059403377,20,956,77773
5,1695059403377,41,1028,77814
5,1695059403377,20,1084,77834
5,1695059403377,23,1148,77857
5,1695059403377,38,1212,77895
5,1695059403377,20,1260,77915
5,1695059403377,23,1324,77938
5,1695059403377,38,1388,77976
5,1695059403377,20,1452,77996
5,1695059403377,24,1516,78020
5,1695059403377,36,1636,78056
5,1695059403377,22,1708,78078
5,1695059403377,27,1772,78105
5,1695059403377,18,1836,78123
5,1695059403377,18,1900,78141
5,1695059403377,18,1948,78159
5,1695059403377,27,2020,78186
5,1695059403377,18,2076,78204
5,1695059403377,18,2140,78222
5,1695059403377,19,2204,78241
5,1695059403377,40,2252,78281
5,1695059403377,20,2316,78301
5,1695059403377,20,2372,78321
5,1695059403377,41,2444,78362
5,1695059403377,20,2500,78382
5,1695059403377,20,2556,78402
5,1695059403377,41,2620,78443
5,1695059403377,20,2692,78463
5,1695059403377,23,2748,78486
5,1695059403377,38,2812,78524
5,1695059403377,20,2876,78544
5,1695059403377,24,2940,78568
5,1695059403377,37,3012,78605
5,1695059403377,20,3068,78625
5,1695059403377,22,3132,78647
5,1695059403377,38,3212,78685
5,1695059403377,20,3260,78705
5,1695059403377,27,3340,78732
5,1695059403377,18,3388,78750
5,1695059403377,18,3460,78768
5,1695059403377,18,3516,78786
5,1695059403377,27,3596,78813
5,1695059403377,18,3644,78831
5,1695059403377,18,3708,78849
5,1695059403377,18,3772,78867
5,1695059403377,41,3836,78908
5,1695059403377,21,3900,78929
5,1695059403377,20,3964,78949
5,1695059403377,41,4028,78990
5,1695059403377,20,4092,79010
5,1695059403377,20,4140,79030
5,1695059403377,41,4204,79071
5,1695059403377,20,4268,79091
5,1695059403377,23,4332,79114
5,1695059403377,38,4364,79152
5,1695059403377,20,4452,79172
5,1695059403377,23,4524,79195
5,1695059403377,38,4556,79233
5,1695059403377,20,4620,79253
5,1695059403377,22,4708,79275
5,1695059403377,19,4758,79294
5,1695059403377,36,4766,79330
5,1695059403377,31,4782,79361
5,1695059403377,18,4766,79379
5,1695059403377,18,4782,79397
5,1695059403377,45,4782,79442
5,1695059403377,18,4782,79460
5,1695059403377,18,4782,79478
5,1695059403377,18,4782,79496
5,1695059403377,41,4782,79537
5,1695059403377,20,4782,79557
5,1695059403377,20,4782,79577
5,1695059403377,41,4790,79618
5,1695059403377,20,4782,79638
5,1695059403377,23,4790,79661
5,1695059403377,38,4782,79699
5,1695059403377,20,4798,79719
5,1695059403377,23,4790,79742
5,1695059403377,38,4782,79780
5,1695059403377,20,4798,79800
5,1695059403377,23,4790,79823
5,1695059403377,18,4782,79841
5,1695059403377,20,4790,79861
5,1695059403377,20,4782,79881
5,1695059403377,23,4782,79904
5,1695059403377,38,4782,79942
5,1695059403377,20,4794,79962
5,1695059403377,27,4782,79989
5,1695059403377,18,4766,80007
5,1695059403377,18,4782,80025
5,1695059403377,18,4782,80043
5,1695059403377,27,4798,80070
5,1695059403377,18,4798,80088
5,1695059403377,18,4798,80106
5,1695059403377,59,4798,80165
5,1695059403377,20,4822,80185
5,1695059403377,20,4814,80205
5,1695059403377,41,4830,80246
5,1695059403377,20,4830,80266
5,1695059403377,23,4830,80289
5,1695059403377,39,4830,80328
5,1695059403377,36,4830,80364
5,1695059403377,25,4846,80389
5,1695059403377,20,4846,80409
5,1695059403377,20,4846,80429
5,1695059403377,23,4846,80452
5,1695059403377,38,4846,80490
5,1695059403377,20,4854,80510
5,1695059403377,27,4846,80537
5,1695059403377,18,4846,80555
5,1695059403377,18,4846,80573
5,1695059403377,18,4846,80591
5,1695059403377,33,4854,80624
5,1695059403377,13,4846,80637
5,1695059403377,18,4846,80655
5,1695059403377,58,4846,80713
5,1695059403377,20,4846,80733
5,1695059403377,21,4846,80754
5,1695059403377,40,4846,80794
5,1695059403377,20,4854,80814
5,1695059403377,20,4862,80834
5,1695059403377,41,4862,80875
5,1695059403377,20,4862,80895
5,1695059403377,23,4862,80918
5,1695059403377,38,4894,80956
5,1695059403377,20,4894,80976
5,1695059403377,23,4894,80999
5,1695059403377,38,4910,81037
5,1695059403377,20,4910,81057
5,1695059403377,23,4910,81080
5,1695059403377,38,4910,81118
5,1695059403377,20,4918,81138
5,1695059403377,33,4918,81171
5,1695059403377,13,4926,81184
5,1695059403377,18,4910,81202
5,1695059403377,44,4926,81246
5,1695059403377,18,4926,81264
5,1695059403377,18,4926,81282
5,1695059403377,59,4926,81341
5,1695059403377,20,4926,81361
5,1695059403377,20,4942,81381
5,1695059403377,41,4926,81422
5,1695059403377,20,4926,81442
5,1695059403377,20,4942,81462
5,1695059403377,41,4942,81503
5,1695059403377,20,4942,81523
5,1695059403377,23,4926,81546
5,1695059403377,39,4950,81585
5,1695059403377,39,4958,81624
5,1695059403377,22,4974,81646
5,1695059403377,20,4974,81666
5,1695059403377,20,4974,81686
5,1695059403377,23,4990,81709
5,1695059403377,38,4990,81747
5,1695059403377,20,4990,81767
5,1695059403377,27,4990,81794
5,1695059403377,18,4990,81812
5,1695059403377,18,5022,81830
5,1695059403377,45,5022,81875
5,1695059403377,18,5022,81893
5,1695059403377,18,5038,81911
5,1695059403377,59,5038,81970
5,1695059403377,20,5038,81990
5,1695059403377,20,5046,82010
5,1695059403377,41,5038,82051
5,1695059403377,20,5054,82071
5,1695059403377,20,5054,82091
5,1695059403377,41,5054,82132
5,1695059403377,20,5054,82152
5,1695059403377,23,5054,82175
5,1695059403377,38,5054,82213
5,1695059403377,20,5054,82233
5,1695059403377,23,5054,82256
5,1695059403377,38,5054,82294
5,1695059403377,20,5054,82314
5,1695059403377,23,5054,82337
5,1695059403377,38,5078,82375
5,1695059403377,20,5078,82395
5,1695059403377,27,5102,82422
5,1695059403377,18,5102,82440
5,1695059403377,18,5102,82458
5,1695059403377,45,5118,82503
5,1695059403377,18,5118,82521
5,1695059403377,18,5118,82539
5,1695059403377,59,5118,82598
5,1695059403377,20,5150,82618
5,1695059403377,20,5166,82638
5,1695059403377,26,5166,82664
5,1695059403377,18,5166,82682
5,1695059403377,19,5174,82701
5,1695059403377,18,5182,82719
5,1695059403377,42,5182,82761
5,1695059403377,36,5198,82797
5,1695059403377,25,5206,82822
5,1695059403377,19,5198,82841
5,1695059403377,20,5214,82861
5,1695059403377,23,5206,82884
5,1695059403377,38,5206,82922
5,1695059403377,20,5214,82942
5,1695059403377,23,5206,82965
5,1695059403377,38,5214,83003
5,1695059403377,20,5214,83023
5,1695059403377,27,5206,83050
5,1695059403377,18,5214,83068
5,1695059403377,18,5214,83086
5,1695059403377,51,5214,83137
5,1695059403377,13,5230,83150
5,1695059403377,18,5230,83168
5,1695059403377,18,5238,83186
5,1695059403377,39,5246,83225
5,1695059403377,20,5270,83245
5,1695059403377,20,5278,83265
5,1695059403377,41,5294,83306
5,1695059403377,20,5310,83326
5,1695059403377,21,5310,83347
5,1695059403377,19,5310,83366
5,1695059403377,20,5326,83386
5,1695059403377,20,5326,83406
5,1695059403377,23,5334,83429
5,1695059403377,38,5342,83467
5,1695059403377,21,5358,83488
5,1695059403377,22,5342,83510
5,1695059403377,38,5358,83548
5,1695059403377,20,5374,83568
5,1695059403377,33,5374,83601
5,1695059403377,13,5374,83614
5,1695059403377,18,5374,83632
5,1695059403377,18,5374,83650
5,1695059403377,25,5374,83675
5,1695059403377,18,5374,83693
5,1695059403377,18,5374,83711
5,1695059403377,59,5374,83770
5,1695059403377,20,5406,83790
5,1695059403377,21,5374,83811
5,1695059403377,40,5406,83851
5,1695059403377,20,5406,83871
5,1695059403377,20,5406,83891
5,1695059403377,41,5406,83932
5,1695059403377,20,5406,83952
5,1695059403377,23,5422,83975
5,1695059403377,38,5438,84013
5,1695059403377,20,5454,84033
5,1695059403377,23,5470,84056
5,1695059403377,38,5486,84094
5,1695059403377,20,5502,84114
5,1695059403377,23,5502,84137
5,1695059403377,38,5502,84175
5,1695059403377,20,5502,84195
5,1695059403377,33,5534,84228
5,1695059403377,14,5534,84242
5,1695059403377,36,5550,84278
5,1695059403377,25,5550,84303
5,1695059403377,18,5566,84321
5,1695059403377,18,5566,84339
5,1695059403377,60,5566,84399
5,1695059403377,20,5566,84419
5,1695059403377,20,5582,84439
5,1695059403377,41,5566,84480
5,1695059403377,20,5590,84500
5,1695059403377,20,5582,84520
5,1695059403377,41,5598,84561
5,1695059403377,20,5598,84581
5,1695059403377,23,5598,84604
5,1695059403377,38,5598,84642
5,1695059403377,20,5598,84662
5,1695059403377,24,5598,84686
5,1695059403377,18,5598,84704
5,1695059403377,19,5598,84723
5,1695059403377,20,5598,84743
5,1695059403377,23,5598,84766
5,1695059403377,38,5614,84804
5,1695059403377,20,5630,84824
5,1695059403377,27,5630,84851
5,1695059403377,18,5630,84869
5,1695059403377,18,5662,84887
5,1695059403377,50,5694,84937
5,1695059403377,13,5686,84950
5,1695059403377,18,5694,84968
5,1695059403377,58,5718,85026
5,1695059403377,21,5710,85047
5,1695059403377,43,5726,85090
5,1695059403377,38,5726,85128
5,1695059403377,20,5726,85148
5,1695059403377,26,5742,85174
5,1695059403377,18,5742,85192
5,1695059403377,18,5742,85210
5,1695059403377,21,5742,85231
5,1695059403377,38,5742,85269
5,1695059403377,20,5758,85289
5,1695059403377,24,5758,85313
5,1695059403377,18,5758,85331
5,1695059403377,19,5758,85350
5,1695059403377,20,5758,85370
5,1695059403377,23,5750,85393
5,1695059403377,38,5758,85431
5,1695059403377,20,5758,85451
5,1695059403377,21,5758,85472
5,1695059403377,19,5758,85491
5,1695059403377,20,5758,85511
5,1695059403377,20,5758,85531
5,1695059403377,27,5758,85558
5,1695059403377,18,5758,85576
5,1695059403377,18,5758,85594
5,1695059403377,38,5782,85632
5,1695059403377,21,5790,85653
5,1695059403377,37,5822,85690
5,1695059403377,26,5822,85716
5,1695059403377,38,5822,85754
5,1695059403377,23,5846,85777
5,1695059403377,38,5846,85815
5,1695059403377,20,5854,85835
5,1695059403377,24,5854,85859
5,1695059403377,22,5854,85881
5,1695059403377,18,5870,85899
5,1695059403377,18,5854,85917
5,1695059403377,21,5854,85938
5,1695059403377,38,5870,85976
5,1695059403377,20,5886,85996
5,1695059403377,23,5886,86019
5,1695059403377,39,5886,86058
5,1695059403377,20,5886,86078
5,1695059403377,27,5886,86105
5,1695059403377,18,5886,86123
5,1695059403377,18,5886,86141
5,1695059403377,45,5886,86186
5,1695059403377,18,5886,86204
5,1695059403377,18,5886,86222
5,1695059403377,59,5886,86281
5,1695059403377,20,5870,86301
5,1695059403377,20,5886,86321
5,1695059403377,41,5878,86362
5,1695059403377,20,5886,86382
5,1695059403377,23,5886,86405
5,1695059403377,39,5918,86444
5,1695059403377,36,5934,86480
5,1695059403377,25,5934,86505
5,1695059403377,19,5950,86524
5,1695059403377,20,5950,86544
5,1695059403377,23,5950,86567
5,1695059403377,38,5974,86605
5,1695059403377,20,5974,86625
5,1695059403377,27,5982,86652
5,1695059403377,18,5982,86670
5,1695059403377,18,5982,86688
5,1695059403377,51,5982,86739
5,1695059403377,13,5998,86752
5,1695059403377,18,5982,86770
5,1695059403377,18,5998,86788
5,1695059403377,39,5998,86827
5,1695059403377,20,5998,86847
5,1695059403377,20,5998,86867
5,1695059403377,41,5998,86908
5,1695059403377,20,5998,86928
5,1695059403377,20,5982,86948
5,1695059403377,41,5998,86989
5,1695059403377,20,5998,87009
5,1695059403377,23,5982,87032
5,1695059403377,38,5974,87070
5,1695059403377,20,5982,87090
5,1695059403377,23,5982,87113
5,1695059403377,38,5982,87151
5,1695059403377,21,5998,87172
5,1695059403377,23,6014,87195
5,1695059403377,18,6014,87213
5,1695059403377,19,6014,87232
5,1695059403377,20,6046,87252
5,1695059403377,33,6062,87285
5,1695059403377,31,6070,87316
5,1695059403377,44,6078,87360
5,1695059403377,18,6078,87378
5,1695059403377,18,6078,87396
5,1695059403377,58,6102,87454
5,1695059403377,20,6094,87474
5,1695059403377,20,6110,87494
5,1695059403377,20,6110,87514
5,1695059403377,20,6110,87534
5,1695059403377,20,6110,87554
5,1695059403377,20,6110,87574
5,1695059403377,41,6110,87615
5,1695059403377,20,6110,87635
5,1695059403377,23,6126,87658
5,1695059403377,38,6110,87696
5,1695059403377,20,6110,87716
5,1695059403377,23,6110,87739
5,1695059403377,38,6110,87777
5,1695059403377,20,6110,87797
5,1695059403377,23,6110,87820
5,1695059403377,38,6110,87858
5,1695059403377,20,6110,87878
5,1695059403377,27,6110,87905
5,1695059403377,19,6110,87924
5,1695059403377,18,6134,87942
5,1695059403377,18,6142,87960
5,1695059403377,31,6142,87991
5,1695059403377,13,6142,88004
5,1695059403377,18,6206,88022
5,1695059403377,18,6206,88040
5,1695059403377,39,6238,88079
5,1695059403377,21,6238,88100
5,1695059403377,43,6254,88143
5,1695059403377,18,6270,88161
5,1695059403377,19,6270,88180
5,1695059403377,20,6270,88200
5,1695059403377,41,6270,88241
5,1695059403377,20,6270,88261
5,1695059403377,24,6270,88285
5,1695059403377,23,6270,88308
5,1695059403377,18,6270,88326
5,1695059403377,18,6270,88344
5,1695059403377,38,6262,88382
5,1695059403377,20,6254,88402
5,1695059403377,20,6238,88422
5,1695059403377,23,6238,88445
5,1695059403377,38,6238,88483
5,1695059403377,20,6238,88503
5,1695059403377,27,6206,88530
5,1695059403377,18,6206,88548
5,1695059403377,18,6206,88566
5,1695059403377,44,6142,88610
5,1695059403377,18,6142,88628
5,1695059403377,18,6142,88646
5,1695059403377,19,6142,88665
5,1695059403377,39,6142,88704
5,1695059403377,20,6142,88724
5,1695059403377,20,6142,88744
5,1695059403377,26,6142,88770
5,1695059403377,18,6142,88788
5,1695059403377,18,6142,88806
5,1695059403377,39,6142,88845
5,1695059403377,20,6142,88865
5,1695059403377,21,6142,88886
5,1695059403377,43,6126,88929
5,1695059403377,38,6110,88967
5,1695059403377,23,6102,88990
5,1695059403377,38,6078,89028
5,1695059403377,20,6062,89048
5,1695059403377,23,6046,89071
5,1695059403377,38,6014,89109
5,1695059403377,20,5998,89129
5,1695059403377,32,5982,89161
5,1695059403377,13,5982,89174
5,1695059403377,18,5950,89192
5,1695059403377,18,5950,89210
5,1695059403377,32,5934,89242
5,1695059403377,13,5918,89255
5,1695059403377,18,5886,89273
5,1695059403377,18,5886,89291
5,1695059403377,38,5870,89329
5,1695059403377,20,5854,89349
5,1695059403377,20,5822,89369
5,1695059403377,41,5806,89410
5,1695059403377,20,5790,89430
5,1695059403377,23,5790,89453
5,1695059403377,38,5758,89491
5,1695059403377,20,5782,89511
5,1695059403377,21,5758,89532
5,1695059403377,20,5758,89552
5,1695059403377,37,5758,89589
5,1695059403377,26,5758,89615
5,1695059403377,38,5726,89653
5,1695059403377,20,5726,89673
5,1695059403377,23,5718,89696
5,1695059403377,38,5694,89734
5,1695059403377,20,5694,89754
5,1695059403377,32,5662,89786
5,1695059403377,13,5662,89799
5,1695059403377,18,5662,89817
5,1695059403377,18,5630,89835
5,1695059403377,39,5630,89874
5,1695059403377,20,5622,89894
5,1695059403377,20,5614,89914
5,1695059403377,41,5582,89955
5,1695059403377,20,5566,89975
5,1695059403377,20,5566,89995
5,1695059403377,41,5550,90036
5,1695059403377,20,5534,90056
5,1695059403377,24,5534,90080
5,1695059403377,23,5502,90103
5,1695059403377,18,5494,90121
5,1695059403377,19,5486,90140
5,1695059403377,38,5470,90178
5,1695059403377,20,5462,90198
5,1695059403377,20,5438,90218
5,1695059403377,23,5462,90241
5,1695059403377,38,5454,90279
5,1695059403377,20,5454,90299
5,1695059403377,32,5438,90331
5,1695059403377,14,5454,90345
5,1695059403377,37,5438,90382
5,1695059403377,25,5438,90407
5,1695059403377,18,5422,90425
5,1695059403377,18,5422,90443
5,1695059403377,18,5422,90461
5,1695059403377,39,5374,90500
5,1695059403377,41,5374,90541
5,1695059403377,41,5374,90582
5,1695059403377,20,5374,90602
5,1695059403377,20,5358,90622
5,1695059403377,41,5342,90663
5,1695059403377,20,5342,90683
5,1695059403377,23,5326,90706
5,1695059403377,38,5310,90744
5,1695059403377,21,5310,90765
5,1695059403377,22,5310,90787
5,1695059403377,38,5278,90825
5,1695059403377,20,5278,90845
5,1695059403377,23,5270,90868
5,1695059403377,38,5230,90906
5,1695059403377,20,5230,90926
5,1695059403377,32,5230,90958
5,1695059403377,13,5214,90971
5,1695059403377,19,5230,90990
5,1695059403377,18,5230,91008
5,1695059403377,39,5246,91047
5,1695059403377,20,5246,91067
5,1695059403377,20,5246,91087
5,1695059403377,41,5230,91128
5,1695059403377,21,5246,91149
5,1695059403377,44,5246,91193
5,1695059403377,19,5230,91212
5,1695059403377,38,5230,91250
5,1695059403377,41,5214,91291
5,1695059403377,20,5214,91311
5,1695059403377,23,5214,91334
5,1695059403377,38,5198,91372
5,1695059403377,20,5198,91392
5,1695059403377,23,5182,91415
5,1695059403377,38,5182,91453
5,1695059403377,20,5166,91473
5,1695059403377,23,5174,91496
5,1695059403377,38,5118,91534
5,1695059403377,20,5118,91554
5,1695059403377,32,5118,91586
5,1695059403377,13,5118,91599
5,1695059403377,19,5118,91618
5,1695059403377,19,5118,91637
5,1695059403377,39,5086,91676
5,1695059403377,20,5086,91696
5,1695059403377,20,5086,91716
5,1695059403377,41,5086,91757
5,1695059403377,20,5086,91777
5,1695059403377,20,5102,91797
5,1695059403377,26,5102,91823
5,1695059403377,19,5102,91842
5,1695059403377,19,5110,91861
5,1695059403377,38,5102,91899
5,1695059403377,20,5102,91919
5,1695059403377,20,5110,91939
5,1695059403377,23,5118,91962
5,1695059403377,37,5102,91999
5,1695059403377,21,5086,92020
5,1695059403377,23,5086,92043
5,1695059403377,38,5086,92081
5,1695059403377,20,5078,92101
5,1695059403377,23,5078,92124
5,1695059403377,38,5070,92162
5,1695059403377,20,5070,92182
5,1695059403377,32,5054,92214
5,1695059403377,13,5054,92227
5,1695059403377,19,5046,92246
5,1695059403377,19,5038,92265
5,1695059403377,39,5022,92304
5,1695059403377,20,5022,92324
5,1695059403377,20,4990,92344
5,1695059403377,42,4990,92386
5,1695059403377,19,4990,92405
5,1695059403377,20,4990,92425
5,1695059403377,41,4958,92466
5,1695059403377,20,4958,92486
5,1695059403377,23,4958,92509
5,1695059403377,38,4958,92547
5,1695059403377,20,4958,92567
5,1695059403377,23,4974,92590
5,1695059403377,19,4990,92609
5,1695059403377,39,4990,92648
5,1695059403377,23,4990,92671
5,1695059403377,38,4990,92709
5,1695059403377,20,4990,92729
5,1695059403377,24,4986,92753
5,1695059403377,37,4974,92790
5,1695059403377,20,4974,92810
5,1695059403377,32,4974,92842
5,1695059403377,14,4974,92856
5,1695059403377,19,4958,92875
5,1695059403377,19,4958,92894
5,1695059403377,39,4958,92933
5,1695059403377,20,4958,92953
5,1695059403377,20,4950,92973
5,1695059403377,41,4950,93014
5,1695059403377,20,4926,93034
5,1695059403377,20,4926,93054
5,1695059403377,41,4918,93095
5,1695059403377,20,4910,93115
5,1695059403377,23,4894,93138
5,1695059403377,38,4886,93176
5,1695059403377,20,4894,93196
5,1695059403377,23,4894,93219
5,1695059403377,38,4862,93257
5,1695059403377,20,4862,93277
5,1695059403377,23,4862,93300
5,1695059403377,38,4862,93338
5,1695059403377,20,4862,93358
5,1695059403377,32,4862,93390
5,1695059403377,14,4886,93404
5,1695059403377,19,4862,93423
5,1695059403377,19,4894,93442
5,1695059403377,38,4894,93480
5,1695059403377,22,4894,93502
5,1695059403377,60,4862,93562
5,1695059403377,20,4862,93582
5,1695059403377,20,4862,93602
5,1695059403377,41,4862,93643
5,1695059403377,20,4862,93663
5,1695059403377,20,4862,93683
5,1695059403377,20,4846,93703
5,1695059403377,20,4854,93723
5,1695059403377,20,4862,93743
5,1695059403377,23,4846,93766
5,1695059403377,38,4846,93804
5,1695059403377,20,4830,93824
5,1695059403377,23,4830,93847
5,1695059403377,38,4830,93885
5,1695059403377,20,4822,93905
5,1695059403377,23,4798,93928
5,1695059403377,38,4798,93966
5,1695059403377,20,4798,93986
5,1695059403377,32,4782,94018
5,1695059403377,14,4782,94032
5,1695059403377,19,4782,94051
5,1695059403377,19,4782,94070
5,1695059403377,38,4782,94108
5,1695059403377,20,4782,94128
5,1695059403377,20,4790,94148
5,1695059403377,41,4798,94189
5,1695059403377,20,4798,94209
5,1695059403377,20,4798,94229
5,1695059403377,41,4798,94270
5,1695059403377,20,4798,94290
5,1695059403377,20,4798,94310
5,1695059403377,41,4798,94351
5,1695059403377,37,4782,94388
5,1695059403377,26,4798,94414
5,1695059403377,38,4782,94452
5,1695059403377,23,4782,94475
5,1695059403377,38,4782,94513
5,1695059403377,20,4782,94533
5,1695059403377,23,4782,94556
5,1695059403377,38,4766,94594
5,1695059403377,20,4766,94614
5,1695059403377,33,4766,94647
5,1695059403377,14,4758,94661
5,1695059403377,19,4734,94680
5,1695059403377,19,4734,94699
5,1695059403377,31,4734,94730
5,1695059403377,19,4734,94749
5,1695059403377,14,4734,94763
5,1695059403377,19,4726,94782
5,1695059403377,36,4718,94818
5,1695059403377,20,4718,94838
5,1695059403377,20,4702,94858
5,1695059403377,41,4718,94899
5,1695059403377,20,4726,94919
5,1695059403377,20,4734,94939
5,1695059403377,41,4734,94980
5,1695059403377,20,4750,95000
5,1695059403377,23,4734,95023
5,1695059403377,38,4734,95061
5,1695059403377,21,4734,95082
5,1695059403377,44,4734,95126
5,1695059403377,19,4734,95145
5,1695059403377,41,4734,95186
5,1695059403377,19,4734,95205
5,1695059403377,39,4734,95244
5,1695059403377,32,4734,95276
5,1695059403377,14,4734,95290
5,1695059403377,19,4726,95309
5,1695059403377,19,4734,95328
5,1695059403377,38,4718,95366
5,1695059403377,20,4718,95386
5,1695059403377,20,4718,95406
5,1695059403377,41,4702,95447
5,1695059403377,20,4702,95467
5,1695059403377,20,4694,95487
5,1695059403377,41,4686,95528
5,1695059403377,20,4686,95548
5,1695059403377,23,4670,95571
5,1695059403377,38,4670,95609
5,1695059403377,20,4670,95629
5,1695059403377,23,4654,95652
5,1695059403377,38,4670,95690
5,1695059403377,20,4670,95710
5,1695059403377,22,4694,95732
5,1695059403377,39,4702,95771
5,1695059403377,20,4702,95791
5,1695059403377,23,4702,95814
5,1695059403377,38,4702,95852
5,1695059403377,20,4702,95872
5,1695059403377,33,4718,95905
5,1695059403377,32,4702,95937
5,1695059403377,19,4702,95956
5,1695059403377,38,4702,95994
5,1695059403377,20,4702,96014
5,1695059403377,20,4702,96034
5,1695059403377,41,4702,96075
5,1695059403377,20,4702,96095
5,1695059403377,20,4694,96115
5,1695059403377,41,4670,96156
5,1695059403377,20,4686,96176
5,1695059403377,24,4670,96200
5,1695059403377,23,4670,96223
5,1695059403377,19,4670,96242
5,1695059403377,19,4670,96261
5,1695059403377,22,4670,96283
5,1695059403377,19,4670,96302
5,1695059403377,19,4654,96321
5,1695059403377,41,4638,96362
5,1695059403377,38,4638,96400
5,1695059403377,20,4638,96420
5,1695059403377,23,4606,96443
5,1695059403377,38,4606,96481
5,1695059403377,20,4606,96501
5,1695059403377,32,4654,96533
5,1695059403377,14,4654,96547
5,1695059403377,19,4654,96566
5,1695059403377,19,4662,96585
5,1695059403377,38,4670,96623
5,1695059403377,21,4670,96644
5,1695059403377,40,4670,96684
5,1695059403377,20,4670,96704
5,1695059403377,20,4670,96724
5,1695059403377,20,4670,96744
5,1695059403377,41,4670,96785
5,1695059403377,20,4670,96805
5,1695059403377,23,4670,96828
5,1695059403377,38,4670,96866
5,1695059403377,20,4670,96886
5,1695059403377,24,4670,96910
5,1695059403377,19,4670,96929
5,1695059403377,39,4662,96968
5,1695059403377,23,4654,96991
5,1695059403377,38,4654,97029
5,1695059403377,20,4654,97049
5,1695059403377,32,4638,97081
5,1695059403377,14,4638,97095
5,1695059403377,19,4638,97114
5,1695059403377,19,4606,97133
5,1695059403377,38,4606,97171
5,1695059403377,20,4606,97191
5,1695059403377,20,4606,97211
5,1695059403377,41,4606,97252
5,1695059403377,20,4606,97272
5,1695059403377,20,4606,97292
5,1695059403377,41,4606,97333
5,1695059403377,20,4606,97353
5,1695059403377,20,4638,97373
5,1695059403377,41,4638,97414
5,1695059403377,20,4654,97434
5,1695059403377,23,4654,97457
5,1695059403377,38,4638,97495
5,1695059403377,20,4654,97515
5,1695059403377,24,4638,97539
5,1695059403377,37,4638,97576
5,1695059403377,20,4638,97596
5,1695059403377,23,4654,97619
5,1695059403377,19,4638,97638
5,1695059403377,39,4638,97677
5,1695059403377,32,4638,97709
5,1695059403377,14,4654,97723
5,1695059403377,19,4606,97742
5,1695059403377,19,4638,97761
5,1695059403377,31,4606,97792
5,1695059403377,19,4638,97811
5,1695059403377,14,4606,97825
5,1695059403377,19,4606,97844
5,1695059403377,20,4606,97864
5,1695059403377,19,4606,97883
5,1695059403377,19,4606,97902
5,1695059403377,42,4590,97944
5,1695059403377,19,4606,97963
5,1695059403377,39,4590,98002
5,1695059403377,32,4574,98034
5,1695059403377,14,4574,98048
5,1695059403377,19,4590,98067
5,1695059403377,28,4574,98095
5,1695059403377,32,4590,98127
5,1695059403377,19,4606,98146
5,1695059403377,39,4606,98185
5,1695059403377,20,4606,98205
5,1695059403377,20,4606,98225
5,1695059403377,23,4606,98248
5,1695059403377,38,4606,98286
5,1695059403377,20,4606,98306
5,1695059403377,32,4606,98338
5,1695059403377,14,4598,98352
5,1695059403377,19,4606,98371
5,1695059403377,19,4606,98390
5,1695059403377,31,4598,98421
5,1695059403377,19,4598,98440
5,1695059403377,19,4590,98459
5,1695059403377,17,4590,98476
5,1695059403377,33,4590,98509
5,1695059403377,20,4590,98529
5,1695059403377,20,4574,98549
5,1695059403377,41,4574,98590
5,1695059403377,20,4574,98610
5,1695059403377,24,4566,98634
5,1695059403377,28,4574,98662
5,1695059403377,14,4566,98676
5,1695059403377,19,4542,98695
5,1695059403377,22,4542,98717
5,1695059403377,19,4542,98736
5,1695059403377,19,4542,98755
5,1695059403377,19,4526,98774
5,1695059403377,38,4526,98812
5,1695059403377,20,4526,98832
5,1695059403377,21,4526,98853
5,1695059403377,44,4542,98897
5,1695059403377,19,4542,98916
5,1695059403377,45,4542,98961
5,1695059403377,19,4542,98980
5,1695059403377,19,4566,98999
5,1695059403377,19,4566,99018
5,1695059403377,31,4566,99049
5,1695059403377,19,4566,99068
5,1695059403377,19,4558,99087
5,1695059403377,17,4558,99104
5,1695059403377,32,4542,99136
5,1695059403377,20,4542,99156
5,1695059403377,20,4542,99176
5,1695059403377,32,4566,99208
5,1695059403377,14,4542,99222
5,1695059403377,19,4542,99241
5,1695059403377,27,4542,99268
5,1695059403377,14,4542,99282
5,1695059403377,19,4542,99301
5,1695059403377,19,4542,99320
5,1695059403377,22,4542,99342
5,1695059403377,19,4542,99361
5,1695059403377,19,4542,99380
5,1695059403377,19,4542,99399
5,1695059403377,22,4526,99421
5,1695059403377,19,4526,99440
5,1695059403377,20,4526,99460
5,1695059403377,19,4526,99479
5,1695059403377,31,4510,99510
5,1695059403377,20,4510,99530
5,1695059403377,33,4502,99563
5,1695059403377,31,4478,99594
5,1695059403377,19,4478,99613
5,1695059403377,25,4478,99638
5,1695059403377,32,4478,99670
5,1695059403377,14,4510,99684
5,1695059403377,19,4510,99703
5,1695059403377,22,4510,99725
5,1695059403377,34,4526,99759
5,1695059403377,20,4526,99779
5,1695059403377,20,4542,99799
5,1695059403377,41,4534,99840
5,1695059403377,20,4526,99860
5,1695059403377,22,4534,99882
5,1695059403377,39,4534,99921
5,1695059403377,20,4526,99941
5,1695059403377,24,4526,99965
5,1695059403377,19,4526,99984
5,1695059403377,38,4510,100022
5,1695059403377,23,4526,100045
5,1695059403377,38,4526,100083
5,1695059403377,20,4510,100103
5,1695059403377,32,4526,100135
5,1695059403377,14,4510,100149
5,1695059403377,19,4510,100168
5,1695059403377,19,4510,100187
5,1695059403377,32,4510,100219
5,1695059403377,19,4478,100238
5,1695059403377,26,4478,100264
5,1695059403377,41,4478,100305
5,1695059403377,38,4462,100343
5,1695059403377,26,4462,100369
5,1695059403377,19,4462,100388
5,1695059403377,19,4462,100407
5,1695059403377,40,4470,100447
5,1695059403377,40,4478,100487
5,1695059403377,23,4478,100510
5,1695059403377,38,4502,100548
5,1695059403377,20,4506,100568
5,1695059403377,23,4510,100591
5,1695059403377,19,4510,100610
5,1695059403377,39,4510,100649
5,1695059403377,23,4510,100672
5,1695059403377,38,4510,100710
5,1695059403377,20,4510,100730
5,1695059403377,33,4510,100763
5,1695059403377,20,4526,100783
5,1695059403377,46,4502,100829
5,1695059403377,18,4502,100847
5,1695059403377,20,4478,100867
5,1695059403377,20,4506,100887
5,1695059403377,41,4494,100928
5,1695059403377,21,4478,100949
5,1695059403377,20,4478,100969
5,1695059403377,24,4478,100993
5,1695059403377,17,4470,101010
5,1695059403377,20,4470,101030
5,1695059403377,20,4478,101050
5,1695059403377,21,4470,101071
5,1695059403377,20,4470,101091
5,1695059403377,25,4446,101116
5,1695059403377,14,4446,101130
5,1695059403377,20,4446,101150
5,1695059403377,20,4446,101170
5,1695059403377,20,4470,101190
5,1695059403377,20,4462,101210
5,1695059403377,20,4478,101230
5,1695059403377,20,4478,101250
5,1695059403377,20,4478,101270
5,1695059403377,23,4478,101293
5,1695059403377,18,4478,101311
5,1695059403377,20,4478,101331
5,1695059403377,20,4502,101351
5,1695059403377,27,4502,101378
5,1695059403377,14,4502,101392
5,1695059403377,25,4510,101417
5,1695059403377,14,4510,101431
5,1695059403377,28,4502,101459
5,1695059403377,13,4510,101472
5,1695059403377,20,4502,101492
5,1695059403377,20,4502,101512
5,1695059403377,41,4494,101553
5,1695059403377,20,4502,101573
5,1695059403377,20,4510,101593
5,1695059403377,23,4506,101616
5,1695059403377,17,4478,101633
5,1695059403377,20,4478,101653
5,1695059403377,20,4494,101673
5,1695059403377,21,4478,101694
5,1695059403377,20,4478,101714
5,1695059403377,20,4478,101734
5,1695059403377,20,4478,101754
5,1695059403377,20,4478,101774
5,1695059403377,20,4478,101794
5,1695059403377,20,4478,101814
5,1695059403377,23,4478,101837
5,1695059403377,18,4462,101855
5,1695059403377,25,4462,101880
5,1695059403377,14,4462,101894
5,1695059403377,23,4462,101917
5,1695059403377,18,4462,101935
5,1695059403377,20,4478,101955
5,1695059403377,20,4478,101975
5,1695059403377,27,4494,102002
5,1695059403377,13,4510,102015
5,1695059403377,20,4510,102035
5,1695059403377,20,4510,102055
5,1695059403377,27,4502,102082
5,1695059403377,13,4534,102095
5,1695059403377,20,4526,102115
5,1695059403377,20,4510,102135
5,1695059403377,20,4526,102155
5,1695059403377,20,4510,102175
5,1695059403377,20,4510,102195
5,1695059403377,20,4526,102215
5,1695059403377,22,4510,102237
5,1695059403377,18,4510,102255
5,1695059403377,20,4510,102275
5,1695059403377,20,4526,102295
5,1695059403377,20,4510,102315
5,1695059403377,20,4510,102335
5,1695059403377,20,4526,102355
5,1695059403377,20,4510,102375
5,1695059403377,20,4510,102395
5,1695059403377,20,4526,102415
5,1695059403377,20,4526,102435
5,1695059403377,23,4510,102458
5,1695059403377,17,4510,102475
5,1695059403377,20,4510,102495
5,1695059403377,21,4510,102516
5,1695059403377,37,4502,102553
5,1695059403377,7,4494,102560
5,1695059403377,16,4478,102576
5,1695059403377,21,4478,102597
5,1695059403377,26,4478,102623
5,1695059403377,13,4478,102636
5,1695059403377,20,4510,102656
5,1695059403377,20,4502,102676
5,1695059403377,27,4510,102703
5,1695059403377,13,4526,102716
5,1695059403377,20,4526,102736
5,1695059403377,20,4526,102756
5,1695059403377,41,4542,102797
5,1695059403377,20,4542,102817
5,1695059403377,20,4542,102837
5,1695059403377,23,4542,102860
5,1695059403377,17,4542,102877
5,1695059403377,20,4542,102897
5,1695059403377,20,4542,102917
5,1695059403377,20,4542,102937
5,1695059403377,20,4558,102957
5,1695059403377,20,4542,102977
5,1695059403377,20,4542,102997
5,1695059403377,20,4542,103017
5,1695059403377,20,4542,103037
5,1695059403377,20,4542,103057
5,1695059403377,23,4542,103080
5,1695059403377,17,4542,103097
5,1695059403377,20,4542,103117
5,1695059403377,20,4542,103137
5,1695059403377,28,4542,103165
5,1695059403377,12,4542,103177
5,1695059403377,20,4534,103197
5,1695059403377,21,4534,103218
5,1695059403377,37,4526,103255
5,1695059403377,7,4542,103262
5,1695059403377,16,4510,103278
5,1695059403377,20,4526,103298
5,1695059403377,41,4526,103339
5,1695059403377,20,4526,103359
5,1695059403377,20,4526,103379
5,1695059403377,24,4542,103403
5,1695059403377,16,4542,103419
5,1695059403377,20,4542,103439
5,1695059403377,20,4566,103459
5,1695059403377,22,4566,103481
5,1695059403377,19,4574,103500
5,1695059403377,20,4574,103520
5,1695059403377,20,4574,103540
5,1695059403377,20,4574,103560
5,1695059403377,20,4574,103580
5,1695059403377,20,4574,103600
5,1695059403377,20,4574,103620
5,1695059403377,20,4590,103640
5,1695059403377,20,4590,103660
5,1695059403377,20,4590,103680
5,1695059403377,23,4590,103703
5,1695059403377,17,4590,103720
5,1695059403377,20,4590,103740
5,1695059403377,20,4574,103760
5,1695059403377,28,4590,103788
5,1695059403377,13,4590,103801
5,1695059403377,20,4590,103821
5,1695059403377,20,4590,103841
5,1695059403377,27,4574,103868
5,1695059403377,13,4574,103881
5,1695059403377,20,4574,103901
5,1695059403377,21,4574,103922
5,1695059403377,40,4574,103962
5,1695059403377,20,4558,103982
5,1695059403377,20,4566,104002
5,1695059403377,24,4542,104026
5,1695059403377,16,4558,104042
5,1695059403377,20,4542,104062
5,1695059403377,20,4574,104082
5,1695059403377,20,4566,104102
5,1695059403377,20,4590,104122
5,1695059403377,20,4590,104142
5,1695059403377,20,4590,104162
5,1695059403377,20,4606,104182
5,1695059403377,20,4606,104202
5,1695059403377,20,4606,104222
5,1695059403377,23,4606,104245
5,1695059403377,35,4606,104280
5,1695059403377,7,4606,104287
5,1695059403377,15,4606,104302
5,1695059403377,23,4606,104325
5,1695059403377,17,4606,104342
5,1695059403377,20,4606,104362
5,1695059403377,20,4606,104382
5,1695059403377,27,4606,104409
5,1695059403377,13,4606,104422
5,1695059403377,20,4606,104442
5,1695059403377,20,4606,104462
5,1695059403377,28,4606,104490
5,1695059403377,12,4606,104502
5,1695059403377,20,4606,104522
5,1695059403377,20,4606,104542
5,1695059403377,41,4598,104583
5,1695059403377,20,4606,104603
5,1695059403377,20,4590,104623
5,1695059403377,23,4598,104646
5,1695059403377,18,4590,104664
5,1695059403377,25,4590,104689
5,1695059403377,14,4574,104703
5,1695059403377,21,4574,104724
5,1695059403377,20,4574,104744
5,1695059403377,20,4574,104764
5,1695059403377,20,4574,104784
5,1695059403377,20,4590,104804
5,1695059403377,20,4606,104824
5,1695059403377,20,4606,104844
5,1695059403377,23,4606,104867
5,1695059403377,17,4606,104884
5,1695059403377,20,4606,104904
5,1695059403377,20,4606,104924
5,1695059403377,23,4606,104947
5,1695059403377,17,4606,104964
5,1695059403377,20,4638,104984
5,1695059403377,20,4638,105004
5,1695059403377,27,4638,105031
5,1695059403377,13,4606,105044
5,1695059403377,20,4654,105064
5,1695059403377,20,4638,105084
5,1695059403377,27,4638,105111
5,1695059403377,13,4606,105124
5,1695059403377,20,4638,105144
5,1695059403377,20,4638,105164
5,1695059403377,41,4638,105205
5,1695059403377,20,4638,105225
5,1695059403377,20,4638,105245
5,1695059403377,23,4638,105268
5,1695059403377,17,4606,105285
5,1695059403377,21,4606,105306
5,1695059403377,20,4606,105326
5,1695059403377,20,4606,105346
5,1695059403377,21,4606,105367
5,1695059403377,25,4606,105392
5,1695059403377,14,4606,105406
5,1695059403377,20,4606,105426
5,1695059403377,20,4606,105446
5,1695059403377,20,4606,105466
5,1695059403377,23,4598,105489
5,1695059403377,18,4606,105507
5,1695059403377,20,4606,105527
5,1695059403377,20,4606,105547
5,1695059403377,23,4638,105570
5,1695059403377,17,4638,105587
5,1695059403377,20,4654,105607
5,1695059403377,20,4654,105627
5,1695059403377,27,4662,105654
5,1695059403377,13,4670,105667
5,1695059403377,20,4670,105687
5,1695059403377,20,4670,105707
5,1695059403377,27,4670,105734
5,1695059403377,34,4670,105768
5,1695059403377,20,4670,105788
5,1695059403377,41,4670,105829
5,1695059403377,20,4670,105849
5,1695059403377,20,4670,105869
5,1695059403377,23,4670,105892
5,1695059403377,18,4670,105910
5,1695059403377,20,4670,105930
5,1695059403377,20,4670,105950
5,1695059403377,20,4670,105970
5,1695059403377,20,4670,105990
5,1695059403377,20,4654,106010
5,1695059403377,20,4670,106030
5,1695059403377,20,4654,106050
5,1695059403377,20,4662,106070
5,1695059403377,21,4654,106091
5,1695059403377,38,4654,106129
5,1695059403377,7,4654,106136
5,1695059403377,15,4638,106151
5,1695059403377,20,4638,106171
5,1695059403377,23,4654,106194
5,1695059403377,18,4638,106212
5,1695059403377,20,4654,106232
5,1695059403377,20,4662,106252
5,1695059403377,27,4670,106279
5,1695059403377,13,4670,106292
5,1695059403377,20,4670,106312
5,1695059403377,20,4694,106332
5,1695059403377,27,4694,106359
5,1695059403377,13,4702,106372
5,1695059403377,20,4702,106392
5,1695059403377,20,4702,106412
5,1695059403377,20,4718,106432
5,1695059403377,20,4718,106452
5,1695059403377,20,4718,106472
5,1695059403377,20,4718,106492
5,1695059403377,22,4718,106514
5,1695059403377,18,4726,106532
5,1695059403377,20,4734,106552
5,1695059403377,20,4718,106572
5,1695059403377,20,4726,106592
5,1695059403377,20,4726,106612
5,1695059403377,20,4734,106632
5,1695059403377,20,4718,106652
5,1695059403377,20,4718,106672
5,1695059403377,20,4718,106692
5,1695059403377,20,4718,106712
5,1695059403377,23,4702,106735
5,1695059403377,17,4702,106752
5,1695059403377,20,4702,106772
5,1695059403377,20,4702,106792
5,1695059403377,27,4702,106819
5,1695059403377,13,4702,106832
5,1695059403377,20,4694,106852
5,1695059403377,20,4702,106872
5,1695059403377,27,4670,106899
5,1695059403377,13,4670,106912
5,1695059403377,20,4670,106932
5,1695059403377,20,4702,106952
5,1695059403377,41,4702,106993
5,1695059403377,26,4718,107019
5,1695059403377,14,4734,107033
5,1695059403377,41,4734,107074
5,1695059403377,20,4734,107094
5,1695059403377,21,4766,107115
5,1695059403377,21,4758,107136
5,1695059403377,19,4766,107155
5,1695059403377,20,4766,107175
5,1695059403377,20,4766,107195
5,1695059403377,20,4766,107215
5,1695059403377,20,4766,107235
5,1695059403377,20,4766,107255
5,1695059403377,20,4766,107275
5,1695059403377,20,4766,107295
5,1695059403377,20,4774,107315
5,1695059403377,20,4782,107335
5,1695059403377,23,4782,107358
5,1695059403377,17,4766,107375
5,1695059403377,20,4766,107395
5,1695059403377,20,4766,107415
5,1695059403377,27,4782,107442
5,1695059403377,13,4766,107455
5,1695059403377,20,4766,107475
5,1695059403377,20,4766,107495
5,1695059403377,27,4758,107522
5,1695059403377,13,4734,107535
5,1695059403377,21,4758,107556
5,1695059403377,26,4766,107582
5,1695059403377,34,4734,107616
5,1695059403377,20,4734,107636
5,1695059403377,20,4734,107656
5,1695059403377,24,4734,107680
5,1695059403377,17,4734,107697
5,1695059403377,20,4766,107717
5,1695059403377,20,4766,107737
5,1695059403377,21,4766,107758
5,1695059403377,19,4782,107777
5,1695059403377,20,4790,107797
5,1695059403377,20,4798,107817
5,1695059403377,20,4798,107837
5,1695059403377,20,4798,107857
5,1695059403377,20,4798,107877
5,1695059403377,23,4798,107900
5,1695059403377,18,4798,107918
5,1695059403377,20,4798,107938
5,1695059403377,20,4798,107958
5,1695059403377,23,4798,107981
5,1695059403377,17,4798,107998
5,1695059403377,21,4822,108019
5,1695059403377,20,4822,108039
5,1695059403377,27,4814,108066
5,1695059403377,13,4814,108079
5,1695059403377,20,4830,108099
5,1695059403377,20,4798,108119
5,1695059403377,27,4822,108146
5,1695059403377,13,4814,108159
5,1695059403377,20,4814,108179
5,1695059403377,20,4822,108199
5,1695059403377,41,4814,108240
5,1695059403377,20,4798,108260
5,1695059403377,20,4798,108280
5,1695059403377,24,4798,108304
5,1695059403377,26,4790,108330
5,1695059403377,12,4798,108342
5,1695059403377,18,4782,108360
5,1695059403377,20,4790,108380
5,1695059403377,20,4798,108400
5,1695059403377,20,4790,108420
5,1695059403377,20,4798,108440
5,1695059403377,20,4798,108460
5,1695059403377,20,4822,108480
5,1695059403377,20,4830,108500
5,1695059403377,23,4830,108523
5,1695059403377,17,4830,108540
5,1695059403377,20,4846,108560
5,1695059403377,20,4830,108580
5,1695059403377,23,4846,108603
5,1695059403377,17,4846,108620
5,1695059403377,20,4830,108640
5,1695059403377,20,4846,108660
5,1695059403377,27,4830,108687
5,1695059403377,13,4854,108700
5,1695059403377,20,4846,108720
5,1695059403377,20,4846,108740
5,1695059403377,27,4846,108767
5,1695059403377,13,4846,108780
5,1695059403377,20,4846,108800
5,1695059403377,20,4846,108820
5,1695059403377,41,4854,108861
5,1695059403377,20,4854,108881
5,1695059403377,20,4846,108901
5,1695059403377,23,4846,108924
5,1695059403377,18,4846,108942
5,1695059403377,20,4846,108962
5,1695059403377,20,4830,108982
5,1695059403377,21,4830,109003
5,1695059403377,26,4830,109029
5,1695059403377,14,4822,109043
5,1695059403377,20,4814,109063
5,1695059403377,20,4822,109083
5,1695059403377,20,4798,109103
5,1695059403377,20,4814,109123
5,1695059403377,23,4814,109146
5,1695059403377,18,4814,109164
5,1695059403377,20,4822,109184
5,1695059403377,20,4822,109204
5,1695059403377,23,4830,109227
5,1695059403377,17,4830,109244
5,1695059403377,20,4862,109264
5,1695059403377,20,4862,109284
5,1695059403377,27,4862,109311
5,1695059403377,13,4862,109324
5,1695059403377,20,4862,109344
5,1695059403377,20,4862,109364
5,1695059403377,27,4862,109391
5,1695059403377,13,4862,109404
5,1695059403377,20,4862,109424
5,1695059403377,20,4862,109444
5,1695059403377,41,4862,109485
5,1695059403377,20,4862,109505
5,1695059403377,20,4862,109525
5,1695059403377,23,4862,109548
5,1695059403377,17,4862,109565
5,1695059403377,20,4862,109585
5,1695059403377,20,4862,109605
5,1695059403377,20,4862,109625
5,1695059403377,20,4862,109645
5,1695059403377,20,4862,109665
5,1695059403377,21,4862,109686
5,1695059403377,37,4854,109723
5,1695059403377,7,4862,109730
5,1695059403377,16,4862,109746
5,1695059403377,23,4846,109769
5,1695059403377,18,4830,109787
5,1695059403377,20,4830,109807
5,1695059403377,21,4830,109828
5,1695059403377,26,4830,109854
5,1695059403377,13,4846,109867
5,1695059403377,20,4830,109887
5,1695059403377,20,4830,109907
5,1695059403377,27,4846,109934
5,1695059403377,13,4846,109947
5,1695059403377,20,4862,109967
5,1695059403377,20,4862,109987
5,1695059403377,41,4862,110028
5,1695059403377,20,4894,110048
5,1695059403377,20,4910,110068
5,1695059403377,41,4910,110109
5,1695059403377,20,4910,110129
5,1695059403377,20,4910,110149
5,1695059403377,22,4910,110171
5,1695059403377,19,4894,110190
5,1695059403377,20,4910,110210
5,1695059403377,20,4918,110230
5,1695059403377,20,4918,110250
5,1695059403377,20,4918,110270
5,1695059403377,20,4910,110290
5,1695059403377,20,4926,110310
5,1695059403377,20,4910,110330
5,1695059403377,20,4926,110350
5,1695059403377,20,4918,110370
5,1695059403377,23,4918,110393
5,1695059403377,17,4918,110410
5,1695059403377,21,4910,110431
5,1695059403377,26,4910,110457
5,1695059403377,15,4910,110472
5,1695059403377,19,4910,110491
5,1695059403377,20,4910,110511
5,1695059403377,20,4894,110531
5,1695059403377,27,4894,110558
5,1695059403377,13,4894,110571
5,1695059403377,20,4862,110591
5,1695059403377,20,4862,110611
5,1695059403377,41,4862,110652
5,1695059403377,20,4894,110672
5,1695059403377,20,4910,110692
5,1695059403377,24,4910,110716
5,1695059403377,17,4918,110733
5,1695059403377,20,4926,110753
5,1695059403377,20,4926,110773
5,1695059403377,21,4942,110794
5,1695059403377,19,4950,110813
5,1695059403377,20,4950,110833
5,1695059403377,20,4958,110853
5,1695059403377,20,4958,110873
5,1695059403377,21,4958,110894
5,1695059403377,20,4958,110914
5,1695059403377,20,4974,110934
5,1695059403377,20,4974,110954
5,1695059403377,20,4974,110974
5,1695059403377,20,4974,110994
5,1695059403377,24,4974,111018
5,1695059403377,17,4974,111035
5,1695059403377,20,4990,111055
5,1695059403377,20,4982,111075
5,1695059403377,27,4974,111102
5,1695059403377,13,4982,111115
5,1695059403377,20,4974,111135
5,1695059403377,20,4974,111155
5,1695059403377,27,4974,111182
5,1695059403377,13,4974,111195
5,1695059403377,21,4958,111216
5,1695059403377,26,4958,111242
5,1695059403377,35,4958,111277
5,1695059403377,20,4950,111297
5,1695059403377,20,4950,111317
5,1695059403377,24,4950,111341
5,1695059403377,17,4942,111358
5,1695059403377,20,4926,111378
5,1695059403377,20,4942,111398
5,1695059403377,21,4950,111419
5,1695059403377,19,4958,111438
5,1695059403377,20,4958,111458
5,1695059403377,20,4974,111478
5,1695059403377,20,4974,111498
5,1695059403377,20,4990,111518
5,1695059403377,20,4990,111538
5,1695059403377,23,4990,111561
5,1695059403377,17,4990,111578
5,1695059403377,20,4990,111598
5,1695059403377,20,5014,111618
5,1695059403377,24,5022,111642
5,1695059403377,17,5022,111659
5,1695059403377,20,5038,111679
5,1695059403377,20,5022,111699
5,1695059403377,27,5038,111726
5,1695059403377,13,5022,111739
5,1695059403377,20,5038,111759
5,1695059403377,20,5038,111779
5,1695059403377,28,5022,111807
5,1695059403377,13,5038,111820
5,1695059403377,20,5022,111840
5,1695059403377,20,5038,111860
5,1695059403377,41,5038,111901
5,1695059403377,20,5022,111921
5,1695059403377,20,5022,111941
5,1695059403377,23,5014,111964
5,1695059403377,18,5022,111982
5,1695059403377,26,5014,112008
5,1695059403377,13,5014,112021
5,1695059403377,21,4990,112042
5,1695059403377,20,4990,112062
5,1695059403377,20,4990,112082
5,1695059403377,20,4990,112102
5,1695059403377,20,4986,112122
5,1695059403377,20,4990,112142
5,1695059403377,20,4990,112162
5,1695059403377,23,4990,112185
5,1695059403377,17,5014,112202
5,1695059403377,20,5022,112222
5,1695059403377,20,5022,112242
5,1695059403377,23,5038,112265
5,1695059403377,18,5038,112283
5,1695059403377,20,5038,112303
5,1695059403377,20,5038,112323
5,1695059403377,27,5038,112350
5,1695059403377,13,5054,112363
5,1695059403377,20,5038,112383
5,1695059403377,20,5038,112403
5,1695059403377,28,5054,112431
5,1695059403377,13,5038,112444
5,1695059403377,20,5054,112464
5,1695059403377,20,5054,112484
5,1695059403377,41,5038,112525
5,1695059403377,21,5054,112546
5,1695059403377,20,5054,112566
5,1695059403377,20,5046,112586
5,1695059403377,20,5038,112606
5,1695059403377,20,5038,112626
5,1695059403377,20,5038,112646
5,1695059403377,20,5022,112666
5,1695059403377,20,5038,112686
5,1695059403377,20,5022,112706
5,1695059403377,20,5022,112726
5,1695059403377,21,5022,112747
5,1695059403377,26,5014,112773
5,1695059403377,13,5022,112786
5,1695059403377,23,5014,112809
5,1695059403377,17,5014,112826
5,1695059403377,20,4990,112846
5,1695059403377,20,4990,112866
5,1695059403377,23,5014,112889
5,1695059403377,17,5022,112906
5,1695059403377,20,5022,112926
5,1695059403377,20,5038,112946
5,1695059403377,27,5038,112973
5,1695059403377,13,5054,112986
5,1695059403377,20,5054,113006
5,1695059403377,20,5054,113026
5,1695059403377,27,5078,113053
5,1695059403377,13,5054,113066
5,1695059403377,20,5078,113086
5,1695059403377,20,5078,113106
5,1695059403377,41,5086,113147
5,1695059403377,20,5078,113167
5,1695059403377,20,5086,113187
5,1695059403377,22,5086,113209
5,1695059403377,18,5086,113227
5,1695059403377,20,5086,113247
5,1695059403377,20,5086,113267
5,1695059403377,20,5086,113287
5,1695059403377,20,5086,113307
5,1695059403377,20,5086,113327
5,1695059403377,20,5086,113347
5,1695059403377,20,5086,113367
5,1695059403377,20,5086,113387
5,1695059403377,20,5078,113407
5,1695059403377,23,5078,113430
5,1695059403377,18,5086,113448
5,1695059403377,20,5070,113468
5,1695059403377,20,5054,113488
5,1695059403377,23,5070,113511
5,1695059403377,17,5054,113528
5,1695059403377,20,5054,113548
5,1695059403377,20,5054,113568
5,1695059403377,27,5054,113595
5,1695059403377,13,5046,113608
5,1695059403377,21,5054,113629
5,1695059403377,26,5054,113655
5,1695059403377,20,5078,113675
5,1695059403377,13,5078,113688
5,1695059403377,20,5086,113708
5,1695059403377,20,5086,113728
5,1695059403377,41,5118,113769
5,1695059403377,20,5118,113789
5,1695059403377,20,5118,113809
5,1695059403377,23,5118,113832
5,1695059403377,39,5118,113871
5,1695059403377,19,5118,113890
5,1695059403377,20,5118,113910
5,1695059403377,20,5118,113930
5,1695059403377,20,5118,113950
5,1695059403377,21,5118,113971
5,1695059403377,20,5118,113991
5,1695059403377,20,5118,114011
5,1695059403377,20,5118,114031
5,1695059403377,23,5166,114054
5,1695059403377,18,5118,114072
5,1695059403377,20,5118,114092
5,1695059403377,21,5118,114113
5,1695059403377,27,5118,114140
5,1695059403377,13,5118,114153
5,1695059403377,20,5118,114173
5,1695059403377,20,5118,114193
5,1695059403377,28,5118,114221
5,1695059403377,31,5118,114252
5,1695059403377,8,5118,114260
5,1695059403377,15,5118,114275
5,1695059403377,40,5102,114315
5,1695059403377,21,5102,114336
5,1695059403377,21,5102,114357
5,1695059403377,40,5102,114397
5,1695059403377,20,5118,114417
5,1695059403377,20,5118,114437
5,1695059403377,22,5118,114459
5,1695059403377,19,5118,114478
5,1695059403377,20,5118,114498
5,1695059403377,21,5118,114519
5,1695059403377,19,5118,114538
5,1695059403377,21,5166,114559
5,1695059403377,20,5166,114579
5,1695059403377,20,5166,114599
5,1695059403377,20,5150,114619
5,1695059403377,20,5166,114639
5,1695059403377,20,5166,114659
5,1695059403377,21,5166,114680
5,1695059403377,19,5166,114699
5,1695059403377,20,5166,114719
5,1695059403377,20,5166,114739
5,1695059403377,27,5166,114766
5,1695059403377,13,5166,114779
5,1695059403377,20,5166,114799
5,1695059403377,20,5166,114819
5,1695059403377,28,5174,114847
5,1695059403377,13,5166,114860
5,1695059403377,20,5166,114880
5,1695059403377,20,5166,114900
5,1695059403377,41,5118,114941
5,1695059403377,20,5150,114961
5,1695059403377,21,5118,114982
5,1695059403377,38,5118,115020
5,1695059403377,7,5118,115027
5,1695059403377,15,5118,115042
5,1695059403377,19,5118,115061
5,1695059403377,22,5118,115083
5,1695059403377,19,5118,115102
5,1695059403377,20,5118,115122
5,1695059403377,20,5118,115142
5,1695059403377,20,5118,115162
5,1695059403377,20,5118,115182
5,1695059403377,20,5118,115202
5,1695059403377,23,5118,115225
5,1695059403377,17,5118,115242
5,1695059403377,21,5118,115263
5,1695059403377,20,5118,115283
5,1695059403377,23,5118,115306
5,1695059403377,17,5150,115323
5,1695059403377,21,5118,115344
5,1695059403377,20,5150,115364
5,1695059403377,27,5150,115391
5,1695059403377,13,5150,115404
5,1695059403377,20,5118,115424
5,1695059403377,20,5150,115444
5,1695059403377,27,5150,115471
5,1695059403377,13,5118,115484
5,1695059403377,21,5150,115505
5,1695059403377,20,5118,115525
5,1695059403377,41,5118,115566
5,1695059403377,20,5118,115586
5,1695059403377,20,5118,115606
5,1695059403377,23,5118,115629
5,1695059403377,17,5118,115646
5,1695059403377,20,5118,115666
5,1695059403377,20,5118,115686
5,1695059403377,22,5118,115708
5,1695059403377,26,5118,115734
5,1695059403377,12,5118,115746
5,1695059403377,21,5118,115767
5,1695059403377,19,5118,115786
5,1695059403377,21,5118,115807
5,1695059403377,20,5086,115827
5,1695059403377,23,5086,115850
5,1695059403377,17,5086,115867
5,1695059403377,20,5086,115887
5,1695059403377,20,5086,115907
5,1695059403377,24,5070,115931
5,1695059403377,17,5086,115948
5,1695059403377,20,5086,115968
5,1695059403377,20,5102,115988
5,1695059403377,27,5102,116015
5,1695059403377,13,5102,116028
5,1695059403377,20,5118,116048
5,1695059403377,20,5118,116068
5,1695059403377,27,5110,116095
5,1695059403377,13,5102,116108
5,1695059403377,20,5110,116128
5,1695059403377,20,5118,116148
5,1695059403377,41,5110,116189
5,1695059403377,20,5102,116209
5,1695059403377,19,5110,116228
5,1695059403377,24,5102,116252
5,1695059403377,17,5102,116269
5,1695059403377,20,5102,116289
5,1695059403377,20,5102,116309
5,1695059403377,20,5102,116329
5,1695059403377,20,5102,116349
5,1695059403377,20,5102,116369
5,1695059403377,20,5086,116389
5,1695059403377,19,5086,116408
5,1695059403377,21,5086,116429
5,1695059403377,20,5086,116449
5,1695059403377,22,5086,116471
5,1695059403377,17,5054,116488
5,1695059403377,20,5078,116508
5,1695059403377,20,5054,116528
5,1695059403377,22,5070,116550
5,1695059403377,18,5054,116568
5,1695059403377,26,5054,116594
5,1695059403377,14,5038,116608
5,1695059403377,27,5046,116635
5,1695059403377,13,5038,116648
5,1695059403377,20,5038,116668
5,1695059403377,20,5038,116688
5,1695059403377,28,5038,116716
5,1695059403377,13,5022,116729
5,1695059403377,20,5046,116749
5,1695059403377,20,5046,116769
5,1695059403377,20,5046,116789
5,1695059403377,20,5046,116809
5,1695059403377,20,5054,116829
5,1695059403377,20,5054,116849
5,1695059403377,23,5054,116872
5,1695059403377,18,5054,116890
5,1695059403377,20,5054,116910
5,1695059403377,20,5054,116930
5,1695059403377,20,5054,116950
5,1695059403377,20,5054,116970
5,1695059403377,20,5054,116990
5,1695059403377,20,5046,117010
5,1695059403377,20,5054,117030
5,1695059403377,20,5054,117050
5,1695059403377,21,5054,117071
5,1695059403377,22,5054,117093
5,1695059403377,18,5038,117111
5,1695059403377,20,5038,117131
5,1695059403377,20,5038,117151
5,1695059403377,23,5038,117174
5,1695059403377,18,5038,117192
5,1695059403377,20,5038,117212
5,1695059403377,21,5022,117233
5,1695059403377,38,5022,117271
5,1695059403377,8,5022,117279
5,1695059403377,14,5022,117293
5,1695059403377,20,5014,117313
5,1695059403377,27,4990,117340
5,1695059403377,13,4990,117353
5,1695059403377,19,4990,117372
5,1695059403377,20,4990,117392
5,1695059403377,42,4982,117434
5,1695059403377,20,4974,117454
5,1695059403377,20,4990,117474
5,1695059403377,22,4982,117496
5,1695059403377,18,4990,117514
5,1695059403377,20,4990,117534
5,1695059403377,20,4990,117554
5,1695059403377,20,4990,117574
5,1695059403377,20,4990,117594
5,1695059403377,20,4990,117614
5,1695059403377,20,4990,117634
5,1695059403377,20,4990,117654
5,1695059403377,20,4990,117674
5,1695059403377,20,4990,117694
5,1695059403377,23,4990,117717
5,1695059403377,18,4990,117735
5,1695059403377,20,4990,117755
5,1695059403377,20,4990,117775
5,1695059403377,23,4990,117798
5,1695059403377,18,4990,117816
5,1695059403377,20,4990,117836
5,1695059403377,20,4990,117856
5,1695059403377,27,4990,117883
5,1695059403377,13,4990,117896
5,1695059403377,20,4990,117916
5,1695059403377,20,4990,117936
5,1695059403377,27,4982,117963
5,1695059403377,31,4974,117994
5,1695059403377,8,4982,118002
5,1695059403377,14,4974,118016
5,1695059403377,41,4958,118057
5,1695059403377,20,4958,118077
5,1695059403377,20,4942,118097
5,1695059403377,22,4958,118119
5,1695059403377,18,4926,118137
5,1695059403377,20,4926,118157
5,1695059403377,20,4926,118177
5,1695059403377,20,4926,118197
5,1695059403377,20,4918,118217
5,1695059403377,20,4926,118237
5,1695059403377,20,4926,118257
5,1695059403377,20,4926,118277
5,1695059403377,20,4926,118297
5,1695059403377,20,4926,118317
5,1695059403377,23,4926,118340
5,1695059403377,18,4926,118358
5,1695059403377,20,4926,118378
5,1695059403377,20,4942,118398
5,1695059403377,26,4942,118424
5,1695059403377,13,4926,118437
5,1695059403377,21,4926,118458
5,1695059403377,20,4926,118478
5,1695059403377,28,4926,118506
5,1695059403377,13,4926,118519
5,1695059403377,20,4926,118539
5,1695059403377,20,4918,118559
5,1695059403377,41,4926,118600
5,1695059403377,20,4918,118620
5,1695059403377,20,4910,118640
5,1695059403377,24,4910,118664
5,1695059403377,16,4910,118680
5,1695059403377,20,4910,118700
5,1695059403377,20,4894,118720
5,1695059403377,20,4910,118740
5,1695059403377,20,4894,118760
5,1695059403377,20,4894,118780
5,1695059403377,20,4894,118800
5,1695059403377,25,4862,118825
5,1695059403377,15,4862,118840
5,1695059403377,20,4862,118860
5,1695059403377,24,4862,118884
5,1695059403377,17,4862,118901
5,1695059403377,19,4854,118920
5,1695059403377,21,4862,118941
5,1695059403377,38,4862,118979
5,1695059403377,8,4862,118987
5,1695059403377,14,4862,119001
5,1695059403377,20,4862,119021
5,1695059403377,27,4862,119048
5,1695059403377,13,4862,119061
5,1695059403377,20,4862,119081
5,1695059403377,20,4862,119101
5,1695059403377,27,4862,119128
5,1695059403377,13,4862,119141
5,1695059403377,20,4862,119161
5,1695059403377,20,4862,119181
5,1695059403377,41,4862,119222
5,1695059403377,20,4862,119242
5,1695059403377,20,4862,119262
5,1695059403377,24,4862,119286
5,1695059403377,16,4862,119302
5,1695059403377,20,4854,119322
5,1695059403377,20,4862,119342
5,1695059403377,22,4854,119364
5,1695059403377,19,4846,119383
5,1695059403377,20,4846,119403
5,1695059403377,20,4854,119423
5,1695059403377,20,4846,119443
5,1695059403377,20,4846,119463
5,1695059403377,20,4846,119483
5,1695059403377,23,4846,119506
5,1695059403377,18,4830,119524
5,1695059403377,20,4830,119544
5,1695059403377,20,4830,119564
5,1695059403377,23,4830,119587
5,1695059403377,18,4814,119605
5,1695059403377,20,4814,119625
5,1695059403377,20,4798,119645
5,1695059403377,28,4798,119673
5,1695059403377,13,4798,119686
5,1695059403377,20,4798,119706
5,1695059403377,20,4798,119726
5,1695059403377,27,4798,119753
5,1695059403377,14,4798,119767
5,1695059403377,27,4814,119794
5,1695059403377,13,4830,119807
5,1695059403377,41,4830,119848
5,1695059403377,20,4830,119868
5,1695059403377,20,4822,119888
5,1695059403377,24,4830,119912
5,1695059403377,16,4830,119928
5,1695059403377,20,4822,119948
5,1695059403377,20,4830,119968
5,1695059403377,21,4822,119989
5,1695059403377,19,4830,120008
5,1695059403377,20,4830,120028
5,1695059403377,20,4830,120048
5,1695059403377,20,4830,120068
5,1695059403377,20,4830,120088
5,1695059403377,20,4830,120108
5,1695059403377,23,4830,120131
5,1695059403377,17,4830,120148
5,1695059403377,20,4822,120168
5,1695059403377,20,4814,120188
5,1695059403377,23,4814,120211
5,1695059403377,17,4814,120228
5,1695059403377,20,4798,120248
5,1695059403377,20,4798,120268
5,1695059403377,27,4798,120295
5,1695059403377,13,4798,120308
5,1695059403377,20,4798,120328
5,1695059403377,20,4790,120348
5,1695059403377,27,4798,120375
5,1695059403377,13,4798,120388
5,1695059403377,20,4782,120408
5,1695059403377,20,4790,120428
5,1695059403377,41,4782,120469
5,1695059403377,26,4798,120495
5,1695059403377,13,4790,120508
5,1695059403377,24,4798,120532
5,1695059403377,16,4798,120548
5,1695059403377,20,4798,120568
5,1695059403377,20,4822,120588
5,1695059403377,21,4814,120609
5,1695059403377,19,4814,120628
5,1695059403377,20,4822,120648
5,1695059403377,20,4814,120668
5,1695059403377,21,4814,120689
5,1695059403377,20,4830,120709
5,1695059403377,20,4814,120729
5,1695059403377,24,4830,120753
5,1695059403377,17,4830,120770
5,1695059403377,19,4822,120789
5,1695059403377,20,4798,120809
5,1695059403377,21,4822,120830
5,1695059403377,19,4822,120849
5,1695059403377,20,4830,120869
5,1695059403377,20,4822,120889
5,1695059403377,27,4798,120916
5,1695059403377,13,4826,120929
5,1695059403377,20,4814,120949
5,1695059403377,20,4798,120969
5,1695059403377,27,4798,120996
5,1695059403377,14,4814,121010
5,1695059403377,26,4798,121036
5,1695059403377,13,4798,121049
5,1695059403377,41,4798,121090
5,1695059403377,20,4782,121110
5,1695059403377,20,4798,121130
5,1695059403377,23,4782,121153
5,1695059403377,17,4782,121170
5,1695059403377,20,4782,121190
5,1695059403377,20,4782,121210
5,1695059403377,21,4790,121231
5,1695059403377,20,4798,121251
5,1695059403377,20,4798,121271
5,1695059403377,20,4814,121291
5,1695059403377,20,4798,121311
5,1695059403377,20,4830,121331
5,1695059403377,20,4814,121351
5,1695059403377,23,4822,121374
5,1695059403377,17,4822,121391
5,1695059403377,20,4822,121411
5,1695059403377,20,4822,121431
5,1695059403377,23,4814,121454
5,1695059403377,17,4830,121471
5,1695059403377,20,4822,121491
5,1695059403377,20,4830,121511
5,1695059403377,27,4830,121538
5,1695059403377,14,4830,121552
5,1695059403377,20,4830,121572
5,1695059403377,21,4830,121593
5,1695059403377,26,4830,121619
5,1695059403377,14,4830,121633
5,1695059403377,20,4830,121653
5,1695059403377,20,4830,121673
5,1695059403377,41,4822,121714
5,1695059403377,20,4822,121734
5,1695059403377,20,4822,121754
5,1695059403377,23,4798,121777
5,1695059403377,17,4798,121794
5,1695059403377,21,4798,121815
5,1695059403377,29,4798,121844
5,1695059403377,17,4798,121861
5,1695059403377,14,4798,121875
5,1695059403377,20,4790,121895
5,1695059403377,20,4782,121915
5,1695059403377,20,4798,121935
5,1695059403377,20,4798,121955
5,1695059403377,20,4798,121975
5,1695059403377,23,4814,121998
5,1695059403377,18,4814,122016
5,1695059403377,20,4822,122036
5,1695059403377,20,4826,122056
5,1695059403377,23,4830,122079
5,1695059403377,17,4830,122096
5,1695059403377,20,4830,122116
5,1695059403377,20,4830,122136
5,1695059403377,28,4830,122164
5,1695059403377,13,4830,122177
5,1695059403377,19,4830,122196
5,1695059403377,20,4830,122216
5,1695059403377,27,4830,122243
5,1695059403377,14,4830,122257
5,1695059403377,20,4830,122277
5,1695059403377,20,4846,122297
5,1695059403377,41,4830,122338
5,1695059403377,20,4830,122358
5,1695059403377,21,4830,122379
5,1695059403377,22,4830,122401
5,1695059403377,18,4830,122419
5,1695059403377,20,4830,122439
5,1695059403377,20,4830,122459
5,1695059403377,20,4814,122479
5,1695059403377,21,4822,122500
5,1695059403377,20,4822,122520
5,1695059403377,20,4830,122540
5,1695059403377,21,4814,122561
5,1695059403377,26,4798,122587
5,1695059403377,14,4798,122601
5,1695059403377,23,4798,122624
5,1695059403377,17,4798,122641
5,1695059403377,20,4798,122661
5,1695059403377,20,4798,122681
5,1695059403377,23,4798,122704
5,1695059403377,17,4822,122721
5,1695059403377,20,4830,122741
5,1695059403377,20,4830,122761
5,1695059403377,27,4830,122788
5,1695059403377,13,4846,122801
5,1695059403377,20,4846,122821
5,1695059403377,20,4846,122841
5,1695059403377,27,4862,122868
5,1695059403377,13,4846,122881
5,1695059403377,20,4846,122901
5,1695059403377,20,4846,122921
5,1695059403377,20,4846,122941
5,1695059403377,20,4846,122961
5,1695059403377,20,4846,122981
5,1695059403377,20,4846,123001
5,1695059403377,22,4846,123023
5,1695059403377,18,4858,123041
5,1695059403377,20,4846,123061
5,1695059403377,20,4862,123081
5,1695059403377,20,4854,123101
5,1695059403377,41,4854,123142
5,1695059403377,20,4846,123162
5,1695059403377,20,4846,123182
5,1695059403377,20,4846,123202
5,1695059403377,20,4846,123222
5,1695059403377,24,4846,123246
5,1695059403377,18,4830,123264
5,1695059403377,19,4846,123283
5,1695059403377,20,4830,123303
5,1695059403377,23,4830,123326
5,1695059403377,17,4830,123343
5,1695059403377,20,4830,123363
5,1695059403377,20,4830,123383
5,1695059403377,27,4830,123410
5,1695059403377,13,4830,123423
5,1695059403377,21,4830,123444
5,1695059403377,26,4846,123470
5,1695059403377,20,4862,123490
5,1695059403377,13,4862,123503
5,1695059403377,20,4862,123523
5,1695059403377,20,4862,123543
5,1695059403377,41,4862,123584
5,1695059403377,20,4862,123604
5,1695059403377,20,4910,123624
5,1695059403377,23,4894,123647
5,1695059403377,17,4894,123664
5,1695059403377,20,4894,123684
5,1695059403377,20,4894,123704
5,1695059403377,20,4910,123724
5,1695059403377,20,4910,123744
5,1695059403377,20,4910,123764
5,1695059403377,20,4910,123784
5,1695059403377,20,4918,123804
5,1695059403377,20,4910,123824
5,1695059403377,20,4910,123844
5,1695059403377,23,4918,123867
5,1695059403377,18,4910,123885
5,1695059403377,20,4910,123905
5,1695059403377,20,4910,123925
5,1695059403377,28,4910,123953
5,1695059403377,31,4910,123984
5,1695059403377,8,4910,123992
5,1695059403377,41,4894,124033
5,1695059403377,13,4894,124046
5,1695059403377,20,4894,124066
5,1695059403377,20,4894,124086
5,1695059403377,41,4894,124127
5,1695059403377,20,4894,124147
5,1695059403377,20,4894,124167
5,1695059403377,41,4910,124208
5,1695059403377,20,4926,124228
5,1695059403377,20,4926,124248
5,1695059403377,22,4926,124270
5,1695059403377,19,4958,124289
5,1695059403377,21,4942,124310
5,1695059403377,20,4950,124330
5,1695059403377,20,4958,124350
5,1695059403377,20,4958,124370
5,1695059403377,20,4958,124390
5,1695059403377,23,4958,124413
5,1695059403377,18,4958,124431
5,1695059403377,20,4950,124451
5,1695059403377,20,4958,124471
5,1695059403377,23,4974,124494
5,1695059403377,18,4974,124512
5,1695059403377,20,4974,124532
5,1695059403377,20,4974,124552
5,1695059403377,28,4974,124580
5,1695059403377,13,4974,124593
5,1695059403377,19,4974,124612
5,1695059403377,20,4974,124632
5,1695059403377,27,4974,124659
5,1695059403377,13,4958,124672
5,1695059403377,20,4958,124692
5,1695059403377,21,4958,124713
5,1695059403377,40,4958,124753
5,1695059403377,20,4958,124773
5,1695059403377,20,4958,124793
5,1695059403377,24,4958,124817
5,1695059403377,16,4958,124833
5,1695059403377,20,4958,124853
5,1695059403377,20,4958,124873
5,1695059403377,21,4974,124894
5,1695059403377,19,4982,124913
5,1695059403377,20,4990,124933
5,1695059403377,20,4990,124953
5,1695059403377,20,4990,124973
5,1695059403377,20,4990,124993
5,1695059403377,20,4990,125013
5,1695059403377,23,5014,125036
5,1695059403377,18,5022,125054
5,1695059403377,20,5022,125074
5,1695059403377,20,5022,125094
5,1695059403377,23,5022,125117
5,1695059403377,17,5014,125134
5,1695059403377,20,5022,125154
5,1695059403377,20,5022,125174
5,1695059403377,27,5014,125201
5,1695059403377,14,5022,125215
5,1695059403377,20,5038,125235
5,1695059403377,20,5022,125255
5,1695059403377,27,5022,125282
5,1695059403377,13,5022,125295
5,1695059403377,20,5022,125315
5,1695059403377,20,5022,125335
5,1695059403377,41,5022,125376
5,1695059403377,20,5022,125396
5,1695059403377,20,5022,125416
5,1695059403377,24,5022,125440
5,1695059403377,16,5022,125456
5,1695059403377,20,4990,125476
5,1695059403377,20,5014,125496
5,1695059403377,21,4990,125517
5,1695059403377,19,4990,125536
5,1695059403377,20,4990,125556
5,1695059403377,20,4990,125576
5,1695059403377,20,4990,125596
5,1695059403377,20,5014,125616
5,1695059403377,20,5022,125636
5,1695059403377,23,5038,125659
5,1695059403377,18,5038,125677
5,1695059403377,26,5038,125703
5,1695059403377,14,5054,125717
5,1695059403377,22,5038,125739
5,1695059403377,17,5054,125756
5,1695059403377,20,5054,125776
5,1695059403377,20,5054,125796
5,1695059403377,27,5054,125823
5,1695059403377,13,5054,125836
5,1695059403377,20,5054,125856
5,1695059403377,20,5054,125876
5,1695059403377,27,5054,125903
5,1695059403377,13,5054,125916
5,1695059403377,20,5054,125936
5,1695059403377,20,5070,125956
5,1695059403377,41,5054,125997
5,1695059403377,20,5054,126017
5,1695059403377,20,5054,126037
5,1695059403377,24,5054,126061
5,1695059403377,16,5054,126077
5,1695059403377,20,5054,126097
5,1695059403377,21,5054,126118
5,1695059403377,20,5054,126138
5,1695059403377,20,5054,126158
5,1695059403377,20,5054,126178
5,1695059403377,21,5046,126199
5,1695059403377,38,5054,126237
5,1695059403377,8,5038,126245
5,1695059403377,13,5038,126258
5,1695059403377,23,5038,126281
5,1695059403377,18,5054,126299
5,1695059403377,20,5054,126319
5,1695059403377,20,5078,126339
5,1695059403377,23,5086,126362
5,1695059403377,17,5086,126379
5,1695059403377,20,5086,126399
5,1695059403377,20,5086,126419
5,1695059403377,27,5086,126446
5,1695059403377,34,5102,126480
5,1695059403377,20,5118,126500
5,1695059403377,27,5102,126527
5,1695059403377,13,5118,126540
5,1695059403377,20,5102,126560
5,1695059403377,20,5118,126580
5,1695059403377,41,5118,126621
5,1695059403377,20,5118,126641
5,1695059403377,20,5118,126661
5,1695059403377,23,5118,126684
5,1695059403377,18,5118,126702
5,1695059403377,20,5118,126722
5,1695059403377,20,5118,126742
5,1695059403377,21,5118,126763
5,1695059403377,19,5118,126782
5,1695059403377,20,5118,126802
5,1695059403377,21,5110,126823
5,1695059403377,20,5118,126843
5,1695059403377,20,5118,126863
5,1695059403377,20,5118,126883
5,1695059403377,23,5118,126906
5,1695059403377,36,5102,126942
5,1695059403377,8,5102,126950
5,1695059403377,13,5110,126963
5,1695059403377,21,5118,126984
5,1695059403377,19,5118,127003
5,1695059403377,21,5118,127024
5,1695059403377,20,5150,127044
5,1695059403377,27,5166,127071
5,1695059403377,34,5182,127105
5,1695059403377,20,5182,127125
5,1695059403377,27,5182,127152
5,1695059403377,34,5182,127186
5,1695059403377,20,5206,127206
5,1695059403377,41,5214,127247
5,1695059403377,20,5214,127267
5,1695059403377,20,5214,127287
5,1695059403377,22,5230,127309
5,1695059403377,18,5230,127327
5,1695059403377,20,5238,127347
5,1695059403377,20,5238,127367
5,1695059403377,20,5230,127387
5,1695059403377,20,5230,127407
5,1695059403377,20,5242,127427
5,1695059403377,20,5230,127447
5,1695059403377,20,5230,127467
5,1695059403377,20,5230,127487
5,1695059403377,20,5230,127507
5,1695059403377,23,5230,127530
5,1695059403377,18,5230,127548
5,1695059403377,20,5230,127568
5,1695059403377,20,5214,127588
5,1695059403377,27,5214,127615
5,1695059403377,34,5206,127649
5,1695059403377,20,5198,127669
5,1695059403377,28,5214,127697
5,1695059403377,32,5214,127729
5,1695059403377,22,5214,127751
5,1695059403377,41,5246,127792
5,1695059403377,20,5246,127812
5,1695059403377,20,5246,127832
5,1695059403377,41,5270,127873
5,1695059403377,20,5278,127893
5,1695059403377,20,5294,127913
5,1695059403377,22,5294,127935
5,1695059403377,18,5294,127953
5,1695059403377,20,5294,127973
5,1695059403377,20,5294,127993
5,1695059403377,20,5302,128013
5,1695059403377,20,5310,128033
5,1695059403377,20,5310,128053
5,1695059403377,23,5302,128076
5,1695059403377,18,5310,128094
5,1695059403377,20,5310,128114
5,1695059403377,20,5310,128134
5,1695059403377,23,5310,128157
5,1695059403377,18,5310,128175
5,1695059403377,20,5310,128195
5,1695059403377,20,5310,128215
5,1695059403377,27,5302,128242
5,1695059403377,34,5302,128276
5,1695059403377,20,5294,128296
5,1695059403377,28,5278,128324
5,1695059403377,14,5294,128338
5,1695059403377,19,5278,128357
5,1695059403377,20,5278,128377
5,1695059403377,41,5278,128418
5,1695059403377,21,5246,128439
5,1695059403377,29,5270,128468
5,1695059403377,18,5246,128486
5,1695059403377,14,5246,128500
5,1695059403377,19,5246,128519
5,1695059403377,20,5246,128539
5,1695059403377,21,5278,128560
5,1695059403377,19,5278,128579
5,1695059403377,20,5294,128599
5,1695059403377,20,5310,128619
5,1695059403377,21,5310,128640
5,1695059403377,20,5310,128660
5,1695059403377,21,5310,128681
5,1695059403377,22,5310,128703
5,1695059403377,18,5310,128721
5,1695059403377,20,5310,128741
5,1695059403377,20,5326,128761
5,1695059403377,23,5310,128784
5,1695059403377,17,5310,128801
5,1695059403377,20,5326,128821
5,1695059403377,21,5310,128842
5,1695059403377,26,5310,128868
5,1695059403377,34,5326,128902
5,1695059403377,20,5310,128922
5,1695059403377,27,5310,128949
5,1695059403377,34,5310,128983
5,1695059403377,20,5310,129003
5,1695059403377,41,5310,129044
5,1695059403377,20,5310,129064
5,1695059403377,20,5294,129084
5,1695059403377,23,5294,129107
5,1695059403377,17,5278,129124
5,1695059403377,20,5278,129144
5,1695059403377,20,5278,129164
5,1695059403377,21,5270,129185
5,1695059403377,20,5278,129205
5,1695059403377,27,5246,129232
5,1695059403377,14,5270,129246
5,1695059403377,21,5246,129267
5,1695059403377,19,5246,129286
5,1695059403377,20,5246,129306
5,1695059403377,23,5238,129329
5,1695059403377,18,5246,129347
5,1695059403377,20,5238,129367
5,1695059403377,20,5246,129387
5,1695059403377,23,5246,129410
5,1695059403377,18,5246,129428
5,1695059403377,20,5246,129448
5,1695059403377,20,5246,129468
5,1695059403377,27,5270,129495
5,1695059403377,14,5278,129509
5,1695059403377,20,5270,129529
5,1695059403377,20,5270,129549
5,1695059403377,28,5270,129577
5,1695059403377,14,5270,129591
5,1695059403377,19,5270,129610
5,1695059403377,20,5278,129630
5,1695059403377,41,5270,129671
5,1695059403377,20,5270,129691
5,1695059403377,20,5246,129711
5,1695059403377,23,5270,129734
5,1695059403377,18,5278,129752
5,1695059403377,20,5246,129772
5,1695059403377,20,5246,129792
5,1695059403377,21,5246,129813
5,1695059403377,19,5246,129832
5,1695059403377,20,5246,129852
5,1695059403377,21,5246,129873
5,1695059403377,39,5246,129912
5,1695059403377,9,5238,129921
5,1695059403377,14,5246,129935
5,1695059403377,22,5214,129957
5,1695059403377,18,5214,129975
5,1695059403377,20,5214,129995
5,1695059403377,20,5230,130015
5,1695059403377,24,5214,130039
5,1695059403377,17,5214,130056
5,1695059403377,20,5206,130076
5,1695059403377,20,5198,130096
5,1695059403377,27,5182,130123
5,1695059403377,14,5182,130137
5,1695059403377,20,5182,130157
5,1695059403377,20,5174,130177
5,1695059403377,27,5166,130204
5,1695059403377,14,5174,130218
5,1695059403377,20,5166,130238
5,1695059403377,20,5182,130258
5,1695059403377,41,5182,130299
5,1695059403377,20,5182,130319
5,1695059403377,20,5182,130339
5,1695059403377,23,5198,130362
5,1695059403377,18,5182,130380
5,1695059403377,20,5182,130400
5,1695059403377,20,5182,130420
5,1695059403377,21,5182,130441
5,1695059403377,20,5182,130461
5,1695059403377,20,5182,130481
5,1695059403377,20,5182,130501
5,1695059403377,21,5182,130522
5,1695059403377,20,5166,130542
5,1695059403377,20,5182,130562
5,1695059403377,24,5150,130586
5,1695059403377,19,5150,130605
5,1695059403377,27,5166,130632
5,1695059403377,14,5166,130646
5,1695059403377,25,5166,130671
5,1695059403377,14,5118,130685
5,1695059403377,19,5118,130704
5,1695059403377,20,5118,130724
5,1695059403377,27,5118,130751
5,1695059403377,14,5118,130765
5,1695059403377,20,5118,130785
5,1695059403377,20,5118,130805
5,1695059403377,27,5110,130832
5,1695059403377,14,5118,130846
5,1695059403377,20,5102,130866
5,1695059403377,20,5102,130886
5,1695059403377,41,5086,130927
5,1695059403377,20,5086,130947
5,1695059403377,20,5086,130967
5,1695059403377,22,5078,130989
5,1695059403377,18,5054,131007
5,1695059403377,20,5054,131027
5,1695059403377,20,5054,131047
5,1695059403377,20,5054,131067
5,1695059403377,20,5054,131087
5,1695059403377,20,5054,131107
5,1695059403377,23,5054,131130
5,1695059403377,18,5086,131148
5,1695059403377,20,5070,131168
5,1695059403377,20,5086,131188
5,1695059403377,23,5078,131211
5,1695059403377,18,5078,131229
5,1695059403377,20,5078,131249
5,1695059403377,20,5054,131269
5,1695059403377,27,5078,131296
5,1695059403377,14,5070,131310
5,1695059403377,19,5054,131329
5,1695059403377,20,5054,131349
5,1695059403377,27,5054,131376
5,1695059403377,14,5054,131390
5,1695059403377,20,5054,131410
5,1695059403377,20,5054,131430
5,1695059403377,41,5054,131471
5,1695059403377,21,5054,131492
5,1695059403377,35,5038,131527
5,1695059403377,13,5038,131540
5,1695059403377,14,5038,131554
5,1695059403377,19,5038,131573
5,1695059403377,20,5022,131593
5,1695059403377,23,5022,131616
5,1695059403377,18,5014,131634
5,1695059403377,20,5014,131654
5,1695059403377,20,4990,131674
5,1695059403377,21,5014,131695
5,1695059403377,20,4990,131715
5,1695059403377,20,4990,131735
5,1695059403377,23,4974,131758
5,1695059403377,18,4974,131776
5,1695059403377,20,4974,131796
5,1695059403377,20,4958,131816
5,1695059403377,23,4958,131839
5,1695059403377,18,4958,131857
5,1695059403377,20,4950,131877
5,1695059403377,20,4950,131897
5,1695059403377,27,4942,131924
5,1695059403377,14,4926,131938
5,1695059403377,20,4950,131958
5,1695059403377,20,4950,131978
5,1695059403377,27,4958,132005
5,1695059403377,14,4974,132019
5,1695059403377,20,4974,132039
5,1695059403377,20,4958,132059
5,1695059403377,41,4958,132100
5,1695059403377,20,4958,132120
5,1695059403377,20,4958,132140
5,1695059403377,24,4954,132164
5,1695059403377,16,4958,132180
5,1695059403377,20,4958,132200
5,1695059403377,20,4950,132220
5,1695059403377,21,4942,132241
5,1695059403377,19,4958,132260
5,1695059403377,20,4942,132280
5,1695059403377,20,4926,132300
5,1695059403377,21,4926,132321
5,1695059403377,20,4926,132341
5,1695059403377,27,4926,132368
5,1695059403377,16,4926,132384
5,1695059403377,18,4926,132402
5,1695059403377,18,4926,132420
5,1695059403377,20,4926,132440
5,1695059403377,23,4910,132463
5,1695059403377,18,4910,132481
5,1695059403377,20,4910,132501
5,1695059403377,20,4894,132521
5,1695059403377,27,4894,132548
5,1695059403377,14,4894,132562
5,1695059403377,20,4862,132582
5,1695059403377,20,4862,132602
5,1695059403377,27,4862,132629
5,1695059403377,14,4862,132643
5,1695059403377,20,4862,132663
5,1695059403377,20,4862,132683
5,1695059403377,41,4846,132724
5,1695059403377,20,4830,132744
5,1695059403377,20,4846,132764
5,1695059403377,24,4830,132788
5,1695059403377,16,4830,132804
5,1695059403377,20,4846,132824
5,1695059403377,20,4862,132844
5,1695059403377,21,4862,132865
5,1695059403377,20,4862,132885
5,1695059403377,20,4862,132905
5,1695059403377,20,4862,132925
5,1695059403377,22,4862,132947
5,1695059403377,19,4846,132966
5,1695059403377,20,4854,132986
5,1695059403377,23,4846,133009
5,1695059403377,18,4846,133027
5,1695059403377,20,4830,133047
5,1695059403377,20,4830,133067
5,1695059403377,21,4830,133088
5,1695059403377,19,4830,133107
5,1695059403377,21,4830,133128
5,1695059403377,27,4830,133155
5,1695059403377,21,4830,133176
5,1695059403377,14,4830,133190
5,1695059403377,18,4830,133208
5,1695059403377,20,4830,133228
5,1695059403377,27,4822,133255
5,1695059403377,14,4798,133269
5,1695059403377,20,4798,133289
5,1695059403377,20,4798,133309
5,1695059403377,41,4798,133350
5,1695059403377,20,4790,133370
5,1695059403377,21,4782,133391
5,1695059403377,23,4790,133414
5,1695059403377,17,4766,133431
5,1695059403377,20,4766,133451
5,1695059403377,20,4766,133471
5,1695059403377,21,4766,133492
5,1695059403377,19,4750,133511
5,1695059403377,20,4734,133531
5,1695059403377,20,4734,133551
5,1695059403377,21,4734,133572
5,1695059403377,19,4734,133591
5,1695059403377,20,4734,133611
5,1695059403377,24,4734,133635
5,1695059403377,18,4734,133653
5,1695059403377,18,4734,133671
5,1695059403377,20,4734,133691
5,1695059403377,23,4758,133714
5,1695059403377,17,4734,133731
5,1695059403377,20,4734,133751
5,1695059403377,20,4734,133771
5,1695059403377,27,4734,133798
5,1695059403377,14,4734,133812
5,1695059403377,20,4734,133832
5,1695059403377,20,4734,133852
5,1695059403377,27,4734,133879
5,1695059403377,14,4734,133893
5,1695059403377,20,4734,133913
5,1695059403377,20,4734,133933
5,1695059403377,41,4718,133974
5,1695059403377,20,4718,133994
5,1695059403377,21,4718,134015
5,1695059403377,39,4718,134054
5,1695059403377,9,4718,134063
5,1695059403377,14,4702,134077
5,1695059403377,18,4702,134095
5,1695059403377,21,4702,134116
5,1695059403377,19,4702,134135
5,1695059403377,20,4694,134155
5,1695059403377,20,4694,134175
5,1695059403377,21,4686,134196
5,1695059403377,19,4670,134215
5,1695059403377,20,4670,134235
5,1695059403377,23,4670,134258
5,1695059403377,19,4670,134277
5,1695059403377,20,4654,134297
5,1695059403377,20,4654,134317
5,1695059403377,23,4654,134340
5,1695059403377,17,4638,134357
5,1695059403377,20,4638,134377
5,1695059403377,20,4606,134397
5,1695059403377,27,4606,134424
5,1695059403377,14,4638,134438
5,1695059403377,20,4654,134458
5,1695059403377,20,4654,134478
5,1695059403377,28,4654,134506
5,1695059403377,14,4638,134520
5,1695059403377,19,4654,134539
5,1695059403377,20,4638,134559
5,1695059403377,41,4638,134600
5,1695059403377,20,4638,134620
5,1695059403377,20,4606,134640
5,1695059403377,22,4606,134662
5,1695059403377,18,4606,134680
5,1695059403377,20,4606,134700
5,1695059403377,20,4606,134720
5,1695059403377,21,4606,134741
5,1695059403377,19,4606,134760
5,1695059403377,20,4606,134780
5,1695059403377,24,4606,134804
5,1695059403377,36,4598,134840
5,1695059403377,9,4606,134849
5,1695059403377,14,4590,134863
5,1695059403377,21,4574,134884
5,1695059403377,18,4590,134902
5,1695059403377,19,4590,134921
5,1695059403377,20,4574,134941
5,1695059403377,27,4574,134968
5,1695059403377,14,4566,134982
5,1695059403377,20,4574,135002
5,1695059403377,20,4542,135022
5,1695059403377,27,4542,135049
5,1695059403377,14,4542,135063
5,1695059403377,20,4542,135083
5,1695059403377,20,4542,135103
5,1695059403377,41,4526,135144
5,1695059403377,20,4526,135164
5,1695059403377,20,4510,135184
5,1695059403377,24,4526,135208
5,1695059403377,16,4542,135224
5,1695059403377,20,4526,135244
5,1695059403377,20,4542,135264
5,1695059403377,22,4542,135286
5,1695059403377,19,4542,135305
5,1695059403377,20,4534,135325
5,1695059403377,20,4542,135345
5,1695059403377,22,4534,135367
5,1695059403377,19,4534,135386
5,1695059403377,20,4542,135406
5,1695059403377,23,4510,135429
5,1695059403377,18,4526,135447
5,1695059403377,19,4526,135466
5,1695059403377,20,4526,135486
5,1695059403377,23,4510,135509
5,1695059403377,18,4510,135527
5,1695059403377,20,4502,135547
5,1695059403377,20,4510,135567
5,1695059403377,27,4502,135594
5,1695059403377,14,4478,135608
5,1695059403377,20,4478,135628
5,1695059403377,20,4478,135648
5,1695059403377,27,4478,135675
5,1695059403377,14,4478,135689
5,1695059403377,20,4478,135709
5,1695059403377,21,4478,135730
5,1695059403377,40,4470,135770
5,1695059403377,20,4462,135790
5,1695059403377,20,4462,135810
5,1695059403377,24,4438,135834
5,1695059403377,16,4446,135850
5,1695059403377,20,4438,135870
5,1695059403377,20,4446,135890
5,1695059403377,21,4446,135911
5,1695059403377,19,4430,135930
5,1695059403377,20,4430,135950
5,1695059403377,20,4446,135970
5,1695059403377,21,4446,135991
5,1695059403377,19,4446,136010
5,1695059403377,20,4446,136030
5,1695059403377,24,4446,136054
5,1695059403377,19,4446,136073
5,1695059403377,18,4446,136091
5,1695059403377,21,4446,136112
5,1695059403377,23,4446,136135
5,1695059403377,17,4446,136152
5,1695059403377,20,4446,136172
5,1695059403377,20,4446,136192
5,1695059403377,27,4438,136219
5,1695059403377,14,4438,136233
5,1695059403377,19,4442,136252
5,1695059403377,20,4438,136272
5,1695059403377,27,4438,136299
5,1695059403377,14,4430,136313
5,1695059403377,19,4414,136332
5,1695059403377,20,4438,136352
5,1695059403377,41,4414,136393
5,1695059403377,21,4414,136414
5,1695059403377,35,4414,136449
5,1695059403377,13,4414,136462
5,1695059403377,14,4414,136476
5,1695059403377,18,4414,136494
5,1695059403377,20,4398,136514
5,1695059403377,21,4398,136535
5,1695059403377,19,4398,136554
5,1695059403377,20,4382,136574
5,1695059403377,20,4398,136594
5,1695059403377,21,4382,136615
5,1695059403377,19,4382,136634
5,1695059403377,20,4382,136654
5,1695059403377,23,4382,136677
5,1695059403377,18,4382,136695
5,1695059403377,19,4382,136714
5,1695059403377,21,4382,136735
5,1695059403377,39,4382,136774
5,1695059403377,9,4398,136783
5,1695059403377,14,4398,136797
5,1695059403377,18,4398,136815
5,1695059403377,27,4406,136842
5,1695059403377,14,4398,136856
5,1695059403377,19,4398,136875
5,1695059403377,20,4394,136895
5,1695059403377,27,4414,136922
5,1695059403377,14,4398,136936
5,1695059403377,19,4398,136955
5,1695059403377,20,4398,136975
5,1695059403377,41,4398,137016
5,1695059403377,20,4406,137036
5,1695059403377,20,4398,137056
5,1695059403377,24,4382,137080
5,1695059403377,16,4398,137096
5,1695059403377,20,4398,137116
5,1695059403377,20,4398,137136
5,1695059403377,21,4382,137157
5,1695059403377,19,4382,137176
5,1695059403377,20,4382,137196
5,1695059403377,22,4382,137218
5,1695059403377,28,4382,137246
5,1695059403377,14,4382,137260
5,1695059403377,17,4350,137277
5,1695059403377,23,4350,137300
5,1695059403377,18,4374,137318
5,1695059403377,19,4350,137337
5,1695059403377,20,4350,137357
5,1695059403377,24,4350,137381
5,1695059403377,17,4350,137398
5,1695059403377,20,4350,137418
5,1695059403377,20,4350,137438
5,1695059403377,27,4374,137465
5,1695059403377,14,4382,137479
5,1695059403377,19,4398,137498
5,1695059403377,20,4382,137518
5,1695059403377,27,4398,137545
5,1695059403377,14,4382,137559
5,1695059403377,19,4382,137578
5,1695059403377,20,4398,137598
5,1695059403377,41,4382,137639
5,1695059403377,20,4382,137659
5,1695059403377,20,4398,137679
5,1695059403377,23,4382,137702
5,1695059403377,18,4398,137720
5,1695059403377,20,4382,137740
5,1695059403377,20,4398,137760
5,1695059403377,21,4382,137781
5,1695059403377,19,4398,137800
5,1695059403377,20,4398,137820
5,1695059403377,23,4382,137843
5,1695059403377,18,4382,137861
5,1695059403377,19,4398,137880
5,1695059403377,20,4398,137900
5,1695059403377,24,4382,137924
5,1695059403377,16,4382,137940
5,1695059403377,20,4382,137960
5,1695059403377,20,4382,137980
5,1695059403377,22,4374,138002
5,1695059403377,18,4350,138020
5,1695059403377,27,4350,138047
5,1695059403377,14,4350,138061
5,1695059403377,25,4350,138086
5,1695059403377,14,4350,138100
5,1695059403377,19,4350,138119
5,1695059403377,20,4350,138139
5,1695059403377,27,4350,138166
5,1695059403377,14,4350,138180
5,1695059403377,19,4382,138199
5,1695059403377,20,4382,138219
5,1695059403377,41,4382,138260
5,1695059403377,20,4382,138280
5,1695059403377,20,4382,138300
5,1695059403377,22,4382,138322
5,1695059403377,18,4382,138340
5,1695059403377,20,4382,138360
5,1695059403377,20,4382,138380
5,1695059403377,21,4382,138401
5,1695059403377,19,4382,138420
5,1695059403377,20,4382,138440
5,1695059403377,23,4382,138463
5,1695059403377,19,4382,138482
5,1695059403377,19,4382,138501
5,1695059403377,20,4382,138521
5,1695059403377,24,4382,138545
5,1695059403377,17,4382,138562
5,1695059403377,20,4374,138582
5,1695059403377,20,4374,138602
5,1695059403377,27,4350,138629
5,1695059403377,14,4350,138643
5,1695059403377,19,4350,138662
5,1695059403377,20,4350,138682
5,1695059403377,27,4350,138709
5,1695059403377,15,4350,138724
5,1695059403377,20,4350,138744
5,1695059403377,27,4350,138771
5,1695059403377,33,4350,138804
5,1695059403377,21,4350,138825
5,1695059403377,20,4350,138845
5,1695059403377,24,4350,138869
5,1695059403377,16,4350,138885
5,1695059403377,20,4350,138905
5,1695059403377,20,4374,138925
5,1695059403377,22,4382,138947
5,1695059403377,19,4374,138966
5,1695059403377,20,4382,138986
5,1695059403377,20,4382,139006
5,1695059403377,21,4382,139027
5,1695059403377,19,4374,139046
5,1695059403377,20,4382,139066
5,1695059403377,24,4374,139090
5,1695059403377,19,4374,139109
5,1695059403377,18,4374,139127
5,1695059403377,20,4374,139147
5,1695059403377,23,4382,139170
5,1695059403377,18,4350,139188
5,1695059403377,20,4374,139208
5,1695059403377,20,4350,139228
5,1695059403377,27,4350,139255
5,1695059403377,14,4382,139269
5,1695059403377,19,4382,139288
5,1695059403377,20,4382,139308
5,1695059403377,21,4350,139329
5,1695059403377,19,4374,139348
5,1695059403377,20,4350,139368
5,1695059403377,20,4374,139388
5,1695059403377,41,4350,139429
5,1695059403377,28,4350,139457
5,1695059403377,14,4350,139471
5,1695059403377,21,4350,139492
5,1695059403377,17,4374,139509
5,1695059403377,20,4350,139529
5,1695059403377,20,4350,139549
5,1695059403377,21,4382,139570
5,1695059403377,19,4382,139589
5,1695059403377,20,4382,139609
5,1695059403377,20,4398,139629
5,1695059403377,21,4398,139650
5,1695059403377,19,4398,139669
5,1695059403377,20,4398,139689
5,1695059403377,23,4398,139712
5,1695059403377,19,4398,139731
5,1695059403377,19,4398,139750
5,1695059403377,20,4398,139770
5,1695059403377,23,4398,139793
5,1695059403377,17,4406,139810
5,1695059403377,20,4398,139830
5,1695059403377,20,4398,139850
5,1695059403377,28,4406,139878
5,1695059403377,14,4414,139892
5,1695059403377,18,4414,139910
5,1695059403377,20,4398,139930
5,1695059403377,27,4406,139957
5,1695059403377,14,4398,139971
5,1695059403377,19,4398,139990
5,1695059403377,20,4398,140010
5,1695059403377,41,4398,140051
5,1695059403377,20,4398,140071
5,1695059403377,20,4382,140091
5,1695059403377,23,4398,140114
5,1695059403377,17,4398,140131
5,1695059403377,20,4398,140151
5,1695059403377,21,4394,140172
5,1695059403377,40,4398,140212
5,1695059403377,9,4414,140221
5,1695059403377,14,4414,140235
5,1695059403377,17,4430,140252
5,1695059403377,21,4438,140273
5,1695059403377,19,4446,140292
5,1695059403377,20,4446,140312
5,1695059403377,23,4462,140335
5,1695059403377,19,4462,140354
5,1695059403377,19,4462,140373
5,1695059403377,20,4462,140393
5,1695059403377,23,4462,140416
5,1695059403377,18,4462,140434
5,1695059403377,20,4478,140454
5,1695059403377,20,4478,140474
5,1695059403377,27,4478,140501
5,1695059403377,14,4478,140515
5,1695059403377,19,4478,140534
5,1695059403377,20,4478,140554
5,1695059403377,27,4478,140581
5,1695059403377,14,4478,140595
5,1695059403377,19,4478,140614
5,1695059403377,21,4502,140635
5,1695059403377,40,4494,140675
5,1695059403377,20,4502,140695
5,1695059403377,20,4510,140715
5,1695059403377,23,4478,140738
5,1695059403377,17,4478,140755
5,1695059403377,20,4510,140775
5,1695059403377,20,4502,140795
5,1695059403377,22,4478,140817
5,1695059403377,27,4478,140844
5,1695059403377,14,4494,140858
5,1695059403377,17,4510,140875
5,1695059403377,21,4510,140896
5,1695059403377,19,4526,140915
5,1695059403377,21,4542,140936
5,1695059403377,23,4558,140959
5,1695059403377,19,4542,140978
5,1695059403377,18,4570,140996
5,1695059403377,20,4574,141016
5,1695059403377,23,4590,141039
5,1695059403377,18,4574,141057
5,1695059403377,20,4598,141077
5,1695059403377,21,4606,141098
5,1695059403377,39,4606,141137
5,1695059403377,9,4590,141146
5,1695059403377,14,4606,141160
5,1695059403377,17,4606,141177
5,1695059403377,27,4606,141204
5,1695059403377,14,4606,141218
5,1695059403377,19,4606,141237
5,1695059403377,20,4606,141257
5,1695059403377,41,4638,141298
5,1695059403377,20,4606,141318
5,1695059403377,20,4638,141338
5,1695059403377,20,4638,141358
5,1695059403377,20,4638,141378
5,1695059403377,20,4654,141398
5,1695059403377,20,4654,141418
5,1695059403377,21,4638,141439
5,1695059403377,19,4654,141458
5,1695059403377,20,4638,141478
5,1695059403377,20,4638,141498
5,1695059403377,22,4654,141520
5,1695059403377,28,4638,141548
5,1695059403377,14,4654,141562
5,1695059403377,19,4654,141581
5,1695059403377,19,4654,141600
5,1695059403377,19,4670,141619
5,1695059403377,20,4694,141639
5,1695059403377,23,4694,141662
5,1695059403377,18,4718,141680
5,1695059403377,20,4718,141700
5,1695059403377,20,4726,141720
5,1695059403377,28,4734,141748
5,1695059403377,15,4734,141763
5,1695059403377,18,4734,141781
5,1695059403377,20,4734,141801
5,1695059403377,27,4766,141828
5,1695059403377,15,4766,141843
5,1695059403377,19,4766,141862
5,1695059403377,20,4782,141882
5,1695059403377,41,4782,141923
5,1695059403377,20,4790,141943
5,1695059403377,20,4790,141963
5,1695059403377,22,4798,141985
5,1695059403377,18,4798,142003
5,1695059403377,20,4798,142023
5,1695059403377,21,4798,142044
5,1695059403377,22,4798,142066
5,1695059403377,18,4798,142084
5,1695059403377,20,4798,142104
5,1695059403377,23,4798,142127
5,1695059403377,19,4798,142146
5,1695059403377,19,4798,142165
5,1695059403377,21,4814,142186
5,1695059403377,39,4814,142225
5,1695059403377,9,4814,142234
5,1695059403377,15,4798,142249
5,1695059403377,17,4798,142266
5,1695059403377,27,4814,142293
5,1695059403377,15,4822,142308
5,1695059403377,19,4814,142327
5,1695059403377,20,4830,142347
5,1695059403377,27,4830,142374
5,1695059403377,15,4846,142389
5,1695059403377,19,4830,142408
5,1695059403377,20,4862,142428
5,1695059403377,42,4862,142470
5,1695059403377,27,4886,142497
5,1695059403377,15,4910,142512
5,1695059403377,22,4910,142534
5,1695059403377,16,4894,142550
5,1695059403377,20,4910,142570
5,1695059403377,20,4918,142590
5,1695059403377,21,4918,142611
5,1695059403377,19,4926,142630
5,1695059403377,20,4926,142650
5,1695059403377,20,4926,142670
5,1695059403377,22,4926,142692
5,1695059403377,18,4942,142710
5,1695059403377,20,4942,142730
5,1695059403377,23,4942,142753
5,1695059403377,19,4942,142772
5,1695059403377,19,4942,142791
5,1695059403377,20,4950,142811
5,1695059403377,23,4958,142834
5,1695059403377,18,4950,142852
5,1695059403377,20,4950,142872
5,1695059403377,21,4950,142893
5,1695059403377,39,4926,142932
5,1695059403377,9,4942,142941
5,1695059403377,15,4942,142956
5,1695059403377,16,4926,142972
5,1695059403377,27,4942,142999
5,1695059403377,15,4926,143014
5,1695059403377,19,4926,143033
5,1695059403377,20,4926,143053
5,1695059403377,41,4926,143094
5,1695059403377,20,4942,143114
5,1695059403377,20,4958,143134
5,1695059403377,24,4974,143158
5,1695059403377,16,4974,143174
5,1695059403377,20,4982,143194
5,1695059403377,20,4990,143214
5,1695059403377,22,4990,143236
5,1695059403377,19,4990,143255
5,1695059403377,20,4990,143275
5,1695059403377,20,4990,143295
5,1695059403377,22,4990,143317
5,1695059403377,19,4990,143336
5,1695059403377,21,4990,143357
5,1695059403377,22,4990,143379
5,1695059403377,19,5014,143398
5,1695059403377,19,5022,143417
5,1695059403377,20,5022,143437
5,1695059403377,21,5022,143458
5,1695059403377,19,5022,143477
5,1695059403377,20,5022,143497
5,1695059403377,20,4990,143517
5,1695059403377,28,5014,143545
5,1695059403377,15,5014,143560
5,1695059403377,18,5014,143578
5,1695059403377,20,4990,143598
5,1695059403377,27,4990,143625
5,1695059403377,15,5014,143640
5,1695059403377,20,4990,143660
5,1695059403377,28,4990,143688
5,1695059403377,33,4990,143721
5,1695059403377,20,4990,143741
5,1695059403377,20,4990,143761
5,1695059403377,23,4990,143784
5,1695059403377,17,4990,143801
5,1695059403377,20,4990,143821
5,1695059403377,20,4990,143841
5,1695059403377,22,4990,143863
5,1695059403377,19,4990,143882
5,1695059403377,20,5022,143902
5,1695059403377,20,5022,143922
5,1695059403377,22,5022,143944
5,1695059403377,19,5038,143963
5,1695059403377,20,5038,143983
5,1695059403377,23,5050,144006
5,1695059403377,19,5046,144025
5,1695059403377,19,5038,144044
5,1695059403377,20,5054,144064
5,1695059403377,23,5038,144087
5,1695059403377,17,5038,144104
5,1695059403377,20,5038,144124
5,1695059403377,20,5046,144144
5,1695059403377,27,5046,144171
5,1695059403377,15,5046,144186
5,1695059403377,19,5038,144205
5,1695059403377,20,5038,144225
5,1695059403377,27,5054,144252
5,1695059403377,15,5054,144267
5,1695059403377,19,5038,144286
5,1695059403377,20,5046,144306
5,1695059403377,41,5038,144347
5,1695059403377,20,5022,144367
5,1695059403377,20,5038,144387
5,1695059403377,23,5038,144410
5,1695059403377,17,5022,144427
5,1695059403377,20,5022,144447
5,1695059403377,20,5022,144467
5,1695059403377,22,5022,144489
5,1695059403377,19,5014,144508
5,1695059403377,20,5022,144528
5,1695059403377,20,4990,144548
5,1695059403377,22,5022,144570
5,1695059403377,19,5014,144589
5,1695059403377,28,5022,144617
5,1695059403377,17,5022,144634
5,1695059403377,15,5046,144649
5,1695059403377,20,5054,144669
5,1695059403377,20,5054,144689
5,1695059403377,23,5054,144712
5,1695059403377,18,5078,144730
5,1695059403377,20,5086,144750
5,1695059403377,20,5070,144770
5,1695059403377,27,5086,144797
5,1695059403377,15,5086,144812
5,1695059403377,19,5086,144831
5,1695059403377,20,5086,144851
5,1695059403377,27,5086,144878
5,1695059403377,15,5102,144893
5,1695059403377,19,5102,144912
5,1695059403377,20,5110,144932
5,1695059403377,41,5102,144973
5,1695059403377,20,5102,144993
5,1695059403377,20,5102,145013
5,1695059403377,24,5102,145037
5,1695059403377,16,5102,145053
5,1695059403377,20,5102,145073
5,1695059403377,20,5102,145093
5,1695059403377,22,5086,145115
5,1695059403377,19,5086,145134
5,1695059403377,28,5086,145162
5,1695059403377,17,5086,145179
5,1695059403377,35,5086,145214
5,1695059403377,20,5086,145234
5,1695059403377,23,5086,145257
5,1695059403377,19,5086,145276
5,1695059403377,19,5086,145295
5,1695059403377,20,5078,145315
5,1695059403377,23,5086,145338
5,1695059403377,18,5086,145356
5,1695059403377,20,5110,145376
5,1695059403377,20,5102,145396
5,1695059403377,27,5118,145423
5,1695059403377,15,5118,145438
5,1695059403377,19,5118,145457
5,1695059403377,20,5118,145477
5,1695059403377,27,5118,145504
5,1695059403377,15,5150,145519
5,1695059403377,19,5166,145538
5,1695059403377,20,5166,145558
5,1695059403377,20,5166,145578
5,1695059403377,20,5166,145598
5,1695059403377,20,5150,145618
5,1695059403377,20,5166,145638
5,1695059403377,23,5166,145661
5,1695059403377,17,5166,145678
5,1695059403377,20,5182,145698
5,1695059403377,20,5174,145718
5,1695059403377,22,5182,145740
5,1695059403377,19,5174,145759
5,1695059403377,20,5182,145779
5,1695059403377,23,5182,145802
5,1695059403377,19,5166,145821
5,1695059403377,19,5174,145840
5,1695059403377,21,5174,145861
5,1695059403377,40,5174,145901
5,1695059403377,15,5166,145916
5,1695059403377,10,5166,145926
5,1695059403377,16,5150,145942
5,1695059403377,27,5150,145969
5,1695059403377,15,5150,145984
5,1695059403377,19,5118,146003
5,1695059403377,20,5150,146023
5,1695059403377,28,5118,146051
5,1695059403377,15,5118,146066
5,1695059403377,18,5118,146084
5,1695059403377,20,5118,146104
5,1695059403377,41,5166,146145
5,1695059403377,20,5174,146165
5,1695059403377,20,5182,146185
5,1695059403377,24,5182,146209
5,1695059403377,16,5182,146225
5,1695059403377,20,5214,146245
5,1695059403377,20,5206,146265
5,1695059403377,22,5206,146287
5,1695059403377,19,5214,146306
5,1695059403377,20,5214,146326
5,1695059403377,20,5214,146346
5,1695059403377,22,5230,146368
5,1695059403377,19,5214,146387
5,1695059403377,20,5214,146407
5,1695059403377,23,5230,146430
5,1695059403377,19,5230,146449
5,1695059403377,19,5246,146468
5,1695059403377,20,5214,146488
5,1695059403377,23,5230,146511
5,1695059403377,17,5230,146528
5,1695059403377,20,5238,146548
5,1695059403377,20,5230,146568
5,1695059403377,28,5214,146596
5,1695059403377,15,5230,146611
5,1695059403377,18,5214,146629
5,1695059403377,20,5214,146649
5,1695059403377,27,5214,146676
5,1695059403377,15,5214,146691
5,1695059403377,19,5230,146710
5,1695059403377,28,5214,146738
5,1695059403377,32,5206,146770
5,1695059403377,20,5214,146790
5,1695059403377,20,5198,146810
5,1695059403377,24,5198,146834
5,1695059403377,17,5182,146851
5,1695059403377,20,5182,146871
5,1695059403377,20,5198,146891
5,1695059403377,22,5198,146913
5,1695059403377,18,5214,146931
5,1695059403377,20,5230,146951
5,1695059403377,20,5230,146971
5,1695059403377,22,5230,146993
5,1695059403377,18,5246,147011
5,1695059403377,20,5246,147031
5,1695059403377,23,5246,147054
5,1695059403377,19,5246,147073
5,1695059403377,18,5246,147091
5,1695059403377,20,5246,147111
5,1695059403377,23,5246,147134
5,1695059403377,18,5246,147152
5,1695059403377,20,5246,147172
5,1695059403377,20,5246,147192
5,1695059403377,27,5246,147219
5,1695059403377,15,5246,147234
5,1695059403377,19,5278,147253
5,1695059403377,20,5278,147273
5,1695059403377,27,5246,147300
5,1695059403377,15,5270,147315
5,1695059403377,19,5246,147334
5,1695059403377,20,5270,147354
5,1695059403377,41,5246,147395
5,1695059403377,20,5246,147415
5,1695059403377,20,5246,147435
5,1695059403377,24,5246,147459
5,1695059403377,16,5246,147475
5,1695059403377,20,5246,147495
5,1695059403377,20,5246,147515
5,1695059403377,20,5238,147535
5,1695059403377,20,5238,147555
5,1695059403377,21,5246,147576
5,1695059403377,40,5238,147616
5,1695059403377,15,5230,147631
5,1695059403377,10,5214,147641
5,1695059403377,15,5230,147656
5,1695059403377,23,5230,147679
5,1695059403377,19,5230,147698
5,1695059403377,18,5246,147716
5,1695059403377,20,5246,147736
5,1695059403377,23,5270,147759
5,1695059403377,18,5278,147777
5,1695059403377,20,5278,147797
5,1695059403377,20,5278,147817
5,1695059403377,27,5294,147844
5,1695059403377,15,5278,147859
5,1695059403377,19,5294,147878
5,1695059403377,21,5278,147899
5,1695059403377,26,5294,147925
5,1695059403377,15,5294,147940
5,1695059403377,19,5278,147959
5,1695059403377,20,5294,147979
5,1695059403377,41,5278,148020
5,1695059403377,20,5310,148040
5,1695059403377,20,5306,148060
5,1695059403377,24,5294,148084
5,1695059403377,16,5310,148100
5,1695059403377,20,5310,148120
5,1695059403377,20,5294,148140
5,1695059403377,23,5302,148163
5,1695059403377,33,5294,148196
5,1695059403377,10,5294,148206
5,1695059403377,15,5294,148221
5,1695059403377,22,5294,148243
5,1695059403377,19,5294,148262
5,1695059403377,20,5278,148282
5,1695059403377,23,5294,148305
5,1695059403377,19,5278,148324
5,1695059403377,18,5278,148342
5,1695059403377,20,5278,148362
5,1695059403377,23,5270,148385
5,1695059403377,17,5278,148402
5,1695059403377,20,5270,148422
5,1695059403377,20,5246,148442
5,1695059403377,27,5246,148469
5,1695059403377,15,5278,148484
5,1695059403377,19,5278,148503
5,1695059403377,20,5278,148523
5,1695059403377,27,5294,148550
5,1695059403377,15,5310,148565
5,1695059403377,19,5310,148584
5,1695059403377,20,5310,148604
5,1695059403377,41,5310,148645
5,1695059403377,20,5310,148665
5,1695059403377,20,5310,148685
5,1695059403377,22,5310,148707
5,1695059403377,18,5326,148725
5,1695059403377,20,5326,148745
5,1695059403377,20,5334,148765
5,1695059403377,22,5334,148787
5,1695059403377,19,5326,148806
5,1695059403377,20,5334,148826
5,1695059403377,24,5342,148850
5,1695059403377,19,5326,148869
5,1695059403377,17,5334,148886
5,1695059403377,20,5326,148906
5,1695059403377,23,5326,148929
5,1695059403377,17,5334,148946
5,1695059403377,21,5326,148967
5,1695059403377,28,5310,148995
5,1695059403377,27,5310,149022
5,1695059403377,10,5310,149032
5,1695059403377,15,5310,149047
5,1695059403377,20,5310,149067
5,1695059403377,27,5310,149094
5,1695059403377,15,5310,149109
5,1695059403377,18,5294,149127
5,1695059403377,20,5294,149147
5,1695059403377,27,5278,149174
5,1695059403377,15,5294,149189
5,1695059403377,19,5294,149208
5,1695059403377,20,5278,149228
5,1695059403377,41,5294,149269
5,1695059403377,20,5278,149289
5,1695059403377,20,5310,149309
5,1695059403377,22,5310,149331
5,1695059403377,18,5310,149349
5,1695059403377,20,5310,149369
5,1695059403377,20,5334,149389
5,1695059403377,22,5342,149411
5,1695059403377,18,5342,149429
5,1695059403377,20,5342,149449
5,1695059403377,23,5342,149472
5,1695059403377,19,5342,149491
5,1695059403377,18,5334,149509
5,1695059403377,20,5342,149529
5,1695059403377,23,5342,149552
5,1695059403377,18,5342,149570
5,1695059403377,20,5342,149590
5,1695059403377,20,5342,149610
5,1695059403377,22,5342,149632
5,1695059403377,18,5342,149650
5,1695059403377,20,5334,149670
5,1695059403377,20,5342,149690
5,1695059403377,22,5334,149712
5,1695059403377,19,5334,149731
5,1695059403377,20,5342,149751
5,1695059403377,21,5334,149772
5,1695059403377,40,5310,149812
5,1695059403377,20,5310,149832
5,1695059403377,20,5310,149852
5,1695059403377,24,5310,149876
5,1695059403377,16,5310,149892
5,1695059403377,20,5302,149912
5,1695059403377,20,5294,149932
5,1695059403377,22,5294,149954
5,1695059403377,18,5294,149972
5,1695059403377,20,5278,149992
5,1695059403377,20,5294,150012
5,1695059403377,22,5294,150034
5,1695059403377,18,5294,150052
5,1695059403377,20,5310,150072
5,1695059403377,23,5310,150095
5,1695059403377,19,5326,150114
5,1695059403377,18,5326,150132
5,1695059403377,20,5310,150152
5,1695059403377,24,5334,150176
5,1695059403377,17,5334,150193
5,1695059403377,20,5326,150213
5,1695059403377,20,5342,150233
5,1695059403377,27,5334,150260
5,1695059403377,15,5342,150275
5,1695059403377,19,5342,150294
5,1695059403377,20,5342,150314
5,1695059403377,27,5342,150341
5,1695059403377,15,5342,150356
5,1695059403377,18,5342,150374
5,1695059403377,20,5342,150394
5,1695059403377,41,5326,150435
5,1695059403377,20,5342,150455
5,1695059403377,20,5342,150475
5,1695059403377,24,5326,150499
5,1695059403377,16,5326,150515
5,1695059403377,20,5310,150535
5,1695059403377,20,5310,150555
5,1695059403377,23,5310,150578
5,1695059403377,18,5310,150596
5,1695059403377,21,5310,150617
5,1695059403377,40,5310,150657
5,1695059403377,15,5302,150672
5,1695059403377,10,5310,150682
5,1695059403377,15,5294,150697
5,1695059403377,22,5310,150719
5,1695059403377,19,5278,150738
5,1695059403377,18,5294,150756
5,1695059403377,20,5302,150776
5,1695059403377,23,5310,150799
5,1695059403377,18,5302,150817
5,1695059403377,20,5310,150837
5,1695059403377,20,5310,150857
5,1695059403377,27,5334,150884
5,1695059403377,15,5334,150899
5,1695059403377,18,5342,150917
5,1695059403377,20,5334,150937
5,1695059403377,28,5342,150965
5,1695059403377,15,5334,150980
5,1695059403377,17,5342,150997
5,1695059403377,20,5342,151017
5,1695059403377,41,5334,151058
5,1695059403377,20,5342,151078
5,1695059403377,20,5334,151098
5,1695059403377,23,5342,151121
5,1695059403377,17,5334,151138
5,1695059403377,20,5326,151158
5,1695059403377,20,5334,151178
5,1695059403377,22,5310,151200
5,1695059403377,18,5334,151218
5,1695059403377,20,5310,151238
5,1695059403377,20,5310,151258
5,1695059403377,22,5310,151280
5,1695059403377,18,5310,151298
5,1695059403377,21,5310,151319
5,1695059403377,23,5310,151342
5,1695059403377,33,5310,151375
5,1695059403377,10,5294,151385
5,1695059403377,15,5294,151400
5,1695059403377,21,5278,151421
5,1695059403377,17,5278,151438
5,1695059403377,20,5294,151458
5,1695059403377,20,5278,151478
5,1695059403377,27,5278,151505
5,1695059403377,15,5302,151520
5,1695059403377,18,5310,151538
5,1695059403377,20,5310,151558
5,1695059403377,27,5310,151585
5,1695059403377,15,5326,151600
5,1695059403377,18,5342,151618
5,1695059403377,20,5326,151638
5,1695059403377,41,5342,151679
5,1695059403377,20,5342,151699
5,1695059403377,20,5342,151719
5,1695059403377,20,5334,151739
5,1695059403377,20,5342,151759
5,1695059403377,20,5342,151779
5,1695059403377,20,5342,151799
5,1695059403377,22,5342,151821
5,1695059403377,18,5342,151839
5,1695059403377,20,5342,151859
5,1695059403377,23,5358,151882
5,1695059403377,19,5342,151901
5,1695059403377,18,5342,151919
5,1695059403377,20,5342,151939
5,1695059403377,23,5334,151962
5,1695059403377,19,5334,151981
5,1695059403377,18,5342,151999
5,1695059403377,20,5342,152019
5,1695059403377,23,5334,152042
5,1695059403377,17,5326,152059
5,1695059403377,20,5326,152079
5,1695059403377,20,5310,152099
5,1695059403377,27,5310,152126
5,1695059403377,16,5310,152142
5,1695059403377,33,5310,152175
5,1695059403377,10,5310,152185
5,1695059403377,22,5310,152207
5,1695059403377,15,5342,152222
5,1695059403377,18,5342,152240
5,1695059403377,20,5358,152260
5,1695059403377,41,5358,152301
5,1695059403377,20,5374,152321
5,1695059403377,20,5374,152341
5,1695059403377,24,5374,152365
5,1695059403377,17,5374,152382
5,1695059403377,20,5374,152402
5,1695059403377,21,5374,152423
5,1695059403377,22,5374,152445
5,1695059403377,18,5374,152463
5,1695059403377,20,5374,152483
5,1695059403377,23,5406,152506
5,1695059403377,20,5406,152526
5,1695059403377,18,5406,152544
5,1695059403377,20,5406,152564
5,1695059403377,23,5406,152587
5,1695059403377,17,5406,152604
5,1695059403377,20,5406,152624
5,1695059403377,20,5406,152644
5,1695059403377,23,5406,152667
5,1695059403377,17,5406,152684
5,1695059403377,20,5374,152704
5,1695059403377,20,5406,152724
5,1695059403377,27,5406,152751
5,1695059403377,15,5374,152766
5,1695059403377,19,5374,152785
5,1695059403377,20,5374,152805
5,1695059403377,28,5374,152833
5,1695059403377,33,5374,152866
5,1695059403377,20,5374,152886
5,1695059403377,41,5406,152927
5,1695059403377,20,5422,152947
5,1695059403377,20,5438,152967
5,1695059403377,23,5438,152990
5,1695059403377,17,5438,153007
5,1695059403377,20,5438,153027
5,1695059403377,20,5454,153047
5,1695059403377,22,5454,153069
5,1695059403377,18,5462,153087
5,1695059403377,20,5470,153107
5,1695059403377,23,5470,153130
5,1695059403377,20,5470,153150
5,1695059403377,18,5470,153168
5,1695059403377,20,5470,153188
5,1695059403377,23,5470,153211
5,1695059403377,17,5470,153228
5,1695059403377,20,5486,153248
5,1695059403377,20,5470,153268
5,1695059403377,27,5486,153295
5,1695059403377,15,5486,153310
5,1695059403377,19,5486,153329
5,1695059403377,20,5494,153349
5,1695059403377,27,5486,153376
5,1695059403377,15,5486,153391
5,1695059403377,18,5470,153409
5,1695059403377,20,5486,153429
5,1695059403377,41,5470,153470
5,1695059403377,20,5470,153490
5,1695059403377,20,5470,153510
5,1695059403377,25,5470,153535
5,1695059403377,36,5470,153571
5,1695059403377,20,5470,153591
5,1695059403377,22,5470,153613
5,1695059403377,18,5494,153631
5,1695059403377,20,5502,153651
5,1695059403377,20,5502,153671
5,1695059403377,22,5502,153693
5,1695059403377,18,5502,153711
5,1695059403377,20,5534,153731
5,1695059403377,21,5534,153752
5,1695059403377,19,5526,153771
5,1695059403377,20,5534,153791
5,1695059403377,20,5526,153811
5,1695059403377,23,5550,153834
5,1695059403377,18,5534,153852
5,1695059403377,20,5534,153872
5,1695059403377,20,5534,153892
5,1695059403377,27,5534,153919
5,1695059403377,15,5534,153934
5,1695059403377,18,5550,153952
5,1695059403377,20,5550,153972
5,1695059403377,27,5534,153999
5,1695059403377,15,5550,154014
5,1695059403377,18,5534,154032
5,1695059403377,20,5534,154052
5,1695059403377,41,5534,154093
5,1695059403377,20,5534,154113
5,1695059403377,20,5534,154133
5,1695059403377,41,5502,154174
5,1695059403377,20,5502,154194
5,1695059403377,20,5526,154214
5,1695059403377,22,5502,154236
5,1695059403377,19,5526,154255
5,1695059403377,34,5502,154289
5,1695059403377,13,5526,154302
5,1695059403377,15,5534,154317
5,1695059403377,18,5534,154335
5,1695059403377,20,5566,154355
5,1695059403377,23,5566,154378
5,1695059403377,20,5566,154398
5,1695059403377,18,5566,154416
5,1695059403377,20,5566,154436
5,1695059403377,23,5566,154459
5,1695059403377,18,5598,154477
5,1695059403377,20,5590,154497
5,1695059403377,20,5598,154517
5,1695059403377,27,5598,154544
5,1695059403377,15,5598,154559
5,1695059403377,18,5598,154577
5,1695059403377,20,5598,154597
5,1695059403377,28,5598,154625
5,1695059403377,16,5598,154641
5,1695059403377,17,5598,154658
5,1695059403377,20,5598,154678
5,1695059403377,41,5598,154719
5,1695059403377,20,5598,154739
5,1695059403377,20,5598,154759
5,1695059403377,23,5594,154782
5,1695059403377,17,5598,154799
5,1695059403377,20,5590,154819
5,1695059403377,20,5582,154839
5,1695059403377,22,5582,154861
5,1695059403377,18,5582,154879
5,1695059403377,20,5566,154899
5,1695059403377,20,5566,154919
5,1695059403377,23,5566,154942
5,1695059403377,34,5566,154976
5,1695059403377,10,5566,154986
5,1695059403377,18,5582,155004
5,1695059403377,15,5566,155019
5,1695059403377,20,5598,155039
5,1695059403377,20,5598,155059
5,1695059403377,23,5614,155082
5,1695059403377,18,5630,155100
5,1695059403377,20,5630,155120
5,1695059403377,21,5630,155141
5,1695059403377,26,5630,155167
5,1695059403377,15,5630,155182
5,1695059403377,18,5630,155200
5,1695059403377,20,5630,155220
5,1695059403377,27,5630,155247
5,1695059403377,15,5662,155262
5,1695059403377,18,5662,155280
5,1695059403377,20,5678,155300
5,1695059403377,41,5678,155341
5,1695059403377,20,5678,155361
5,1695059403377,20,5678,155381
5,1695059403377,23,5678,155404
5,1695059403377,17,5678,155421
5,1695059403377,20,5694,155441
5,1695059403377,20,5678,155461
5,1695059403377,22,5678,155483
5,1695059403377,18,5694,155501
5,1695059403377,20,5694,155521
5,1695059403377,23,5694,155544
5,1695059403377,20,5678,155564
5,1695059403377,18,5694,155582
5,1695059403377,20,5678,155602
5,1695059403377,24,5678,155626
5,1695059403377,34,5630,155660
5,1695059403377,10,5662,155670
5,1695059403377,15,5662,155685
5,1695059403377,21,5662,155706
5,1695059403377,17,5678,155723
5,1695059403377,20,5678,155743
5,1695059403377,20,5694,155763
5,1695059403377,27,5694,155790
5,1695059403377,15,5694,155805
5,1695059403377,18,5718,155823
5,1695059403377,20,5742,155843
5,1695059403377,27,5742,155870
5,1695059403377,15,5742,155885
5,1695059403377,18,5742,155903
5,1695059403377,20,5758,155923
5,1695059403377,20,5758,155943
5,1695059403377,20,5758,155963
5,1695059403377,20,5758,155983
5,1695059403377,20,5758,156003
5,1695059403377,22,5758,156025
5,1695059403377,18,5758,156043
5,1695059403377,20,5758,156063
5,1695059403377,20,5758,156083
5,1695059403377,24,5758,156107
5,1695059403377,16,5758,156123
5,1695059403377,20,5758,156143
5,1695059403377,23,5758,156166
5,1695059403377,20,5758,156186
5,1695059403377,18,5758,156204
5,1695059403377,20,5758,156224
5,1695059403377,23,5758,156247
5,1695059403377,17,5758,156264
5,1695059403377,20,5742,156284
5,1695059403377,21,5742,156305
5,1695059403377,40,5742,156345
5,1695059403377,20,5726,156365
5,1695059403377,20,5726,156385
5,1695059403377,27,5726,156412
5,1695059403377,16,5726,156428
5,1695059403377,18,5718,156446
5,1695059403377,20,5718,156466
5,1695059403377,27,5726,156493
5,1695059403377,16,5726,156509
5,1695059403377,18,5726,156527
5,1695059403377,20,5758,156547
5,1695059403377,41,5758,156588
5,1695059403377,20,5758,156608
5,1695059403377,20,5758,156628
5,1695059403377,22,5790,156650
5,1695059403377,18,5790,156668
5,1695059403377,20,5782,156688
5,1695059403377,20,5790,156708
5,1695059403377,22,5790,156730
5,1695059403377,18,5790,156748
5,1695059403377,20,5790,156768
5,1695059403377,23,5790,156791
5,1695059403377,20,5790,156811
5,1695059403377,18,5790,156829
5,1695059403377,21,5790,156850
5,1695059403377,22,5790,156872
5,1695059403377,17,5790,156889
5,1695059403377,20,5790,156909
5,1695059403377,20,5790,156929
5,1695059403377,27,5790,156956
5,1695059403377,16,5782,156972
5,1695059403377,18,5758,156990
5,1695059403377,21,5758,157011
5,1695059403377,41,5758,157052
5,1695059403377,19,5758,157071
5,1695059403377,20,5758,157091
5,1695059403377,41,5742,157132
5,1695059403377,20,5726,157152
5,1695059403377,20,5726,157172
5,1695059403377,41,5726,157213
5,1695059403377,20,5718,157233
5,1695059403377,20,5694,157253
5,1695059403377,23,5726,157276
5,1695059403377,18,5726,157294
5,1695059403377,20,5718,157314
5,1695059403377,20,5718,157334
5,1695059403377,23,5726,157357
5,1695059403377,18,5726,157375
5,1695059403377,20,5726,157395
5,1695059403377,23,5742,157418
5,1695059403377,20,5742,157438
5,1695059403377,18,5742,157456
5,1695059403377,20,5742,157476
5,1695059403377,23,5742,157499
5,1695059403377,18,5742,157517
5,1695059403377,20,5726,157537
5,1695059403377,20,5726,157557
5,1695059403377,27,5726,157584
5,1695059403377,16,5726,157600
5,1695059403377,18,5726,157618
5,1695059403377,20,5726,157638
5,1695059403377,27,5726,157665
5,1695059403377,16,5710,157681
5,1695059403377,18,5718,157699
5,1695059403377,20,5694,157719
5,1695059403377,41,5694,157760
5,1695059403377,20,5694,157780
5,1695059403377,21,5686,157801
5,1695059403377,40,5686,157841
5,1695059403377,20,5662,157861
5,1695059403377,20,5662,157881
5,1695059403377,23,5662,157904
5,1695059403377,18,5630,157922
5,1695059403377,20,5630,157942
5,1695059403377,20,5630,157962
5,1695059403377,20,5630,157982
5,1695059403377,20,5630,158002
5,1695059403377,20,5630,158022
5,1695059403377,24,5630,158046
5,1695059403377,20,5630,158066
5,1695059403377,17,5630,158083
5,1695059403377,20,5630,158103
5,1695059403377,23,5630,158126
5,1695059403377,18,5630,158144
5,1695059403377,20,5630,158164
5,1695059403377,20,5630,158184
5,1695059403377,27,5630,158211
5,1695059403377,16,5630,158227
5,1695059403377,18,5630,158245
5,1695059403377,20,5630,158265
5,1695059403377,27,5630,158292
5,1695059403377,16,5630,158308
5,1695059403377,18,5630,158326
5,1695059403377,20,5630,158346
5,1695059403377,41,5630,158387
5,1695059403377,20,5630,158407
5,1695059403377,20,5614,158427
5,1695059403377,24,5614,158451
5,1695059403377,17,5614,158468
5,1695059403377,20,5598,158488
5,1695059403377,20,5598,158508
5,1695059403377,23,5590,158531
5,1695059403377,18,5582,158549
5,1695059403377,20,5566,158569
5,1695059403377,20,5582,158589
5,1695059403377,23,5566,158612
5,1695059403377,34,5566,158646
5,1695059403377,11,5566,158657
5,1695059403377,18,5566,158675
5,1695059403377,16,5550,158691
5,1695059403377,20,5534,158711
5,1695059403377,20,5534,158731
5,1695059403377,23,5534,158754
5,1695059403377,18,5502,158772
5,1695059403377,20,5502,158792
5,1695059403377,20,5502,158812
5,1695059403377,27,5502,158839
5,1695059403377,16,5502,158855
5,1695059403377,18,5502,158873
5,1695059403377,20,5502,158893
5,1695059403377,27,5502,158920
5,1695059403377,16,5502,158936
5,1695059403377,18,5502,158954
5,1695059403377,20,5502,158974
5,1695059403377,41,5534,159015
5,1695059403377,20,5502,159035
5,1695059403377,20,5534,159055
5,1695059403377,23,5526,159078
5,1695059403377,17,5502,159095
5,1695059403377,20,5502,159115
5,1695059403377,20,5502,159135
5,1695059403377,23,5502,159158
5,1695059403377,18,5502,159176
5,1695059403377,20,5502,159196
5,1695059403377,23,5502,159219
5,1695059403377,20,5502,159239
5,1695059403377,18,5486,159257
5,1695059403377,20,5502,159277
5,1695059403377,23,5486,159300
5,1695059403377,20,5470,159320
5,1695059403377,18,5486,159338
5,1695059403377,20,5470,159358
5,1695059403377,24,5470,159382
5,1695059403377,17,5470,159399
5,1695059403377,20,5438,159419
5,1695059403377,20,5438,159439
5,1695059403377,27,5438,159466
5,1695059403377,16,5438,159482
5,1695059403377,34,5422,159516
5,1695059403377,30,5422,159546
5,1695059403377,16,5406,159562
5,1695059403377,18,5406,159580
5,1695059403377,20,5406,159600
5,1695059403377,41,5374,159641
5,1695059403377,20,5374,159661
5,1695059403377,21,5406,159682
5,1695059403377,23,5406,159705
5,1695059403377,17,5406,159722
5,1695059403377,20,5422,159742
5,1695059403377,20,5422,159762
5,1695059403377,23,5422,159785
5,1695059403377,18,5422,159803
5,1695059403377,20,5422,159823
5,1695059403377,24,5406,159847
5,1695059403377,20,5422,159867
5,1695059403377,17,5406,159884
5,1695059403377,20,5406,159904
5,1695059403377,23,5406,159927
5,1695059403377,18,5406,159945
5,1695059403377,20,5406,159965
5,1695059403377,20,5406,159985
5,1695059403377,23,5374,160008
5,1695059403377,18,5374,160026
5,1695059403377,20,5374,160046
5,1695059403377,20,5374,160066
5,1695059403377,21,5374,160087
5,1695059403377,19,5374,160106
5,1695059403377,20,5374,160126
5,1695059403377,20,5374,160146
5,1695059403377,27,5374,160173
5,1695059403377,16,5358,160189
5,1695059403377,18,5358,160207
5,1695059403377,20,5342,160227
5,1695059403377,36,5358,160263
5,1695059403377,11,5342,160274
5,1695059403377,16,5334,160290
5,1695059403377,17,5310,160307
5,1695059403377,23,5310,160330
5,1695059403377,18,5310,160348
5,1695059403377,20,5310,160368
5,1695059403377,20,5294,160388
5,1695059403377,23,5294,160411
5,1695059403377,18,5294,160429
5,1695059403377,20,5302,160449
5,1695059403377,23,5310,160472
5,1695059403377,20,5310,160492
5,1695059403377,18,5310,160510
5,1695059403377,20,5310,160530
5,1695059403377,23,5310,160553
5,1695059403377,18,5310,160571
5,1695059403377,21,5310,160592
5,1695059403377,20,5310,160612
5,1695059403377,27,5310,160639
5,1695059403377,16,5310,160655
5,1695059403377,18,5310,160673
5,1695059403377,20,5302,160693
5,1695059403377,27,5294,160720
5,1695059403377,16,5294,160736
5,1695059403377,18,5294,160754
5,1695059403377,20,5294,160774
5,1695059403377,41,5278,160815
5,1695059403377,20,5278,160835
5,1695059403377,20,5278,160855
5,1695059403377,24,5278,160879
5,1695059403377,37,5270,160916
5,1695059403377,20,5246,160936
5,1695059403377,24,5246,160960
5,1695059403377,34,5246,160994
5,1695059403377,23,5230,161017
5,1695059403377,23,5230,161040
5,1695059403377,18,5230,161058
5,1695059403377,20,5214,161078
5,1695059403377,23,5214,161101
5,1695059403377,20,5214,161121
5,1695059403377,18,5210,161139
5,1695059403377,20,5206,161159
5,1695059403377,23,5206,161182
5,1695059403377,18,5198,161200
5,1695059403377,20,5198,161220
5,1695059403377,20,5198,161240
5,1695059403377,28,5206,161268
5,1695059403377,16,5214,161284
5,1695059403377,17,5214,161301
5,1695059403377,20,5214,161321
5,1695059403377,27,5214,161348
5,1695059403377,16,5214,161364
5,1695059403377,18,5214,161382
5,1695059403377,20,5214,161402
5,1695059403377,41,5198,161443
5,1695059403377,20,5198,161463
5,1695059403377,20,5198,161483
5,1695059403377,24,5182,161507
5,1695059403377,16,5198,161523
5,1695059403377,20,5182,161543
5,1695059403377,20,5182,161563
5,1695059403377,23,5182,161586
5,1695059403377,18,5182,161604
5,1695059403377,20,5182,161624
5,1695059403377,20,5182,161644
5,1695059403377,23,5182,161667
5,1695059403377,19,5166,161686
5,1695059403377,34,5166,161720
5,1695059403377,24,5118,161744
5,1695059403377,16,5150,161760
5,1695059403377,11,5118,161771
5,1695059403377,39,5118,161810
5,1695059403377,18,5118,161828
5,1695059403377,20,5118,161848
5,1695059403377,20,5118,161868
5,1695059403377,27,5118,161895
5,1695059403377,16,5118,161911
5,1695059403377,18,5118,161929
5,1695059403377,20,5118,161949
5,1695059403377,27,5118,161976
5,1695059403377,16,5118,161992
5,1695059403377,18,5118,162010
5,1695059403377,20,5118,162030
5,1695059403377,41,5118,162071
5,1695059403377,20,5118,162091
5,1695059403377,20,5118,162111
5,1695059403377,23,5118,162134
5,1695059403377,17,5118,162151
5,1695059403377,20,5118,162171
5,1695059403377,20,5118,162191
5,1695059403377,20,5118,162211
5,1695059403377,20,5118,162231
5,1695059403377,20,5118,162251
5,1695059403377,24,5102,162275
5,1695059403377,20,5102,162295
5,1695059403377,16,5110,162311
5,1695059403377,20,5102,162331
5,1695059403377,23,5102,162354
5,1695059403377,20,5102,162374
5,1695059403377,18,5102,162392
5,1695059403377,21,5086,162413
5,1695059403377,22,5086,162435
5,1695059403377,18,5070,162453
5,1695059403377,20,5070,162473
5,1695059403377,20,5054,162493
5,1695059403377,28,5054,162521
5,1695059403377,34,5054,162555
5,1695059403377,19,5054,162574
5,1695059403377,27,5054,162601
5,1695059403377,16,5054,162617
5,1695059403377,18,5054,162635
5,1695059403377,20,5054,162655
5,1695059403377,41,5054,162696
5,1695059403377,20,5054,162716
5,1695059403377,20,5070,162736
5,1695059403377,23,5070,162759
5,1695059403377,17,5078,162776
5,1695059403377,21,5054,162797
5,1695059403377,20,5070,162817
5,1695059403377,23,5070,162840
5,1695059403377,17,5070,162857
5,1695059403377,20,5078,162877
5,1695059403377,23,5054,162900
5,1695059403377,20,5054,162920
5,1695059403377,17,5054,162937
5,1695059403377,20,5054,162957
5,1695059403377,24,5054,162981
5,1695059403377,17,5054,162998
5,1695059403377,20,5054,163018
5,1695059403377,20,5054,163038
5,1695059403377,23,5054,163061
5,1695059403377,18,5046,163079
5,1695059403377,20,5046,163099
5,1695059403377,20,5046,163119
5,1695059403377,27,5022,163146
5,1695059403377,16,5038,163162
5,1695059403377,18,5038,163180
5,1695059403377,20,5022,163200
5,1695059403377,27,5022,163227
5,1695059403377,16,5022,163243
5,1695059403377,18,5014,163261
5,1695059403377,20,5006,163281
5,1695059403377,41,4990,163322
5,1695059403377,20,5006,163342
5,1695059403377,20,5022,163362
5,1695059403377,23,5038,163385
5,1695059403377,17,5038,163402
5,1695059403377,20,5038,163422
5,1695059403377,20,5046,163442
5,1695059403377,25,5054,163467
5,1695059403377,36,5070,163503
5,1695059403377,23,5070,163526
5,1695059403377,21,5054,163547
5,1695059403377,17,5070,163564
5,1695059403377,20,5054,163584
5,1695059403377,23,5054,163607
5,1695059403377,17,5070,163624
5,1695059403377,20,5054,163644
5,1695059403377,20,5054,163664
5,1695059403377,23,5070,163687
5,1695059403377,17,5070,163704
5,1695059403377,20,5070,163724
5,1695059403377,20,5070,163744
5,1695059403377,27,5054,163771
5,1695059403377,16,5054,163787
5,1695059403377,18,5054,163805
5,1695059403377,20,5054,163825
5,1695059403377,27,5054,163852
5,1695059403377,16,5054,163868
5,1695059403377,18,5054,163886
5,1695059403377,21,5038,163907
5,1695059403377,40,5054,163947
5,1695059403377,20,5038,163967
5,1695059403377,21,5038,163988
5,1695059403377,41,5038,164029
5,1695059403377,19,5038,164048
5,1695059403377,20,5054,164068
5,1695059403377,23,5054,164091
5,1695059403377,17,5070,164108
5,1695059403377,20,5086,164128
5,1695059403377,23,5086,164151
5,1695059403377,20,5102,164171
5,1695059403377,17,5102,164188
5,1695059403377,20,5102,164208
5,1695059403377,23,5102,164231
5,1695059403377,17,5102,164248
5,1695059403377,20,5102,164268
5,1695059403377,20,5102,164288
5,1695059403377,21,5102,164309
5,1695059403377,19,5102,164328
5,1695059403377,20,5086,164348
5,1695059403377,20,5102,164368
5,1695059403377,27,5102,164395
5,1695059403377,16,5102,164411
5,1695059403377,18,5102,164429
5,1695059403377,20,5102,164449
5,1695059403377,41,5102,164490
5,1695059403377,20,5086,164510
5,1695059403377,20,5102,164530
5,1695059403377,24,5086,164554
5,1695059403377,16,5086,164570
5,1695059403377,20,5086,164590
5,1695059403377,20,5086,164610
5,1695059403377,24,5086,164634
5,1695059403377,18,5086,164652
5,1695059403377,34,5078,164686
5,1695059403377,19,5078,164705
5,1695059403377,11,5086,164716
5,1695059403377,36,5086,164752
5,1695059403377,23,5102,164775
5,1695059403377,20,5102,164795
5,1695059403377,17,5118,164812
5,1695059403377,20,5118,164832
5,1695059403377,23,5118,164855
5,1695059403377,18,5118,164873
5,1695059403377,20,5118,164893
5,1695059403377,20,5118,164913
5,1695059403377,27,5118,164940
5,1695059403377,16,5166,164956
5,1695059403377,17,5166,164973
5,1695059403377,20,5166,164993
5,1695059403377,27,5166,165020
5,1695059403377,16,5166,165036
5,1695059403377,17,5174,165053
5,1695059403377,20,5182,165073
5,1695059403377,41,5166,165114
5,1695059403377,21,5182,165135
5,1695059403377,20,5174,165155
5,1695059403377,41,5182,165196
5,1695059403377,20,5182,165216
5,1695059403377,20,5174,165236
5,1695059403377,23,5182,165259
5,1695059403377,17,5166,165276
5,1695059403377,20,5166,165296
5,1695059403377,23,5166,165319
5,1695059403377,20,5166,165339
5,1695059403377,17,5166,165356
5,1695059403377,20,5166,165376
5,1695059403377,23,5150,165399
5,1695059403377,21,5150,165420
5,1695059403377,34,5118,165454
5,1695059403377,26,5118,165480
5,1695059403377,18,5166,165498
5,1695059403377,20,5150,165518
5,1695059403377,20,5166,165538
5,1695059403377,27,5182,165565
5,1695059403377,16,5182,165581
5,1695059403377,17,5198,165598
5,1695059403377,20,5214,165618
5,1695059403377,27,5214,165645
5,1695059403377,16,5230,165661
5,1695059403377,17,5214,165678
5,1695059403377,20,5230,165698
5,1695059403377,41,5246,165739
5,1695059403377,20,5230,165759
5,1695059403377,20,5246,165779
5,1695059403377,23,5246,165802
5,1695059403377,17,5246,165819
5,1695059403377,20,5246,165839
5,1695059403377,20,5246,165859
5,1695059403377,23,5246,165882
5,1695059403377,17,5270,165899
5,1695059403377,20,5246,165919
5,1695059403377,23,5246,165942
5,1695059403377,20,5270,165962
5,1695059403377,17,5246,165979
5,1695059403377,20,5278,165999
5,1695059403377,23,5270,166022
5,1695059403377,18,5246,166040
5,1695059403377,20,5246,166060
5,1695059403377,20,5246,166080
5,1695059403377,23,5246,166103
5,1695059403377,35,5246,166138
5,1695059403377,23,5246,166161
5,1695059403377,27,5246,166188
5,1695059403377,16,5246,166204
5,1695059403377,17,5246,166221
5,1695059403377,20,5246,166241
5,1695059403377,27,5230,166268
5,1695059403377,16,5246,166284
5,1695059403377,17,5246,166301
5,1695059403377,20,5246,166321
5,1695059403377,41,5278,166362
5,1695059403377,20,5278,166382
5,1695059403377,20,5294,166402
5,1695059403377,20,5294,166422
5,1695059403377,20,5310,166442
5,1695059403377,20,5310,166462
5,1695059403377,20,5326,166482
5,1695059403377,24,5326,166506
5,1695059403377,37,5342,166543
5,1695059403377,23,5334,166566
5,1695059403377,20,5342,166586
5,1695059403377,17,5342,166603
5,1695059403377,20,5342,166623
5,1695059403377,23,5342,166646
5,1695059403377,17,5342,166663
5,1695059403377,20,5342,166683
5,1695059403377,20,5358,166703
5,1695059403377,23,5342,166726
5,1695059403377,17,5342,166743
5,1695059403377,20,5358,166763
5,1695059403377,20,5358,166783
5,1695059403377,27,5342,166810
5,1695059403377,16,5358,166826
5,1695059403377,17,5358,166843
5,1695059403377,20,5342,166863
5,1695059403377,27,5342,166890
5,1695059403377,16,5342,166906
5,1695059403377,17,5342,166923
5,1695059403377,21,5342,166944
5,1695059403377,40,5334,166984
5,1695059403377,21,5334,167005
5,1695059403377,37,5310,167042
5,1695059403377,23,5310,167065
5,1695059403377,20,5310,167085
5,1695059403377,20,5310,167105
5,1695059403377,23,5310,167128
5,1695059403377,17,5310,167145
5,1695059403377,20,5310,167165
5,1695059403377,23,5334,167188
5,1695059403377,21,5342,167209
5,1695059403377,18,5342,167227
5,1695059403377,20,5342,167247
5,1695059403377,23,5374,167270
5,1695059403377,17,5374,167287
5,1695059403377,20,5374,167307
5,1695059403377,20,5374,167327
5,1695059403377,23,5374,167350
5,1695059403377,17,5374,167367
5,1695059403377,20,5406,167387
5,1695059403377,20,5406,167407
5,1695059403377,27,5406,167434
5,1695059403377,16,5374,167450
5,1695059403377,17,5406,167467
5,1695059403377,20,5406,167487
5,1695059403377,27,5406,167514
5,1695059403377,16,5374,167530
5,1695059403377,17,5406,167547
5,1695059403377,21,5406,167568
5,1695059403377,40,5406,167608
5,1695059403377,20,5406,167628
5,1695059403377,20,5406,167648
5,1695059403377,23,5374,167671
5,1695059403377,17,5406,167688
5,1695059403377,20,5374,167708
5,1695059403377,20,5374,167728
5,1695059403377,23,5406,167751
5,1695059403377,17,5374,167768
5,1695059403377,20,5374,167788
5,1695059403377,23,5374,167811
5,1695059403377,21,5374,167832
5,1695059403377,18,5374,167850
5,1695059403377,20,5374,167870
5,1695059403377,23,5358,167893
5,1695059403377,18,5374,167911
5,1695059403377,20,5358,167931
5,1695059403377,20,5342,167951
5,1695059403377,27,5342,167978
5,1695059403377,16,5342,167994
5,1695059403377,17,5342,168011
5,1695059403377,20,5342,168031
5,1695059403377,27,5358,168058
5,1695059403377,16,5374,168074
5,1695059403377,17,5374,168091
5,1695059403377,20,5374,168111
5,1695059403377,41,5374,168152
5,1695059403377,20,5374,168172
5,1695059403377,20,5374,168192
5,1695059403377,24,5374,168216
5,1695059403377,37,5406,168253
5,1695059403377,20,5374,168273
5,1695059403377,23,5406,168296
5,1695059403377,17,5406,168313
5,1695059403377,21,5406,168334
5,1695059403377,20,5406,168354
5,1695059403377,24,5406,168378
5,1695059403377,37,5406,168415
5,1695059403377,23,5406,168438
5,1695059403377,21,5374,168459
5,1695059403377,34,5374,168493
5,1695059403377,24,5406,168517
5,1695059403377,19,5374,168536
5,1695059403377,20,5374,168556
5,1695059403377,20,5374,168576
5,1695059403377,27,5374,168603
5,1695059403377,16,5374,168619
5,1695059403377,17,5374,168636
5,1695059403377,20,5374,168656
5,1695059403377,27,5366,168683
5,1695059403377,16,5374,168699
5,1695059403377,17,5358,168716
5,1695059403377,20,5358,168736
5,1695059403377,41,5342,168777
5,1695059403377,20,5342,168797
5,1695059403377,20,5334,168817
5,1695059403377,24,5326,168841
5,1695059403377,16,5310,168857
5,1695059403377,20,5310,168877
5,1695059403377,20,5326,168897
5,1695059403377,23,5342,168920
5,1695059403377,17,5342,168937
5,1695059403377,20,5358,168957
5,1695059403377,23,5342,168980
5,1695059403377,21,5342,169001
5,1695059403377,17,5358,169018
5,1695059403377,20,5366,169038
5,1695059403377,24,5358,169062
5,1695059403377,21,5358,169083
5,1695059403377,37,5358,169120
5,1695059403377,23,5358,169143
5,1695059403377,18,5358,169161
5,1695059403377,20,5358,169181
5,1695059403377,20,5358,169201
5,1695059403377,27,5358,169228
5,1695059403377,16,5342,169244
5,1695059403377,17,5358,169261
5,1695059403377,20,5342,169281
5,1695059403377,27,5342,169308
5,1695059403377,16,5342,169324
5,1695059403377,17,5342,169341
5,1695059403377,21,5342,169362
5,1695059403377,40,5334,169402
5,1695059403377,20,5326,169422
5,1695059403377,20,5326,169442
5,1695059403377,23,5310,169465
5,1695059403377,16,5310,169481
5,1695059403377,20,5310,169501
5,1695059403377,20,5310,169521
5,1695059403377,24,5302,169545
5,1695059403377,37,5278,169582
5,1695059403377,23,5294,169605
5,1695059403377,21,5278,169626
5,1695059403377,17,5278,169643
5,1695059403377,21,5278,169664
5,1695059403377,22,5278,169686
5,1695059403377,18,5246,169704
5,1695059403377,20,5246,169724
5,1695059403377,20,5246,169744
5,1695059403377,23,5246,169767
5,1695059403377,17,5278,169784
5,1695059403377,20,5278,169804
5,1695059403377,20,5294,169824
5,1695059403377,27,5294,169851
5,1695059403377,16,5294,169867
5,1695059403377,17,5278,169884
5,1695059403377,20,5294,169904
5,1695059403377,27,5294,169931
5,1695059403377,16,5278,169947
5,1695059403377,17,5294,169964
5,1695059403377,20,5294,169984
5,1695059403377,41,5278,170025
5,1695059403377,20,5294,170045
5,1695059403377,20,5278,170065
5,1695059403377,23,5294,170088
5,1695059403377,17,5278,170105
5,1695059403377,20,5278,170125
5,1695059403377,20,5278,170145
5,1695059403377,23,5278,170168
5,1695059403377,17,5278,170185
5,1695059403377,20,5270,170205
5,1695059403377,24,5278,170229
5,1695059403377,37,5246,170266
5,1695059403377,20,5246,170286
5,1695059403377,23,5246,170309
5,1695059403377,18,5246,170327
5,1695059403377,20,5246,170347
5,1695059403377,20,5246,170367
5,1695059403377,23,5230,170390
5,1695059403377,17,5230,170407
5,1695059403377,20,5230,170427
5,1695059403377,20,5214,170447
5,1695059403377,27,5214,170474
5,1695059403377,16,5206,170490
5,1695059403377,17,5206,170507
5,1695059403377,20,5206,170527
5,1695059403377,27,5206,170554
5,1695059403377,16,5214,170570
5,1695059403377,16,5214,170586
5,1695059403377,20,5214,170606
5,1695059403377,20,5214,170626
5,1695059403377,20,5214,170646
5,1695059403377,20,5214,170666
5,1695059403377,20,5214,170686
5,1695059403377,23,5230,170709
5,1695059403377,17,5230,170726
5,1695059403377,20,5214,170746
5,1695059403377,20,5214,170766
5,1695059403377,23,5230,170789
5,1695059403377,17,5214,170806
5,1695059403377,20,5214,170826
5,1695059403377,23,5214,170849
5,1695059403377,21,5214,170870
5,1695059403377,17,5214,170887
5,1695059403377,20,5214,170907
5,1695059403377,23,5206,170930
5,1695059403377,17,5198,170947
5,1695059403377,20,5206,170967
5,1695059403377,20,5182,170987
5,1695059403377,23,5182,171010
5,1695059403377,35,5182,171045
5,1695059403377,23,5182,171068
5,1695059403377,28,5182,171096
5,1695059403377,16,5182,171112
5,1695059403377,37,5166,171149
5,1695059403377,27,5182,171176
5,1695059403377,17,5166,171193
5,1695059403377,17,5150,171210
5,1695059403377,20,5118,171230
5,1695059403377,41,5118,171271
5,1695059403377,20,5118,171291
5,1695059403377,20,5118,171311
5,1695059403377,23,5118,171334
5,1695059403377,17,5118,171351
5,1695059403377,20,5118,171371
5,1695059403377,20,5118,171391
5,1695059403377,23,5118,171414
5,1695059403377,17,5150,171431
5,1695059403377,20,5118,171451
5,1695059403377,23,5150,171474
5,1695059403377,21,5118,171495
5,1695059403377,17,5118,171512
5,1695059403377,20,5118,171532
5,1695059403377,23,5118,171555
5,1695059403377,18,5166,171573
5,1695059403377,20,5118,171593
5,1695059403377,20,5118,171613
5,1695059403377,27,5118,171640
5,1695059403377,17,5118,171657
5,1695059403377,17,5118,171674
5,1695059403377,20,5118,171694
5,1695059403377,27,5118,171721
5,1695059403377,17,5118,171738
5,1695059403377,17,5118,171755
5,1695059403377,20,5118,171775
5,1695059403377,41,5118,171816
5,1695059403377,20,5118,171836
5,1695059403377,20,5110,171856
5,1695059403377,24,5118,171880
5,1695059403377,37,5118,171917
5,1695059403377,21,5102,171938
5,1695059403377,40,5102,171978
5,1695059403377,20,5086,171998
5,1695059403377,20,5086,172018
5,1695059403377,24,5086,172042
5,1695059403377,37,5086,172079
5,1695059403377,23,5086,172102
5,1695059403377,21,5102,172123
5,1695059403377,17,5086,172140
5,1695059403377,20,5110,172160
5,1695059403377,23,5102,172183
5,1695059403377,17,5118,172200
5,1695059403377,20,5118,172220
5,1695059403377,20,5110,172240
5,1695059403377,27,5118,172267
5,1695059403377,17,5118,172284
5,1695059403377,17,5118,172301
5,1695059403377,20,5118,172321
5,1695059403377,28,5118,172349
5,1695059403377,17,5118,172366
5,1695059403377,38,5118,172404
5,1695059403377,39,5118,172443
5,1695059403377,20,5118,172463
5,1695059403377,20,5118,172483
5,1695059403377,24,5118,172507
5,1695059403377,16,5118,172523
5,1695059403377,20,5118,172543
5,1695059403377,20,5110,172563
5,1695059403377,23,5102,172586
5,1695059403377,18,5102,172604
5,1695059403377,20,5102,172624
5,1695059403377,21,5118,172645
5,1695059403377,16,5102,172661
5,1695059403377,24,5102,172685
5,1695059403377,20,5102,172705
5,1695059403377,23,5086,172728
5,1695059403377,20,5086,172748
5,1695059403377,19,5086,172767
5,1695059403377,34,5086,172801
5,1695059403377,22,5086,172823
5,1695059403377,11,5086,172834
5,1695059403377,16,5086,172850
5,1695059403377,18,5102,172868
5,1695059403377,27,5102,172895
5,1695059403377,16,5118,172911
5,1695059403377,18,5118,172929
5,1695059403377,20,5118,172949
5,1695059403377,27,5118,172976
5,1695059403377,16,5118,172992
5,1695059403377,18,5118,173010
5,1695059403377,20,5118,173030
5,1695059403377,41,5118,173071
5,1695059403377,20,5118,173091
5,1695059403377,20,5118,173111
5,1695059403377,24,5118,173135
5,1695059403377,13,5118,173148
5,1695059403377,20,5150,173168
5,1695059403377,20,5118,173188
5,1695059403377,24,5150,173212
5,1695059403377,19,5150,173231
5,1695059403377,20,5118,173251
5,1695059403377,24,5118,173275
5,1695059403377,20,5150,173295
5,1695059403377,17,5166,173312
5,1695059403377,20,5166,173332
5,1695059403377,23,5150,173355
5,1695059403377,18,5118,173373
5,1695059403377,20,5118,173393
5,1695059403377,20,5118,173413
5,1695059403377,23,5118,173436
5,1695059403377,18,5118,173454
5,1695059403377,34,5118,173488
5,1695059403377,7,5118,173495
5,1695059403377,26,5118,173521
5,1695059403377,16,5118,173537
5,1695059403377,18,5118,173555
5,1695059403377,20,5118,173575
5,1695059403377,27,5118,173602
5,1695059403377,16,5118,173618
5,1695059403377,18,5166,173636
5,1695059403377,20,5166,173656
5,1695059403377,41,5182,173697
5,1695059403377,20,5182,173717
5,1695059403377,20,5198,173737
5,1695059403377,23,5198,173760
5,1695059403377,17,5206,173777
5,1695059403377,20,5214,173797
5,1695059403377,20,5214,173817
5,1695059403377,23,5206,173840
5,1695059403377,18,5214,173858
5,1695059403377,20,5214,173878
5,1695059403377,23,5214,173901
5,1695059403377,20,5214,173921
5,1695059403377,18,5214,173939
5,1695059403377,20,5214,173959
5,1695059403377,23,5230,173982
5,1695059403377,18,5214,174000
5,1695059403377,20,5214,174020
5,1695059403377,20,5214,174040
5,1695059403377,24,5214,174064
5,1695059403377,17,5230,174081
5,1695059403377,20,5230,174101
5,1695059403377,20,5214,174121
5,1695059403377,28,5214,174149
5,1695059403377,34,5214,174183
5,1695059403377,20,5214,174203
5,1695059403377,26,5214,174229
5,1695059403377,17,5214,174246
5,1695059403377,17,5214,174263
5,1695059403377,20,5214,174283
5,1695059403377,41,5214,174324
5,1695059403377,20,5230,174344
5,1695059403377,20,5246,174364
5,1695059403377,24,5246,174388
5,1695059403377,37,5246,174425
5,1695059403377,20,5278,174445
5,1695059403377,41,5294,174486
5,1695059403377,20,5294,174506
5,1695059403377,23,5294,174529
5,1695059403377,21,5310,174550
5,1695059403377,37,5310,174587
5,1695059403377,23,5302,174610
5,1695059403377,18,5310,174628
5,1695059403377,20,5310,174648
5,1695059403377,20,5310,174668
5,1695059403377,21,5310,174689
5,1695059403377,19,5310,174708
5,1695059403377,20,5310,174728
5,1695059403377,20,5310,174748
5,1695059403377,27,5310,174775
5,1695059403377,17,5326,174792
5,1695059403377,17,5326,174809
5,1695059403377,20,5334,174829
5,1695059403377,21,5334,174850
5,1695059403377,19,5326,174869
5,1695059403377,21,5326,174890
5,1695059403377,32,5310,174922
5,1695059403377,28,5310,174950
5,1695059403377,20,5326,174970
5,1695059403377,20,5310,174990
5,1695059403377,24,5310,175014
5,1695059403377,37,5310,175051
5,1695059403377,20,5310,175071
5,1695059403377,24,5326,175095
5,1695059403377,17,5342,175112
5,1695059403377,20,5342,175132
5,1695059403377,24,5358,175156
5,1695059403377,37,5366,175193
5,1695059403377,20,5374,175213
5,1695059403377,23,5374,175236
5,1695059403377,17,5374,175253
5,1695059403377,20,5374,175273
5,1695059403377,20,5374,175293
6,1695059757371,0,8190,0
6,1695059757371,17,8190,17
6,1695059757371,16,8190,33
6,1695059757371,19,8126,52
6,1695059757371,27,8062,79
6,1695059757371,15,7998,94
6,1695059757371,16,7934,110
6,1695059757371,23,7870,133
6,1695059757371,27,7806,160
6,1695059757371,12,7742,172
6,1695059757371,22,7678,194
6,1695059757371,20,7614,214
6,1695059757371,41,7550,255
6,1695059757371,20,7486,275
6,1695059757371,20,7414,295
6,1695059757371,22,7382,317
6,1695059757371,15,7390,332
6,1695059757371,23,7390,355
6,1695059757371,17,7390,372
6,1695059757371,23,7390,395
6,1695059757371,20,7406,415
6,1695059757371,20,7422,435
6,1695059757371,17,7422,452
6,1695059757371,23,7422,475
6,1695059757371,17,7422,492
6,1695059757371,23,7422,515
6,1695059757371,20,7422,535
6,1695059757371,20,7422,555
6,1695059757371,20,7422,575
6,1695059757371,20,7454,595
6,1695059757371,27,7470,622
6,1695059757371,15,7470,637
6,1695059757371,19,7486,656
6,1695059757371,20,7486,676
6,1695059757371,21,7486,697
6,1695059757371,19,7510,716
6,1695059757371,20,7502,736
6,1695059757371,20,7518,756
6,1695059757371,41,7518,797
6,1695059757371,20,7518,817
6,1695059757371,20,7518,837
6,1695059757371,41,7518,878
6,1695059757371,20,7518,898
6,1695059757371,20,7518,918
6,1695059757371,22,7534,940
6,1695059757371,20,7582,960
6,1695059757371,17,7518,977
6,1695059757371,22,7454,999
6,1695059757371,22,7390,1021
6,1695059757371,19,7366,1040
6,1695059757371,20,7366,1060
6,1695059757371,23,7350,1083
6,1695059757371,19,7334,1102
6,1695059757371,19,7334,1121
6,1695059757371,20,7302,1141
6,1695059757371,23,7334,1164
6,1695059757371,18,7318,1182
6,1695059757371,20,7302,1202
6,1695059757371,20,7270,1222
6,1695059757371,27,7238,1249
6,1695059757371,15,7222,1264
6,1695059757371,19,7198,1283
6,1695059757371,20,7158,1303
6,1695059757371,27,7126,1330
6,1695059757371,15,7110,1345
6,1695059757371,19,7078,1364
6,1695059757371,20,7046,1384
6,1695059757371,41,7078,1425
6,1695059757371,20,7046,1445
6,1695059757371,20,7014,1465
6,1695059757371,23,6982,1488
6,1695059757371,18,6966,1506
6,1695059757371,20,6950,1526
6,1695059757371,20,6918,1546
6,1695059757371,22,6910,1568
6,1695059757371,19,6886,1587
6,1695059757371,20,6886,1607
6,1695059757371,23,6854,1630
6,1695059757371,19,6854,1649
6,1695059757371,19,6838,1668
6,1695059757371,20,6822,1688
6,1695059757371,23,6790,1711
6,1695059757371,15,6758,1726
6,1695059757371,23,6726,1749
6,1695059757371,20,6694,1769
6,1695059757371,27,6662,1796
6,1695059757371,15,6630,1811
6,1695059757371,18,6598,1829
6,1695059757371,20,6566,1849
6,1695059757371,28,6550,1877
6,1695059757371,15,6502,1892
6,1695059757371,17,6470,1909
6,1695059757371,20,6438,1929
6,1695059757371,41,6430,1970
6,1695059757371,20,6406,1990
6,1695059757371,20,6342,2010
6,1695059757371,24,6310,2034
6,1695059757371,16,6270,2050
6,1695059757371,20,6238,2070
6,1695059757371,20,6182,2090
6,1695059757371,22,6134,2112
6,1695059757371,18,6086,2130
6,1695059757371,20,6022,2150
6,1695059757371,20,6022,2170
6,1695059757371,22,5990,2192
6,1695059757371,18,6014,2210
6,1695059757371,20,6078,2230
6,1695059757371,23,6134,2253
6,1695059757371,19,6142,2272
6,1695059757371,18,6238,2290
6,1695059757371,20,6270,2310
6,1695059757371,24,6302,2334
6,1695059757371,17,6326,2351
6,1695059757371,20,6366,2371
6,1695059757371,20,6366,2391
6,1695059757371,27,6398,2418
6,1695059757371,15,6430,2433
6,1695059757371,19,6454,2452
6,1695059757371,20,6486,2472
6,1695059757371,27,6494,2499
6,1695059757371,15,6510,2514
6,1695059757371,39,6558,2553
6,1695059757371,21,6574,2574
6,1695059757371,20,6590,2594
6,1695059757371,20,6614,2614
6,1695059757371,20,6622,2634
6,1695059757371,23,6622,2657
6,1695059757371,14,6638,2671
6,1695059757371,24,6638,2695
6,1695059757371,20,6646,2715
6,1695059757371,22,6638,2737
6,1695059757371,18,6638,2755
6,1695059757371,20,6638,2775
6,1695059757371,23,6638,2798
6,1695059757371,19,6638,2817
6,1695059757371,19,6654,2836
6,1695059757371,20,6654,2856
6,1695059757371,23,6686,2879
6,1695059757371,18,6718,2897
6,1695059757371,21,6750,2918
6,1695059757371,20,6766,2938
6,1695059757371,23,6766,2961
6,1695059757371,18,6774,2979
6,1695059757371,20,6774,2999
6,1695059757371,20,6782,3019
6,1695059757371,28,6782,3047
6,1695059757371,15,6782,3062
6,1695059757371,17,6782,3079
6,1695059757371,20,6782,3099
6,1695059757371,27,6782,3126
6,1695059757371,15,6766,3141
6,1695059757371,18,6766,3159
6,1695059757371,20,6766,3179
6,1695059757371,41,6750,3220
6,1695059757371,20,6750,3240
6,1695059757371,20,6718,3260
6,1695059757371,22,6718,3282
6,1695059757371,18,6718,3300
6,1695059757371,20,6718,3320
6,1695059757371,20,6702,3340
6,1695059757371,22,6654,3362
6,1695059757371,18,6654,3380
6,1695059757371,20,6654,3400
6,1695059757371,23,6654,3423
6,1695059757371,20,6638,3443
6,1695059757371,18,6622,3461
6,1695059757371,20,6614,3481
6,1695059757371,23,6614,3504
6,1695059757371,18,6590,3522
6,1695059757371,20,6590,3542
6,1695059757371,20,6614,3562
6,1695059757371,27,6614,3589
6,1695059757371,16,6614,3605
6,1695059757371,18,6622,3623
6,1695059757371,20,6590,3643
6,1695059757371,27,6590,3670
6,1695059757371,16,6590,3686
6,1695059757371,35,6558,3721
6,1695059757371,44,6526,3765
6,1695059757371,20,6526,3785
6,1695059757371,20,6510,3805
6,1695059757371,24,6494,3829
6,1695059757371,16,6478,3845
6,1695059757371,20,6462,3865
6,1695059757371,20,6462,3885
6,1695059757371,23,6430,3908
6,1695059757371,17,6430,3925
6,1695059757371,20,6398,3945
6,1695059757371,23,6398,3968
6,1695059757371,20,6382,3988
6,1695059757371,18,6366,4006
6,1695059757371,20,6334,4026
6,1695059757371,23,6334,4049
6,1695059757371,20,6318,4069
6,1695059757371,18,6294,4087
6,1695059757371,20,6270,4107
6,1695059757371,23,6254,4130
6,1695059757371,18,6254,4148
6,1695059757371,20,6206,4168
6,1695059757371,20,6206,4188
6,1695059757371,27,6206,4215
6,1695059757371,16,6142,4231
6,1695059757371,18,6142,4249
6,1695059757371,20,6142,4269
6,1695059757371,27,6142,4296
6,1695059757371,16,6142,4312
6,1695059757371,18,6142,4330
6,1695059757371,20,6110,4350
6,1695059757371,20,6110,4370
6,1695059757371,20,6078,4390
6,1695059757371,21,6070,4411
6,1695059757371,36,6046,4447
6,1695059757371,24,6014,4471
6,1695059757371,20,5998,4491
6,1695059757371,21,5982,4512
6,1695059757371,23,5966,4535
6,1695059757371,17,5950,4552
6,1695059757371,20,5934,4572
6,1695059757371,23,5886,4595
6,1695059757371,20,5886,4615
6,1695059757371,18,5886,4633
6,1695059757371,20,5870,4653
6,1695059757371,23,5854,4676
6,1695059757371,17,5822,4693
6,1695059757371,20,5822,4713
6,1695059757371,20,5790,4733
6,1695059757371,23,5758,4756
6,1695059757371,18,5758,4774
6,1695059757371,20,5742,4794
6,1695059757371,20,5726,4814
6,1695059757371,27,5694,4841
6,1695059757371,34,5678,4875
6,1695059757371,20,5630,4895
6,1695059757371,28,5630,4923
6,1695059757371,16,5630,4939
6,1695059757371,17,5630,4956
6,1695059757371,20,5630,4976
6,1695059757371,41,5614,5017
6,1695059757371,20,5598,5037
6,1695059757371,20,5582,5057
6,1695059757371,23,5566,5080
6,1695059757371,18,5550,5098
6,1695059757371,20,5534,5118
6,1695059757371,20,5502,5138
6,1695059757371,23,5502,5161
6,1695059757371,17,5486,5178
6,1695059757371,20,5470,5198
6,1695059757371,23,5470,5221
6,1695059757371,20,5438,5241
6,1695059757371,18,5438,5259
6,1695059757371,20,5422,5279
6,1695059757371,23,5406,5302
6,1695059757371,18,5374,5320
6,1695059757371,20,5374,5340
6,1695059757371,20,5358,5360
6,1695059757371,27,5342,5387
6,1695059757371,16,5334,5403
6,1695059757371,18,5310,5421
6,1695059757371,20,5310,5441
6,1695059757371,27,5278,5468
6,1695059757371,16,5246,5484
6,1695059757371,19,5246,5503
6,1695059757371,32,5238,5535
6,1695059757371,29,5214,5564
6,1695059757371,20,5198,5584
6,1695059757371,20,5182,5604
6,1695059757371,24,5182,5628
6,1695059757371,16,5182,5644
6,1695059757371,20,5182,5664
6,1695059757371,20,5174,5684
6,1695059757371,23,5166,5707
6,1695059757371,18,5166,5725
6,1695059757371,20,5118,5745
6,1695059757371,23,5118,5768
6,1695059757371,20,5118,5788
6,1695059757371,18,5118,5806
6,1695059757371,20,5102,5826
6,1695059757371,23,5102,5849
6,1695059757371,20,5078,5869
6,1695059757371,18,5078,5887
6,1695059757371,20,5054,5907
6,1695059757371,23,5054,5930
6,1695059757371,18,5038,5948
6,1695059757371,20,5038,5968
6,1695059757371,20,5022,5988
6,1695059757371,28,4990,6016
6,1695059757371,16,4990,6032
6,1695059757371,17,4990,6049
6,1695059757371,20,4974,6069
6,1695059757371,27,4958,6096
6,1695059757371,16,4958,6112
6,1695059757371,18,4942,6130
6,1695059757371,20,4926,6150
6,1695059757371,41,4910,6191
6,1695059757371,20,4894,6211
6,1695059757371,21,4862,6232
6,1695059757371,35,4862,6267
6,1695059757371,11,4854,6278
6,1695059757371,16,4846,6294
6,1695059757371,18,4830,6312
6,1695059757371,23,4830,6335
6,1695059757371,18,4822,6353
6,1695059757371,20,4822,6373
6,1695059757371,23,4822,6396
6,1695059757371,20,4830,6416
6,1695059757371,18,4822,6434
6,1695059757371,20,4814,6454
6,1695059757371,24,4798,6478
6,1695059757371,17,4790,6495
6,1695059757371,20,4790,6515
6,1695059757371,21,4782,6536
6,1695059757371,41,4758,6577
6,1695059757371,20,4734,6597
6,1695059757371,20,4734,6617
6,1695059757371,27,4734,6644
6,1695059757371,16,4718,6660
6,1695059757371,17,4718,6677
6,1695059757371,20,4718,6697
6,1695059757371,27,4702,6724
6,1695059757371,16,4702,6740
6,1695059757371,18,4686,6758
6,1695059757371,20,4670,6778
6,1695059757371,41,4670,6819
6,1695059757371,20,4654,6839
6,1695059757371,20,4638,6859
6,1695059757371,23,4606,6882
6,1695059757371,18,4606,6900
6,1695059757371,21,4606,6921
6,1695059757371,42,4590,6963
6,1695059757371,19,4574,6982
6,1695059757371,20,4574,7002
6,1695059757371,23,4566,7025
6,1695059757371,20,4542,7045
6,1695059757371,18,4542,7063
6,1695059757371,20,4542,7083
6,1695059757371,23,4542,7106
6,1695059757371,18,4534,7124
6,1695059757371,20,4542,7144
6,1695059757371,20,4542,7164
6,1695059757371,27,4542,7191
6,1695059757371,16,4542,7207
6,1695059757371,34,4542,7241
6,1695059757371,31,4510,7272
6,1695059757371,16,4510,7288
6,1695059757371,18,4478,7306
6,1695059757371,20,4478,7326
6,1695059757371,41,4478,7367
6,1695059757371,20,4470,7387
6,1695059757371,20,4462,7407
6,1695059757371,24,4462,7431
6,1695059757371,17,4462,7448
6,1695059757371,20,4446,7468
6,1695059757371,20,4446,7488
6,1695059757371,23,4446,7511
6,1695059757371,18,4430,7529
6,1695059757371,20,4414,7549
6,1695059757371,23,4414,7572
6,1695059757371,20,4398,7592
6,1695059757371,18,4398,7610
6,1695059757371,21,4382,7631
6,1695059757371,41,4382,7672
6,1695059757371,20,4350,7692
6,1695059757371,20,4350,7712
6,1695059757371,23,4350,7735
6,1695059757371,18,4342,7753
6,1695059757371,20,4334,7773
6,1695059757371,20,4318,7793
6,1695059757371,27,4318,7820
6,1695059757371,16,4318,7836
6,1695059757371,18,4318,7854
6,1695059757371,20,4310,7874
6,1695059757371,27,4318,7901
6,1695059757371,16,4318,7917
6,1695059757371,18,4318,7935
6,1695059757371,20,4318,7955
6,1695059757371,41,4318,7996
6,1695059757371,20,4318,8016
6,1695059757371,20,4310,8036
6,1695059757371,23,4318,8059
6,1695059757371,18,4302,8077
6,1695059757371,20,4310,8097
6,1695059757371,20,4286,8117
6,1695059757371,20,4286,8137
6,1695059757371,21,4286,8158
6,1695059757371,20,4286,8178
6,1695059757371,23,4286,8201
6,1695059757371,20,4286,8221
6,1695059757371,18,4278,8239
6,1695059757371,20,4270,8259
6,1695059757371,23,4270,8282
6,1695059757371,18,4270,8300
6,1695059757371,20,4254,8320
6,1695059757371,21,4254,8341
6,1695059757371,41,4254,8382
6,1695059757371,20,4246,8402
6,1695059757371,20,4222,8422
6,1695059757371,27,4222,8449
6,1695059757371,16,4222,8465
6,1695059757371,18,4222,8483
6,1695059757371,20,4206,8503
6,1695059757371,27,4222,8530
6,1695059757371,16,4214,8546
6,1695059757371,18,4206,8564
6,1695059757371,20,4206,8584
6,1695059757371,24,4206,8608
6,1695059757371,16,4206,8624
6,1695059757371,20,4206,8644
6,1695059757371,20,4222,8664
6,1695059757371,23,4222,8687
6,1695059757371,18,4222,8705
6,1695059757371,20,4222,8725
6,1695059757371,24,4222,8749
6,1695059757371,20,4222,8769
6,1695059757371,17,4222,8786
6,1695059757371,20,4222,8806
6,1695059757371,23,4222,8829
6,1695059757371,20,4222,8849
6,1695059757371,18,4222,8867
6,1695059757371,20,4206,8887
6,1695059757371,23,4214,8910
6,1695059757371,18,4222,8928
6,1695059757371,20,4206,8948
6,1695059757371,20,4222,8968
6,1695059757371,27,4218,8995
6,1695059757371,16,4206,9011
6,1695059757371,18,4214,9029
6,1695059757371,21,4206,9050
6,1695059757371,41,4206,9091
6,1695059757371,20,4206,9111
6,1695059757371,20,4206,9131
6,1695059757371,41,4182,9172
6,1695059757371,20,4206,9192
6,1695059757371,20,4190,9212
6,1695059757371,23,4174,9235
6,1695059757371,17,4174,9252
6,1695059757371,20,4174,9272
6,1695059757371,20,4158,9292
6,1695059757371,23,4158,9315
6,1695059757371,18,4174,9333
6,1695059757371,20,4174,9353
6,1695059757371,23,4182,9376
6,1695059757371,20,4190,9396
6,1695059757371,18,4190,9414
6,1695059757371,20,4206,9434
6,1695059757371,23,4222,9457
6,1695059757371,18,4222,9475
6,1695059757371,20,4222,9495
6,1695059757371,20,4222,9515
6,1695059757371,23,4222,9538
6,1695059757371,17,4222,9555
6,1695059757371,20,4222,9575
6,1695059757371,20,4222,9595
6,1695059757371,27,4222,9622
6,1695059757371,16,4222,9638
6,1695059757371,18,4222,9656
6,1695059757371,20,4222,9676
6,1695059757371,28,4222,9704
6,1695059757371,16,4222,9720
6,1695059757371,17,4246,9737
6,1695059757371,20,4246,9757
6,1695059757371,41,4246,9798
6,1695059757371,20,4246,9818
6,1695059757371,20,4246,9838
6,1695059757371,23,4222,9861
6,1695059757371,17,4246,9878
6,1695059757371,20,4238,9898
6,1695059757371,20,4238,9918
6,1695059757371,24,4222,9942
6,1695059757371,34,4222,9976
6,1695059757371,26,4246,10002
6,1695059757371,20,4238,10022
6,1695059757371,17,4222,10039
6,1695059757371,20,4238,10059
6,1695059757371,21,4254,10080
6,1695059757371,19,4266,10099
6,1695059757371,20,4270,10119
6,1695059757371,20,4286,10139
6,1695059757371,28,4302,10167
6,1695059757371,16,4310,10183
6,1695059757371,17,4318,10200
6,1695059757371,20,4318,10220
6,1695059757371,27,4318,10247
6,1695059757371,16,4318,10263
6,1695059757371,18,4318,10281
6,1695059757371,20,4334,10301
6,1695059757371,41,4342,10342
6,1695059757371,20,4350,10362
6,1695059757371,20,4350,10382
6,1695059757371,24,4350,10406
6,1695059757371,16,4350,10422
6,1695059757371,20,4350,10442
6,1695059757371,20,4374,10462
6,1695059757371,23,4382,10485
6,1695059757371,17,4382,10502
6,1695059757371,20,4382,10522
6,1695059757371,23,4382,10545
6,1695059757371,20,4398,10565
6,1695059757371,17,4398,10582
6,1695059757371,20,4398,10602
6,1695059757371,23,4398,10625
6,1695059757371,18,4398,10643
6,1695059757371,34,4382,10677
6,1695059757371,11,4406,10688
6,1695059757371,19,4398,10707
6,1695059757371,16,4398,10723
6,1695059757371,20,4398,10743
6,1695059757371,20,4414,10763
6,1695059757371,27,4414,10790
6,1695059757371,16,4438,10806
6,1695059757371,18,4446,10824
6,1695059757371,20,4470,10844
6,1695059757371,27,4478,10871
6,1695059757371,16,4478,10887
6,1695059757371,18,4506,10905
6,1695059757371,20,4510,10925
6,1695059757371,41,4526,10966
6,1695059757371,20,4526,10986
6,1695059757371,20,4534,11006
6,1695059757371,24,4526,11030
6,1695059757371,16,4542,11046
6,1695059757371,20,4542,11066
6,1695059757371,20,4542,11086
6,1695059757371,23,4542,11109
6,1695059757371,17,4558,11126
6,1695059757371,20,4574,11146
6,1695059757371,23,4574,11169
6,1695059757371,20,4574,11189
6,1695059757371,17,4590,11206
6,1695059757371,20,4590,11226
6,1695059757371,23,4590,11249
6,1695059757371,18,4590,11267
6,1695059757371,20,4590,11287
6,1695059757371,20,4590,11307
6,1695059757371,23,4590,11330
6,1695059757371,18,4590,11348
6,1695059757371,34,4590,11382
6,1695059757371,11,4590,11393
6,1695059757371,36,4598,11429
6,1695059757371,16,4606,11445
6,1695059757371,23,4606,11468
6,1695059757371,27,4638,11495
6,1695059757371,16,4654,11511
6,1695059757371,18,4670,11529
6,1695059757371,20,4670,11549
6,1695059757371,41,4702,11590
6,1695059757371,20,4718,11610
6,1695059757371,20,4702,11630
6,1695059757371,24,4718,11654
6,1695059757371,17,4734,11671
6,1695059757371,20,4734,11691
6,1695059757371,20,4734,11711
6,1695059757371,23,4734,11734
6,1695059757371,17,4734,11751
6,1695059757371,20,4766,11771
6,1695059757371,23,4782,11794
6,1695059757371,21,4782,11815
6,1695059757371,17,4782,11832
6,1695059757371,20,4782,11852
6,1695059757371,23,4798,11875
6,1695059757371,18,4798,11893
6,1695059757371,20,4798,11913
6,1695059757371,20,4798,11933
6,1695059757371,21,4798,11954
6,1695059757371,19,4798,11973
6,1695059757371,20,4798,11993
6,1695059757371,20,4798,12013
6,1695059757371,27,4798,12040
6,1695059757371,17,4798,12057
6,1695059757371,34,4814,12091
6,1695059757371,44,4830,12135
6,1695059757371,20,4830,12155
6,1695059757371,20,4854,12175
6,1695059757371,24,4862,12199
6,1695059757371,16,4862,12215
6,1695059757371,20,4894,12235
6,1695059757371,20,4910,12255
6,1695059757371,23,4910,12278
6,1695059757371,17,4926,12295
6,1695059757371,20,4926,12315
6,1695059757371,24,4926,12339
6,1695059757371,21,4926,12360
6,1695059757371,34,4958,12394
6,1695059757371,25,4958,12419
6,1695059757371,18,4974,12437
6,1695059757371,20,4974,12457
6,1695059757371,20,4982,12477
6,1695059757371,23,4974,12500
6,1695059757371,17,4990,12517
6,1695059757371,20,4990,12537
6,1695059757371,21,4990,12558
6,1695059757371,26,4990,12584
6,1695059757371,16,4990,12600
6,1695059757371,17,4990,12617
6,1695059757371,20,4990,12637
6,1695059757371,27,4990,12664
6,1695059757371,16,4990,12680
6,1695059757371,18,4990,12698
6,1695059757371,20,4990,12718
6,1695059757371,41,4990,12759
6,1695059757371,20,5014,12779
6,1695059757371,21,5022,12800
6,1695059757371,41,5054,12841
6,1695059757371,19,5078,12860
6,1695059757371,20,5086,12880
6,1695059757371,24,5086,12904
6,1695059757371,17,5102,12921
6,1695059757371,20,5102,12941
6,1695059757371,23,5118,12964
6,1695059757371,20,5118,12984
6,1695059757371,17,5118,13001
6,1695059757371,20,5118,13021
6,1695059757371,23,5118,13044
6,1695059757371,17,5118,13061
6,1695059757371,20,5118,13081
6,1695059757371,20,5166,13101
6,1695059757371,23,5150,13124
6,1695059757371,17,5174,13141
6,1695059757371,20,5174,13161
6,1695059757371,20,5182,13181
6,1695059757371,27,5182,13208
6,1695059757371,16,5166,13224
6,1695059757371,17,5182,13241
6,1695059757371,20,5182,13261
6,1695059757371,27,5182,13288
6,1695059757371,16,5182,13304
6,1695059757371,17,5182,13321
6,1695059757371,20,5182,13341
6,1695059757371,41,5182,13382
6,1695059757371,20,5182,13402
6,1695059757371,20,5198,13422
6,1695059757371,24,5230,13446
6,1695059757371,16,5238,13462
6,1695059757371,21,5246,13483
6,1695059757371,41,5278,13524
6,1695059757371,19,5302,13543
6,1695059757371,20,5310,13563
6,1695059757371,23,5310,13586
6,1695059757371,20,5326,13606
6,1695059757371,17,5334,13623
6,1695059757371,20,5342,13643
6,1695059757371,23,5342,13666
6,1695059757371,17,5342,13683
6,1695059757371,20,5358,13703
6,1695059757371,20,5342,13723
6,1695059757371,27,5358,13750
6,1695059757371,16,5366,13766
6,1695059757371,17,5374,13783
6,1695059757371,20,5374,13803
6,1695059757371,27,5374,13830
6,1695059757371,16,5374,13846
6,1695059757371,17,5374,13863
6,1695059757371,20,5374,13883
6,1695059757371,41,5374,13924
6,1695059757371,20,5374,13944
6,1695059757371,20,5374,13964
6,1695059757371,41,5374,14005
6,1695059757371,20,5374,14025
6,1695059757371,20,5374,14045
6,1695059757371,23,5374,14068
6,1695059757371,17,5374,14085
6,1695059757371,20,5406,14105
6,1695059757371,23,5422,14128
6,1695059757371,21,5438,14149
6,1695059757371,17,5454,14166
6,1695059757371,20,5470,14186
6,1695059757371,23,5470,14209
6,1695059757371,18,5470,14227
6,1695059757371,20,5486,14247
6,1695059757371,20,5494,14267
6,1695059757371,23,5502,14290
6,1695059757371,17,5502,14307
6,1695059757371,21,5502,14328
6,1695059757371,37,5502,14365
6,1695059757371,20,5502,14385
6,1695059757371,17,5502,14402
6,1695059757371,11,5502,14413
6,1695059757371,16,5502,14429
6,1695059757371,26,5502,14455
6,1695059757371,16,5502,14471
6,1695059757371,17,5502,14488
6,1695059757371,21,5502,14509
6,1695059757371,40,5502,14549
6,1695059757371,20,5502,14569
6,1695059757371,20,5502,14589
6,1695059757371,23,5486,14612
6,1695059757371,17,5486,14629
6,1695059757371,20,5486,14649
6,1695059757371,20,5486,14669
6,1695059757371,24,5486,14693
6,1695059757371,16,5462,14709
6,1695059757371,20,5470,14729
6,1695059757371,23,5462,14752
6,1695059757371,21,5454,14773
6,1695059757371,17,5462,14790
6,1695059757371,35,5470,14825
6,1695059757371,23,5470,14848
6,1695059757371,16,5494,14864
6,1695059757371,11,5502,14875
6,1695059757371,16,5502,14891
6,1695059757371,22,5534,14913
6,1695059757371,18,5502,14931
6,1695059757371,20,5534,14951
6,1695059757371,20,5526,14971
6,1695059757371,27,5502,14998
6,1695059757371,16,5502,15014
6,1695059757371,17,5502,15031
6,1695059757371,20,5502,15051
6,1695059757371,27,5502,15078
6,1695059757371,16,5502,15094
6,1695059757371,17,5502,15111
6,1695059757371,20,5502,15131
6,1695059757371,41,5502,15172
6,1695059757371,20,5502,15192
6,1695059757371,20,5502,15212
6,1695059757371,23,5494,15235
6,1695059757371,17,5470,15252
6,1695059757371,20,5486,15272
6,1695059757371,20,5486,15292
6,1695059757371,23,5470,15315
6,1695059757371,17,5454,15332
6,1695059757371,20,5438,15352
6,1695059757371,23,5438,15375
6,1695059757371,21,5438,15396
6,1695059757371,18,5422,15414
6,1695059757371,20,5422,15434
6,1695059757371,24,5406,15458
6,1695059757371,35,5374,15493
6,1695059757371,24,5374,15517
6,1695059757371,32,5374,15549
6,1695059757371,11,5374,15560
6,1695059757371,37,5374,15597
6,1695059757371,27,5374,15624
6,1695059757371,16,5374,15640
6,1695059757371,17,5374,15657
6,1695059757371,20,5374,15677
6,1695059757371,41,5374,15718
6,1695059757371,20,5374,15738
6,1695059757371,20,5358,15758
6,1695059757371,20,5358,15778
6,1695059757371,20,5358,15798
6,1695059757371,20,5358,15818
6,1695059757371,20,5358,15838
6,1695059757371,23,5358,15861
6,1695059757371,17,5342,15878
6,1695059757371,20,5342,15898
6,1695059757371,23,5342,15921
6,1695059757371,21,5334,15942
6,1695059757371,17,5310,15959
6,1695059757371,20,5310,15979
6,1695059757371,23,5310,16002
6,1695059757371,17,5294,16019
6,1695059757371,20,5294,16039
6,1695059757371,20,5278,16059
6,1695059757371,23,5246,16082
6,1695059757371,13,5246,16095
6,1695059757371,21,5246,16116
6,1695059757371,29,5230,16145
6,1695059757371,29,5214,16174
6,1695059757371,7,5214,16181
6,1695059757371,14,5198,16195
6,1695059757371,20,5182,16215
6,1695059757371,31,5182,16246
6,1695059757371,12,5182,16258
6,1695059757371,17,5174,16275
6,1695059757371,20,5150,16295
6,1695059757371,41,5166,16336
6,1695059757371,20,5166,16356
6,1695059757371,20,5150,16376
6,1695059757371,23,5150,16399
6,1695059757371,17,5118,16416
6,1695059757371,25,5118,16441
6,1695059757371,16,5118,16457
6,1695059757371,21,5118,16478
6,1695059757371,19,5118,16497
6,1695059757371,20,5102,16517
6,1695059757371,20,5102,16537
6,1695059757371,20,5086,16557
6,1695059757371,20,5086,16577
6,1695059757371,20,5086,16597
6,1695059757371,23,5078,16620
6,1695059757371,17,5054,16637
6,1695059757371,20,5054,16657
6,1695059757371,20,5054,16677
6,1695059757371,23,5038,16700
6,1695059757371,18,5038,16718
6,1695059757371,20,5022,16738
6,1695059757371,20,5022,16758
6,1695059757371,31,4990,16789
6,1695059757371,12,4990,16801
6,1695059757371,18,4990,16819
6,1695059757371,30,4982,16849
6,1695059757371,28,4958,16877
6,1695059757371,7,4958,16884
6,1695059757371,15,4950,16899
6,1695059757371,20,4926,16919
6,1695059757371,41,4926,16960
6,1695059757371,20,4918,16980
6,1695059757371,20,4910,17000
6,1695059757371,23,4894,17023
6,1695059757371,17,4894,17040
6,1695059757371,20,4894,17060
6,1695059757371,20,4910,17080
6,1695059757371,20,4910,17100
6,1695059757371,20,4910,17120
6,1695059757371,20,4894,17140
6,1695059757371,27,4886,17167
6,1695059757371,16,4894,17183
6,1695059757371,17,4862,17200
6,1695059757371,21,4862,17221
6,1695059757371,22,4862,17243
6,1695059757371,18,4854,17261
6,1695059757371,20,4846,17281
6,1695059757371,20,4846,17301
6,1695059757371,31,4846,17332
6,1695059757371,12,4830,17344
6,1695059757371,17,4830,17361
6,1695059757371,20,4830,17381
6,1695059757371,31,4814,17412
6,1695059757371,12,4814,17424
6,1695059757371,17,4814,17441
6,1695059757371,20,4798,17461
6,1695059757371,41,4790,17502
6,1695059757371,25,4782,17527
6,1695059757371,16,4766,17543
6,1695059757371,28,4766,17571
6,1695059757371,12,4750,17583
6,1695059757371,25,4734,17608
6,1695059757371,16,4734,17624
6,1695059757371,20,4726,17644
6,1695059757371,20,4702,17664
6,1695059757371,20,4702,17684
6,1695059757371,28,4702,17712
6,1695059757371,21,4702,17733
6,1695059757371,12,4686,17745
6,1695059757371,20,4686,17765
6,1695059757371,24,4694,17789
6,1695059757371,39,4686,17828
6,1695059757371,16,4702,17844
6,1695059757371,7,4694,17851
6,1695059757371,18,4686,17869
6,1695059757371,18,4694,17887
6,1695059757371,20,4670,17907
6,1695059757371,20,4670,17927
6,1695059757371,27,4670,17954
6,1695059757371,13,4670,17967
6,1695059757371,25,4670,17992
6,1695059757371,16,4670,18008
6,1695059757371,31,4654,18039
6,1695059757371,12,4654,18051
6,1695059757371,17,4654,18068
6,1695059757371,25,4662,18093
6,1695059757371,37,4638,18130
6,1695059757371,24,4654,18154
6,1695059757371,20,4638,18174
6,1695059757371,19,4606,18193
6,1695059757371,17,4606,18210
6,1695059757371,25,4606,18235
6,1695059757371,16,4606,18251
6,1695059757371,20,4606,18271
6,1695059757371,20,4606,18291
6,1695059757371,25,4598,18316
6,1695059757371,16,4574,18332
6,1695059757371,20,4574,18352
6,1695059757371,20,4574,18372
6,1695059757371,25,4574,18397
6,1695059757371,18,4566,18415
6,1695059757371,18,4566,18433
6,1695059757371,25,4542,18458
6,1695059757371,16,4542,18474
6,1695059757371,23,4542,18497
6,1695059757371,22,4542,18519
6,1695059757371,21,4558,18540
6,1695059757371,37,4542,18577
6,1695059757371,20,4574,18597
6,1695059757371,7,4558,18604
6,1695059757371,12,4574,18616
6,1695059757371,23,4566,18639
6,1695059757371,27,4542,18666
6,1695059757371,12,4542,18678
6,1695059757371,17,4542,18695
6,1695059757371,20,4566,18715
6,1695059757371,41,4542,18756
6,1695059757371,25,4534,18781
6,1695059757371,20,4542,18801
6,1695059757371,19,4542,18820
6,1695059757371,17,4542,18837
6,1695059757371,25,4542,18862
6,1695059757371,16,4542,18878
6,1695059757371,25,4542,18903
6,1695059757371,16,4534,18919
6,1695059757371,25,4526,18944
6,1695059757371,23,4510,18967
6,1695059757371,21,4510,18988
6,1695059757371,13,4510,19001
6,1695059757371,21,4502,19022
6,1695059757371,42,4502,19064
6,1695059757371,7,4510,19071
6,1695059757371,16,4478,19087
6,1695059757371,15,4502,19102
6,1695059757371,37,4478,19139
6,1695059757371,7,4478,19146
6,1695059757371,21,4478,19167
6,1695059757371,20,4470,19187
6,1695059757371,27,4470,19214
6,1695059757371,12,4478,19226
6,1695059757371,17,4478,19243
6,1695059757371,25,4478,19268
6,1695059757371,36,4502,19304
6,1695059757371,20,4478,19324
6,1695059757371,20,4478,19344
6,1695059757371,28,4478,19372
6,1695059757371,12,4478,19384
6,1695059757371,20,4478,19404
6,1695059757371,20,4478,19424
6,1695059757371,26,4478,19450
6,1695059757371,15,4478,19465
6,1695059757371,25,4478,19490
6,1695059757371,16,4478,19506
6,1695059757371,25,4478,19531
6,1695059757371,20,4478,19551
6,1695059757371,20,4478,19571
6,1695059757371,16,4502,19587
6,1695059757371,20,4478,19607
6,1695059757371,20,4478,19627
6,1695059757371,20,4478,19647
6,1695059757371,23,4478,19670
6,1695059757371,18,4478,19688
6,1695059757371,25,4478,19713
6,1695059757371,20,4478,19733
6,1695059757371,27,4478,19760
6,1695059757371,16,4462,19776
6,1695059757371,17,4462,19793
6,1695059757371,21,4470,19814
6,1695059757371,37,4462,19851
6,1695059757371,7,4462,19858
6,1695059757371,12,4462,19870
6,1695059757371,20,4462,19890
6,1695059757371,41,4462,19931
6,1695059757371,25,4462,19956
6,1695059757371,20,4470,19976
6,1695059757371,23,4478,19999
6,1695059757371,17,4478,20016
6,1695059757371,20,4502,20036
6,1695059757371,20,4478,20056
6,1695059757371,23,4502,20079
6,1695059757371,17,4478,20096
6,1695059757371,20,4494,20116
6,1695059757371,24,4510,20140
6,1695059757371,21,4510,20161
6,1695059757371,16,4510,20177
6,1695059757371,20,4526,20197
6,1695059757371,23,4510,20220
6,1695059757371,13,4526,20233
6,1695059757371,25,4526,20258
6,1695059757371,16,4510,20274
6,1695059757371,27,4526,20301
6,1695059757371,13,4510,20314
6,1695059757371,25,4526,20339
6,1695059757371,20,4510,20359
6,1695059757371,27,4510,20386
6,1695059757371,12,4526,20398
6,1695059757371,22,4510,20420
6,1695059757371,20,4510,20440
6,1695059757371,27,4510,20467
6,1695059757371,16,4510,20483
6,1695059757371,12,4502,20495
6,1695059757371,20,4510,20515
6,1695059757371,45,4510,20560
6,1695059757371,20,4502,20580
6,1695059757371,16,4510,20596
6,1695059757371,27,4510,20623
6,1695059757371,18,4526,20641
6,1695059757371,20,4534,20661
6,1695059757371,24,4542,20685
6,1695059757371,21,4542,20706
6,1695059757371,16,4558,20722
6,1695059757371,20,4566,20742
6,1695059757371,41,4566,20783
6,1695059757371,19,4566,20802
6,1695059757371,20,4574,20822
6,1695059757371,23,4574,20845
6,1695059757371,18,4574,20863
6,1695059757371,20,4574,20883
6,1695059757371,16,4590,20899
6,1695059757371,31,4590,20930
6,1695059757371,17,4598,20947
6,1695059757371,12,4590,20959
6,1695059757371,25,4590,20984
6,1695059757371,27,4606,21011
6,1695059757371,16,4602,21027
6,1695059757371,17,4590,21044
6,1695059757371,21,4606,21065
6,1695059757371,40,4590,21105
6,1695059757371,20,4590,21125
6,1695059757371,20,4598,21145
6,1695059757371,36,4598,21181
6,1695059757371,21,4590,21202
6,1695059757371,37,4590,21239
6,1695059757371,11,4590,21250
6,1695059757371,16,4606,21266
6,1695059757371,19,4606,21285
6,1695059757371,24,4606,21309
6,1695059757371,21,4638,21330
6,1695059757371,17,4670,21347
6,1695059757371,20,4670,21367
6,1695059757371,21,4670,21388
6,1695059757371,19,4694,21407
6,1695059757371,16,4670,21423
6,1695059757371,25,4694,21448
6,1695059757371,23,4694,21471
6,1695059757371,17,4702,21488
6,1695059757371,16,4702,21504
6,1695059757371,20,4718,21524
6,1695059757371,27,4718,21551
6,1695059757371,13,4718,21564
6,1695059757371,25,4734,21589
6,1695059757371,20,4734,21609
6,1695059757371,27,4734,21636
6,1695059757371,17,4734,21653
6,1695059757371,17,4734,21670
6,1695059757371,20,4758,21690
6,1695059757371,41,4758,21731
6,1695059757371,20,4734,21751
6,1695059757371,21,4758,21772
6,1695059757371,23,4750,21795
6,1695059757371,12,4766,21807
6,1695059757371,20,4734,21827
6,1695059757371,25,4750,21852
6,1695059757371,23,4766,21875
6,1695059757371,17,4766,21892
6,1695059757371,20,4782,21912
6,1695059757371,16,4782,21928
6,1695059757371,25,4798,21953
6,1695059757371,20,4830,21973
6,1695059757371,20,4830,21993
6,1695059757371,23,4854,22016
6,1695059757371,18,4862,22034
6,1695059757371,20,4862,22054
6,1695059757371,16,4862,22070
6,1695059757371,27,4894,22097
6,1695059757371,18,4910,22115
6,1695059757371,35,4910,22150
6,1695059757371,11,4918,22161
6,1695059757371,20,4926,22181
6,1695059757371,12,4926,22193
6,1695059757371,22,4942,22215
6,1695059757371,20,4942,22235
6,1695059757371,27,4954,22262
6,1695059757371,17,4974,22279
6,1695059757371,12,4974,22291
6,1695059757371,25,4982,22316
6,1695059757371,41,4974,22357
6,1695059757371,20,4990,22377
6,1695059757371,20,4990,22397
6,1695059757371,23,4990,22420
6,1695059757371,12,4990,22432
6,1695059757371,25,4990,22457
6,1695059757371,23,4990,22480
6,1695059757371,21,4990,22501
6,1695059757371,17,4990,22518
6,1695059757371,20,4990,22538
6,1695059757371,23,4990,22561
6,1695059757371,18,4990,22579
6,1695059757371,20,4990,22599
6,1695059757371,16,5014,22615
6,1695059757371,27,5022,22642
6,1695059757371,17,5038,22659
6,1695059757371,21,5054,22680
6,1695059757371,20,5078,22700
6,1695059757371,27,5086,22727
6,1695059757371,17,5118,22744
6,1695059757371,17,5118,22761
6,1695059757371,20,5118,22781
6,1695059757371,27,5118,22808
6,1695059757371,17,5118,22825
6,1695059757371,35,5166,22860
6,1695059757371,43,5182,22903
6,1695059757371,20,5182,22923
6,1695059757371,20,5198,22943
6,1695059757371,24,5206,22967
6,1695059757371,12,5206,22979
6,1695059757371,25,5206,23004
6,1695059757371,20,5214,23024
6,1695059757371,24,5230,23048
6,1695059757371,12,5238,23060
6,1695059757371,20,5242,23080
6,1695059757371,27,5246,23107
6,1695059757371,21,5246,23128
6,1695059757371,17,5246,23145
6,1695059757371,20,5246,23165
6,1695059757371,23,5246,23188
6,1695059757371,18,5270,23206
6,1695059757371,20,5270,23226
6,1695059757371,20,5270,23246
6,1695059757371,21,5246,23267
6,1695059757371,20,5270,23287
6,1695059757371,35,5246,23322
6,1695059757371,32,5246,23354
6,1695059757371,17,5246,23371
6,1695059757371,17,5270,23388
6,1695059757371,20,5278,23408
6,1695059757371,27,5294,23435
6,1695059757371,17,5294,23452
6,1695059757371,17,5310,23469
6,1695059757371,20,5310,23489
6,1695059757371,41,5310,23530
6,1695059757371,20,5342,23550
6,1695059757371,20,5342,23570
6,1695059757371,24,5326,23594
6,1695059757371,17,5342,23611
6,1695059757371,20,5342,23631
6,1695059757371,20,5342,23651
6,1695059757371,24,5342,23675
6,1695059757371,17,5358,23692
6,1695059757371,20,5342,23712
6,1695059757371,16,5358,23728
6,1695059757371,25,5358,23753
6,1695059757371,20,5358,23773
6,1695059757371,20,5366,23793
6,1695059757371,23,5342,23816
6,1695059757371,18,5342,23834
6,1695059757371,20,5342,23854
6,1695059757371,20,5342,23874
6,1695059757371,23,5342,23897
6,1695059757371,17,5342,23914
6,1695059757371,20,5342,23934
6,1695059757371,16,5334,23950
6,1695059757371,31,5334,23981
6,1695059757371,17,5334,23998
6,1695059757371,30,5310,24028
6,1695059757371,7,5310,24035
6,1695059757371,26,5310,24061
6,1695059757371,17,5310,24078
6,1695059757371,17,5310,24095
6,1695059757371,20,5310,24115
6,1695059757371,41,5334,24156
6,1695059757371,20,5310,24176
6,1695059757371,20,5342,24196
6,1695059757371,24,5342,24220
6,1695059757371,17,5358,24237
6,1695059757371,16,5358,24253
6,1695059757371,27,5358,24280
6,1695059757371,21,5342,24301
6,1695059757371,17,5358,24318
6,1695059757371,20,5342,24338
6,1695059757371,23,5342,24361
6,1695059757371,21,5342,24382
6,1695059757371,17,5342,24399
6,1695059757371,20,5334,24419
6,1695059757371,23,5334,24442
6,1695059757371,18,5342,24460
6,1695059757371,20,5334,24480
6,1695059757371,21,5310,24501
6,1695059757371,26,5310,24527
6,1695059757371,17,5326,24544
6,1695059757371,17,5310,24561
6,1695059757371,20,5310,24581
6,1695059757371,27,5302,24608
6,1695059757371,17,5294,24625
6,1695059757371,17,5278,24642
6,1695059757371,20,5278,24662
6,1695059757371,41,5278,24703
6,1695059757371,21,5246,24724
6,1695059757371,38,5246,24762
6,1695059757371,23,5246,24785
6,1695059757371,20,5230,24805
6,1695059757371,20,5230,24825
6,1695059757371,24,5230,24849
6,1695059757371,17,5214,24866
6,1695059757371,20,5230,24886
6,1695059757371,23,5230,24909
6,1695059757371,21,5230,24930
6,1695059757371,17,5230,24947
6,1695059757371,20,5230,24967
6,1695059757371,23,5230,24990
6,1695059757371,18,5230,25008
6,1695059757371,20,5230,25028
6,1695059757371,20,5214,25048
6,1695059757371,23,5214,25071
6,1695059757371,18,5214,25089
6,1695059757371,20,5214,25109
6,1695059757371,20,5214,25129
6,1695059757371,32,5206,25161
6,1695059757371,12,5182,25173
6,1695059757371,17,5182,25190
6,1695059757371,20,5182,25210
6,1695059757371,27,5182,25237
6,1695059757371,17,5182,25254
6,1695059757371,17,5182,25271
6,1695059757371,20,5150,25291
6,1695059757371,41,5150,25332
6,1695059757371,20,5118,25352
6,1695059757371,20,5118,25372
6,1695059757371,24,5118,25396
6,1695059757371,17,5118,25413
6,1695059757371,20,5118,25433
6,1695059757371,24,5086,25457
6,1695059757371,39,5086,25496
6,1695059757371,19,5070,25515
6,1695059757371,23,5054,25538
6,1695059757371,21,5054,25559
6,1695059757371,17,5046,25576
6,1695059757371,19,5046,25595
6,1695059757371,23,5038,25618
6,1695059757371,18,5038,25636
6,1695059757371,20,5054,25656
6,1695059757371,20,5054,25676
6,1695059757371,23,5046,25699
6,1695059757371,18,5054,25717
6,1695059757371,20,5038,25737
6,1695059757371,20,5038,25757
6,1695059757371,27,5038,25784
6,1695059757371,17,5022,25801
6,1695059757371,17,5022,25818
6,1695059757371,20,5022,25838
6,1695059757371,27,4990,25865
6,1695059757371,17,4990,25882
6,1695059757371,17,4990,25899
6,1695059757371,20,4974,25919
6,1695059757371,41,4982,25960
6,1695059757371,20,4974,25980
6,1695059757371,20,4974,26000
6,1695059757371,24,4958,26024
6,1695059757371,17,4958,26041
6,1695059757371,20,4926,26061
6,1695059757371,23,4926,26084
6,1695059757371,21,4926,26105
6,1695059757371,17,4910,26122
6,1695059757371,20,4910,26142
6,1695059757371,23,4894,26165
6,1695059757371,35,4862,26200
6,1695059757371,23,4862,26223
6,1695059757371,23,4862,26246
6,1695059757371,18,4846,26264
6,1695059757371,20,4830,26284
6,1695059757371,20,4830,26304
6,1695059757371,32,4830,26336
6,1695059757371,12,4830,26348
6,1695059757371,17,4830,26365
6,1695059757371,20,4822,26385
6,1695059757371,27,4830,26412
6,1695059757371,17,4822,26429
6,1695059757371,17,4822,26446
6,1695059757371,20,4814,26466
6,1695059757371,41,4798,26507
6,1695059757371,20,4798,26527
6,1695059757371,20,4782,26547
6,1695059757371,24,4782,26571
6,1695059757371,17,4782,26588
6,1695059757371,20,4782,26608
6,1695059757371,20,4766,26628
6,1695059757371,24,4766,26652
6,1695059757371,17,4766,26669
6,1695059757371,20,4766,26689
6,1695059757371,23,4734,26712
6,1695059757371,21,4734,26733
6,1695059757371,17,4734,26750
6,1695059757371,20,4726,26770
6,1695059757371,23,4726,26793
6,1695059757371,18,4702,26811
6,1695059757371,20,4702,26831
6,1695059757371,20,4702,26851
6,1695059757371,23,4686,26874
6,1695059757371,17,4686,26891
6,1695059757371,21,4670,26912
6,1695059757371,38,4654,26950
6,1695059757371,23,4606,26973
6,1695059757371,20,4606,26993
6,1695059757371,21,4606,27014
6,1695059757371,33,4606,27047
6,1695059757371,12,4606,27059
6,1695059757371,17,4606,27076
6,1695059757371,19,4606,27095
6,1695059757371,41,4606,27136
6,1695059757371,20,4606,27156
6,1695059757371,20,4606,27176
6,1695059757371,20,4590,27196
6,1695059757371,20,4590,27216
6,1695059757371,21,4598,27237
6,1695059757371,20,4590,27257
6,1695059757371,24,4574,27281
6,1695059757371,17,4566,27298
6,1695059757371,20,4566,27318
6,1695059757371,23,4566,27341
6,1695059757371,21,4542,27362
6,1695059757371,17,4542,27379
6,1695059757371,20,4542,27399
6,1695059757371,23,4542,27422
6,1695059757371,18,4526,27440
6,1695059757371,20,4526,27460
6,1695059757371,20,4510,27480
6,1695059757371,23,4502,27503
6,1695059757371,17,4510,27520
6,1695059757371,20,4502,27540
6,1695059757371,20,4478,27560
6,1695059757371,27,4478,27587
6,1695059757371,17,4478,27604
6,1695059757371,18,4470,27622
6,1695059757371,39,4446,27661
6,1695059757371,22,4442,27683
6,1695059757371,20,4430,27703
6,1695059757371,20,4414,27723
6,1695059757371,41,4414,27764
6,1695059757371,20,4398,27784
6,1695059757371,20,4406,27804
6,1695059757371,24,4406,27828
6,1695059757371,17,4406,27845
6,1695059757371,20,4406,27865
6,1695059757371,23,4398,27888
6,1695059757371,21,4398,27909
6,1695059757371,17,4398,27926
6,1695059757371,20,4398,27946
6,1695059757371,23,4382,27969
6,1695059757371,21,4374,27990
6,1695059757371,17,4374,28007
6,1695059757371,20,4374,28027
6,1695059757371,23,4350,28050
6,1695059757371,18,4350,28068
6,1695059757371,20,4342,28088
6,1695059757371,20,4334,28108
6,1695059757371,23,4334,28131
6,1695059757371,18,4334,28149
6,1695059757371,20,4334,28169
6,1695059757371,20,4318,28189
6,1695059757371,27,4318,28216
6,1695059757371,17,4310,28233
6,1695059757371,17,4310,28250
6,1695059757371,20,4302,28270
6,1695059757371,27,4286,28297
6,1695059757371,17,4286,28314
6,1695059757371,18,4278,28332
6,1695059757371,38,4270,28370
6,1695059757371,22,4254,28392
6,1695059757371,20,4246,28412
6,1695059757371,20,4254,28432
6,1695059757371,24,4238,28456
6,1695059757371,17,4222,28473
6,1695059757371,20,4246,28493
6,1695059757371,23,4238,28516
6,1695059757371,21,4222,28537
6,1695059757371,17,4222,28554
6,1695059757371,20,4222,28574
6,1695059757371,23,4222,28597
6,1695059757371,17,4222,28614
6,1695059757371,20,4222,28634
6,1695059757371,20,4222,28654
6,1695059757371,23,4222,28677
6,1695059757371,18,4222,28695
6,1695059757371,20,4214,28715
6,1695059757371,20,4206,28735
6,1695059757371,27,4206,28762
6,1695059757371,17,4190,28779
6,1695059757371,17,4206,28796
6,1695059757371,20,4206,28816
6,1695059757371,27,4190,28843
6,1695059757371,17,4190,28860
6,1695059757371,17,4190,28877
6,1695059757371,20,4190,28897
6,1695059757371,41,4174,28938
6,1695059757371,20,4158,28958
6,1695059757371,20,4158,28978
6,1695059757371,25,4158,29003
6,1695059757371,17,4150,29020
6,1695059757371,19,4142,29039
6,1695059757371,22,4094,29061
6,1695059757371,35,4094,29096
6,1695059757371,24,4094,29120
6,1695059757371,23,4094,29143
6,1695059757371,21,4094,29164
6,1695059757371,17,4094,29181
6,1695059757371,20,4094,29201
6,1695059757371,23,4094,29224
6,1695059757371,17,4094,29241
6,1695059757371,21,4094,29262
6,1695059757371,20,4094,29282
6,1695059757371,23,4094,29305
6,1695059757371,17,4094,29322
6,1695059757371,20,4094,29342
6,1695059757371,20,4094,29362
6,1695059757371,27,4094,29389
6,1695059757371,17,4094,29406
6,1695059757371,17,4094,29423
6,1695059757371,20,4094,29443
6,1695059757371,27,4094,29470
6,1695059757371,17,4086,29487
6,1695059757371,17,4094,29504
6,1695059757371,20,4094,29524
6,1695059757371,41,4086,29565
6,1695059757371,20,4086,29585
6,1695059757371,20,4078,29605
6,1695059757371,25,4078,29630
6,1695059757371,17,4062,29647
6,1695059757371,19,4062,29666
6,1695059757371,23,4062,29689
6,1695059757371,21,4062,29710
6,1695059757371,17,4054,29727
6,1695059757371,20,4054,29747
6,1695059757371,24,4046,29771
6,1695059757371,35,4030,29806
6,1695059757371,22,4030,29828
6,1695059757371,23,4030,29851
6,1695059757371,17,4030,29868
6,1695059757371,20,4030,29888
6,1695059757371,20,4030,29908
6,1695059757371,23,4054,29931
6,1695059757371,18,4046,29949
6,1695059757371,21,4054,29970
6,1695059757371,20,4046,29990
6,1695059757371,27,4030,30017
6,1695059757371,17,4046,30034
6,1695059757371,17,4062,30051
6,1695059757371,20,4030,30071
6,1695059757371,42,4054,30113
6,1695059757371,18,4054,30131
6,1695059757371,20,4030,30151
6,1695059757371,41,4030,30192
6,1695059757371,20,4030,30212
6,1695059757371,20,4046,30232
6,1695059757371,25,4030,30257
6,1695059757371,17,4030,30274
6,1695059757371,19,4030,30293
6,1695059757371,23,4030,30316
6,1695059757371,21,4046,30337
6,1695059757371,17,4030,30354
6,1695059757371,20,4046,30374
6,1695059757371,23,4030,30397
6,1695059757371,18,4030,30415
6,1695059757371,20,4030,30435
6,1695059757371,20,4030,30455
6,1695059757371,23,4030,30478
6,1695059757371,18,4030,30496
6,1695059757371,20,4030,30516
6,1695059757371,20,4014,30536
6,1695059757371,27,4022,30563
6,1695059757371,17,4014,30580
6,1695059757371,17,4026,30597
6,1695059757371,20,4030,30617
6,1695059757371,27,4030,30644
6,1695059757371,17,4030,30661
6,1695059757371,17,4030,30678
6,1695059757371,20,4054,30698
6,1695059757371,40,4054,30738
6,1695059757371,20,4062,30758
6,1695059757371,20,4054,30778
6,1695059757371,24,4062,30802
6,1695059757371,17,4054,30819
6,1695059757371,20,4054,30839
6,1695059757371,20,4062,30859
6,1695059757371,24,4054,30883
6,1695059757371,17,4062,30900
6,1695059757371,19,4062,30919
6,1695059757371,23,4046,30942
6,1695059757371,21,4054,30963
6,1695059757371,17,4054,30980
6,1695059757371,20,4062,31000
6,1695059757371,21,4062,31021
6,1695059757371,19,4054,31040
6,1695059757371,20,4054,31060
6,1695059757371,20,4046,31080
6,1695059757371,23,4054,31103
6,1695059757371,17,4030,31120
6,1695059757371,20,4054,31140
6,1695059757371,20,4030,31160
6,1695059757371,32,4030,31192
6,1695059757371,12,4046,31204
6,1695059757371,17,4030,31221
6,1695059757371,20,4030,31241
6,1695059757371,33,4030,31274
6,1695059757371,12,4054,31286
6,1695059757371,17,4046,31303
6,1695059757371,19,4062,31322
6,1695059757371,41,4062,31363
6,1695059757371,20,4074,31383
6,1695059757371,20,4062,31403
6,1695059757371,24,4062,31427
6,1695059757371,18,4062,31445
6,1695059757371,36,4062,31481
6,1695059757371,24,4062,31505
6,1695059757371,20,4078,31525
6,1695059757371,20,4062,31545
6,1695059757371,23,4062,31568
6,1695059757371,21,4062,31589
6,1695059757371,17,4078,31606
6,1695059757371,19,4062,31625
6,1695059757371,23,4078,31648
6,1695059757371,18,4078,31666
6,1695059757371,20,4078,31686
6,1695059757371,20,4078,31706
6,1695059757371,24,4078,31730
6,1695059757371,17,4062,31747
6,1695059757371,19,4078,31766
6,1695059757371,21,4078,31787
6,1695059757371,32,4062,31819
6,1695059757371,12,4062,31831
6,1695059757371,18,4062,31849
6,1695059757371,20,4058,31869
6,1695059757371,42,4054,31911
6,1695059757371,18,4062,31929
6,1695059757371,20,4062,31949
6,1695059757371,41,4078,31990
6,1695059757371,20,4078,32010
6,1695059757371,20,4078,32030
6,1695059757371,24,4078,32054
6,1695059757371,17,4094,32071
6,1695059757371,19,4094,32090
6,1695059757371,23,4094,32113
6,1695059757371,21,4094,32134
6,1695059757371,17,4094,32151
6,1695059757371,19,4094,32170
6,1695059757371,23,4094,32193
6,1695059757371,36,4094,32229
6,1695059757371,22,4094,32251
6,1695059757371,23,4094,32274
6,1695059757371,18,4094,32292
6,1695059757371,20,4094,32312
6,1695059757371,20,4094,32332
6,1695059757371,33,4094,32365
6,1695059757371,12,4094,32377
6,1695059757371,18,4094,32395
6,1695059757371,18,4094,32413
6,1695059757371,32,4094,32445
6,1695059757371,12,4094,32457
6,1695059757371,18,4094,32475
6,1695059757371,19,4094,32494
6,1695059757371,41,4094,32535
6,1695059757371,20,4094,32555
6,1695059757371,20,4094,32575
6,1695059757371,41,4094,32616
6,1695059757371,20,4094,32636
6,1695059757371,24,4094,32660
6,1695059757371,40,4094,32700
6,1695059757371,18,4094,32718
6,1695059757371,23,4142,32741
6,1695059757371,38,4094,32779
6,1695059757371,20,4142,32799
6,1695059757371,23,4150,32822
6,1695059757371,18,4150,32840
6,1695059757371,20,4150,32860
6,1695059757371,20,4150,32880
6,1695059757371,21,4150,32901
6,1695059757371,19,4158,32920
6,1695059757371,20,4158,32940
6,1695059757371,21,4158,32961
6,1695059757371,31,4158,32992
6,1695059757371,13,4158,33005
6,1695059757371,18,4158,33023
6,1695059757371,19,4174,33042
6,1695059757371,32,4174,33074
6,1695059757371,13,4174,33087
6,1695059757371,18,4158,33105
6,1695059757371,19,4158,33124
6,1695059757371,41,4158,33165
6,1695059757371,20,4158,33185
6,1695059757371,20,4158,33205
6,1695059757371,41,4158,33246
6,1695059757371,20,4174,33266
6,1695059757371,23,4174,33289
6,1695059757371,38,4190,33327
6,1695059757371,20,4206,33347
6,1695059757371,24,4206,33371
6,1695059757371,36,4222,33407
6,1695059757371,22,4222,33429
6,1695059757371,23,4222,33452
6,1695059757371,38,4254,33490
6,1695059757371,20,4254,33510
6,1695059757371,23,4254,33533
6,1695059757371,18,4254,33551
6,1695059757371,20,4270,33571
6,1695059757371,20,4278,33591
6,1695059757371,32,4270,33623
6,1695059757371,13,4278,33636
6,1695059757371,18,4286,33654
6,1695059757371,18,4286,33672
6,1695059757371,32,4286,33704
6,1695059757371,13,4286,33717
6,1695059757371,18,4286,33735
6,1695059757371,18,4286,33753
6,1695059757371,41,4310,33794
6,1695059757371,20,4302,33814
6,1695059757371,20,4302,33834
6,1695059757371,41,4310,33875
6,1695059757371,20,4310,33895
6,1695059757371,24,4318,33919
6,1695059757371,22,4318,33941
6,1695059757371,18,4318,33959
6,1695059757371,41,4350,34000
6,1695059757371,38,4374,34038
6,1695059757371,20,4374,34058
6,1695059757371,23,4382,34081
6,1695059757371,18,4382,34099
6,1695059757371,20,4398,34119
6,1695059757371,21,4414,34140
6,1695059757371,43,4414,34183
6,1695059757371,18,4414,34201
6,1695059757371,20,4430,34221
6,1695059757371,32,4414,34253
6,1695059757371,13,4430,34266
6,1695059757371,18,4446,34284
6,1695059757371,18,4446,34302
6,1695059757371,41,4438,34343
6,1695059757371,20,4446,34363
6,1695059757371,20,4462,34383
6,1695059757371,41,4462,34424
6,1695059757371,21,4446,34445
6,1695059757371,20,4446,34465
6,1695059757371,41,4462,34506
6,1695059757371,21,4446,34527
6,1695059757371,22,4446,34549
6,1695059757371,38,4446,34587
6,1695059757371,20,4470,34607
6,1695059757371,23,4478,34630
6,1695059757371,38,4502,34668
6,1695059757371,20,4502,34688
6,1695059757371,23,4510,34711
6,1695059757371,38,4526,34749
6,1695059757371,20,4542,34769
6,1695059757371,32,4542,34801
6,1695059757371,13,4542,34814
6,1695059757371,18,4542,34832
6,1695059757371,18,4542,34850
6,1695059757371,32,4542,34882
6,1695059757371,13,4542,34895
6,1695059757371,18,4542,34913
6,1695059757371,18,4558,34931
6,1695059757371,20,4558,34951
6,1695059757371,21,4558,34972
6,1695059757371,36,4574,35008
6,1695059757371,27,4566,35035
6,1695059757371,38,4566,35073
6,1695059757371,23,4542,35096
6,1695059757371,38,4566,35134
6,1695059757371,20,4566,35154
6,1695059757371,23,4558,35177
6,1695059757371,38,4558,35215
6,1695059757371,20,4542,35235
6,1695059757371,23,4542,35258
6,1695059757371,38,4574,35296
6,1695059757371,20,4574,35316
6,1695059757371,23,4590,35339
6,1695059757371,38,4606,35377
6,1695059757371,20,4606,35397
6,1695059757371,27,4606,35424
6,1695059757371,18,4606,35442
6,1695059757371,18,4606,35460
6,1695059757371,18,4606,35478
6,1695059757371,32,4606,35510
6,1695059757371,13,4606,35523
6,1695059757371,18,4606,35541
6,1695059757371,18,4606,35559
6,1695059757371,41,4606,35600
6,1695059757371,20,4638,35620
6,1695059757371,20,4650,35640
6,1695059757371,42,4638,35682
6,1695059757371,36,4638,35718
6,1695059757371,25,4638,35743
6,1695059757371,20,4638,35763
6,1695059757371,20,4638,35783
6,1695059757371,24,4638,35807
6,1695059757371,18,4606,35825
6,1695059757371,19,4654,35844
6,1695059757371,20,4638,35864
6,1695059757371,23,4606,35887
6,1695059757371,38,4606,35925
6,1695059757371,20,4638,35945
6,1695059757371,32,4654,35977
6,1695059757371,13,4638,35990
6,1695059757371,18,4662,36008
6,1695059757371,18,4670,36026
6,1695059757371,32,4670,36058
6,1695059757371,13,4686,36071
6,1695059757371,18,4686,36089
6,1695059757371,18,4694,36107
6,1695059757371,41,4694,36148
6,1695059757371,20,4694,36168
6,1695059757371,20,4694,36188
6,1695059757371,41,4702,36229
6,1695059757371,20,4702,36249
6,1695059757371,20,4702,36269
6,1695059757371,26,4702,36295
6,1695059757371,19,4702,36314
6,1695059757371,39,4702,36353
6,1695059757371,22,4718,36375
6,1695059757371,18,4702,36393
6,1695059757371,19,4694,36412
6,1695059757371,23,4702,36435
6,1695059757371,38,4702,36473
6,1695059757371,20,4702,36493
6,1695059757371,23,4686,36516
6,1695059757371,38,4686,36554
6,1695059757371,20,4670,36574
6,1695059757371,32,4670,36606
6,1695059757371,13,4670,36619
6,1695059757371,18,4670,36637
6,1695059757371,18,4702,36655
6,1695059757371,32,4702,36687
6,1695059757371,13,4702,36700
6,1695059757371,18,4702,36718
6,1695059757371,59,4734,36777
6,1695059757371,20,4734,36797
6,1695059757371,20,4734,36817
6,1695059757371,20,4734,36837
6,1695059757371,20,4734,36857
6,1695059757371,20,4734,36877
6,1695059757371,23,4734,36900
6,1695059757371,38,4734,36938
6,1695059757371,21,4750,36959
6,1695059757371,42,4750,37001
6,1695059757371,18,4758,37019
6,1695059757371,20,4758,37039
6,1695059757371,23,4734,37062
6,1695059757371,18,4734,37080
6,1695059757371,19,4734,37099
6,1695059757371,20,4734,37119
6,1695059757371,23,4734,37142
6,1695059757371,18,4734,37160
6,1695059757371,19,4734,37179
6,1695059757371,20,4734,37199
6,1695059757371,32,4734,37231
6,1695059757371,13,4734,37244
6,1695059757371,18,4734,37262
6,1695059757371,18,4726,37280
6,1695059757371,32,4718,37312
6,1695059757371,13,4718,37325
6,1695059757371,18,4734,37343
6,1695059757371,18,4734,37361
6,1695059757371,41,4734,37402
6,1695059757371,20,4766,37422
6,1695059757371,20,4758,37442
6,1695059757371,41,4766,37483
6,1695059757371,20,4766,37503
6,1695059757371,23,4766,37526
6,1695059757371,38,4766,37564
6,1695059757371,20,4766,37584
6,1695059757371,23,4766,37607
6,1695059757371,38,4782,37645
6,1695059757371,20,4782,37665
6,1695059757371,23,4790,37688
6,1695059757371,36,4782,37724
6,1695059757371,22,4790,37746
6,1695059757371,32,4782,37778
6,1695059757371,13,4766,37791
6,1695059757371,18,4766,37809
6,1695059757371,50,4766,37859
6,1695059757371,13,4766,37872
6,1695059757371,18,4758,37890
6,1695059757371,18,4758,37908
6,1695059757371,41,4734,37949
6,1695059757371,20,4734,37969
6,1695059757371,20,4734,37989
6,1695059757371,41,4734,38030
6,1695059757371,20,4734,38050
6,1695059757371,20,4734,38070
6,1695059757371,41,4734,38111
6,1695059757371,20,4734,38131
6,1695059757371,23,4734,38154
6,1695059757371,22,4734,38176
6,1695059757371,18,4734,38194
6,1695059757371,41,4734,38235
6,1695059757371,38,4734,38273
6,1695059757371,20,4734,38293
6,1695059757371,23,4734,38316
6,1695059757371,36,4734,38352
6,1695059757371,22,4734,38374
6,1695059757371,32,4726,38406
6,1695059757371,13,4718,38419
6,1695059757371,18,4718,38437
6,1695059757371,18,4718,38455
6,1695059757371,32,4702,38487
6,1695059757371,13,4702,38500
6,1695059757371,18,4702,38518
6,1695059757371,18,4702,38536
6,1695059757371,41,4686,38577
6,1695059757371,20,4694,38597
6,1695059757371,20,4670,38617
6,1695059757371,41,4670,38658
6,1695059757371,20,4654,38678
6,1695059757371,21,4654,38699
6,1695059757371,19,4638,38718
6,1695059757371,20,4638,38738
6,1695059757371,20,4638,38758
6,1695059757371,23,4638,38781
6,1695059757371,38,4606,38819
6,1695059757371,20,4606,38839
6,1695059757371,23,4606,38862
6,1695059757371,38,4606,38900
6,1695059757371,20,4606,38920
6,1695059757371,23,4606,38943
6,1695059757371,38,4606,38981
6,1695059757371,20,4606,39001
6,1695059757371,33,4606,39034
6,1695059757371,31,4606,39065
6,1695059757371,50,4590,39115
6,1695059757371,13,4590,39128
6,1695059757371,18,4574,39146
6,1695059757371,59,4574,39205
6,1695059757371,20,4558,39225
6,1695059757371,20,4558,39245
6,1695059757371,26,4558,39271
6,1695059757371,18,4542,39289
6,1695059757371,18,4542,39307
6,1695059757371,21,4526,39328
6,1695059757371,38,4526,39366
6,1695059757371,20,4510,39386
6,1695059757371,23,4510,39409
6,1695059757371,38,4478,39447
6,1695059757371,20,4478,39467
6,1695059757371,23,4478,39490
6,1695059757371,38,4478,39528
6,1695059757371,20,4478,39548
6,1695059757371,32,4478,39580
6,1695059757371,13,4478,39593
6,1695059757371,18,4478,39611
6,1695059757371,50,4470,39661
6,1695059757371,13,4478,39674
6,1695059757371,18,4462,39692
6,1695059757371,59,4446,39751
6,1695059757371,20,4446,39771
6,1695059757371,20,4438,39791
6,1695059757371,41,4438,39832
6,1695059757371,20,4414,39852
6,1695059757371,24,4414,39876
6,1695059757371,40,4398,39916
6,1695059757371,41,4398,39957
6,1695059757371,39,4382,39996
6,1695059757371,20,4382,40016
6,1695059757371,24,4378,40040
6,1695059757371,19,4350,40059
6,1695059757371,39,4350,40098
6,1695059757371,23,4350,40121
6,1695059757371,38,4318,40159
6,1695059757371,20,4334,40179
6,1695059757371,32,4334,40211
6,1695059757371,13,4318,40224
6,1695059757371,18,4318,40242
6,1695059757371,50,4334,40292
6,1695059757371,13,4334,40305
6,1695059757371,18,4334,40323
6,1695059757371,59,4318,40382
6,1695059757371,20,4318,40402
6,1695059757371,20,4318,40422
6,1695059757371,25,4302,40447
6,1695059757371,18,4310,40465
6,1695059757371,18,4318,40483
6,1695059757371,22,4302,40505
6,1695059757371,38,4286,40543
6,1695059757371,20,4286,40563
6,1695059757371,23,4286,40586
6,1695059757371,38,4286,40624
6,1695059757371,21,4286,40645
6,1695059757371,37,4278,40682
6,1695059757371,23,4270,40705
6,1695059757371,20,4270,40725
6,1695059757371,23,4254,40748
6,1695059757371,39,4246,40787
6,1695059757371,21,4222,40808
6,1695059757371,31,4222,40839
6,1695059757371,13,4222,40852
6,1695059757371,18,4222,40870
6,1695059757371,51,4214,40921
6,1695059757371,13,4222,40934
6,1695059757371,18,4222,40952
6,1695059757371,18,4222,40970
6,1695059757371,40,4222,41010
6,1695059757371,20,4222,41030
6,1695059757371,20,4222,41050
6,1695059757371,26,4222,41076
6,1695059757371,18,4222,41094
6,1695059757371,18,4214,41112
6,1695059757371,21,4206,41133
6,1695059757371,39,4206,41172
6,1695059757371,20,4206,41192
6,1695059757371,23,4206,41215
6,1695059757371,38,4190,41253
6,1695059757371,20,4190,41273
6,1695059757371,23,4190,41296
6,1695059757371,18,4190,41314
6,1695059757371,19,4182,41333
6,1695059757371,20,4190,41353
6,1695059757371,33,4190,41386
6,1695059757371,31,4174,41417
6,1695059757371,18,4158,41435
6,1695059757371,31,4158,41466
6,1695059757371,13,4158,41479
6,1695059757371,18,4158,41497
6,1695059757371,59,4142,41556
6,1695059757371,20,4094,41576
6,1695059757371,20,4094,41596
6,1695059757371,41,4094,41637
6,1695059757371,20,4142,41657
6,1695059757371,20,4094,41677
6,1695059757371,41,4142,41718
6,1695059757371,20,4142,41738
6,1695059757371,23,4142,41761
6,1695059757371,38,4142,41799
6,1695059757371,21,4094,41820
6,1695059757371,22,4094,41842
6,1695059757371,38,4094,41880
6,1695059757371,20,4094,41900
6,1695059757371,23,4094,41923
6,1695059757371,18,4094,41941
6,1695059757371,19,4094,41960
6,1695059757371,21,4094,41981
6,1695059757371,43,4094,42024
6,1695059757371,18,4094,42042
6,1695059757371,19,4094,42061
6,1695059757371,33,4094,42094
6,1695059757371,13,4094,42107
6,1695059757371,18,4094,42125
6,1695059757371,18,4094,42143
6,1695059757371,39,4078,42182
6,1695059757371,20,4074,42202
6,1695059757371,20,4062,42222
6,1695059757371,41,4054,42263
6,1695059757371,20,4054,42283
6,1695059757371,23,4046,42306
6,1695059757371,22,4046,42328
6,1695059757371,18,4046,42346
6,1695059757371,18,4062,42364
6,1695059757371,22,4054,42386
6,1695059757371,38,4054,42424
6,1695059757371,20,4062,42444
6,1695059757371,23,4062,42467
6,1695059757371,18,4054,42485
6,1695059757371,19,4054,42504
6,1695059757371,20,4054,42524
6,1695059757371,23,4046,42547
6,1695059757371,38,4054,42585
6,1695059757371,20,4046,42605
6,1695059757371,21,4030,42626
6,1695059757371,19,4046,42645
6,1695059757371,21,4030,42666
6,1695059757371,39,4030,42705
6,1695059757371,21,4030,42726
6,1695059757371,20,4030,42746
6,1695059757371,20,4030,42766
6,1695059757371,20,4030,42786
6,1695059757371,20,4030,42806
6,1695059757371,20,4014,42826
6,1695059757371,20,4014,42846
6,1695059757371,41,4022,42887
6,1695059757371,20,4014,42907
6,1695059757371,23,4014,42930
6,1695059757371,38,3998,42968
6,1695059757371,20,3998,42988
6,1695059757371,23,3990,43011
6,1695059757371,39,3990,43050
6,1695059757371,19,3998,43069
6,1695059757371,24,3998,43093
6,1695059757371,18,4014,43111
6,1695059757371,18,4014,43129
6,1695059757371,20,4014,43149
6,1695059757371,32,3998,43181
6,1695059757371,13,3998,43194
6,1695059757371,18,4014,43212
6,1695059757371,18,4014,43230
6,1695059757371,31,4014,43261
6,1695059757371,13,4014,43274
6,1695059757371,18,3998,43292
6,1695059757371,18,3998,43310
6,1695059757371,40,3998,43350
6,1695059757371,21,4014,43371
6,1695059757371,39,3998,43410
6,1695059757371,21,3998,43431
6,1695059757371,20,3998,43451
6,1695059757371,20,3998,43471
6,1695059757371,25,3998,43496
6,1695059757371,18,3998,43514
6,1695059757371,18,3966,43532
6,1695059757371,22,3966,43554
6,1695059757371,22,3990,43576
6,1695059757371,18,3982,43594
6,1695059757371,18,3966,43612
6,1695059757371,22,3966,43634
6,1695059757371,18,3958,43652
6,1695059757371,19,3966,43671
6,1695059757371,20,3966,43691
6,1695059757371,23,3950,43714
6,1695059757371,38,3966,43752
6,1695059757371,20,3966,43772
6,1695059757371,32,3966,43804
6,1695059757371,15,3990,43819
6,1695059757371,20,3990,43839
6,1695059757371,20,3966,43859
6,1695059757371,31,3982,43890
6,1695059757371,20,3990,43910
6,1695059757371,25,3990,43935
6,1695059757371,41,3966,43976
6,1695059757371,20,3998,43996
6,1695059757371,20,3998,44016
6,1695059757371,32,3998,44048
6,1695059757371,20,3998,44068
6,1695059757371,20,3998,44088
6,1695059757371,45,3998,44133
6,1695059757371,20,3998,44153
6,1695059757371,28,3998,44181
6,1695059757371,29,3998,44210
6,1695059757371,15,3998,44225
6,1695059757371,20,3998,44245
6,1695059757371,31,3998,44276
6,1695059757371,20,3994,44296
6,1695059757371,25,3998,44321
6,1695059757371,23,3998,44344
6,1695059757371,20,3990,44364
6,1695059757371,39,3998,44403
6,1695059757371,32,3998,44435
6,1695059757371,20,3998,44455
6,1695059757371,15,4022,44470
6,1695059757371,20,4030,44490
6,1695059757371,50,4030,44540
6,1695059757371,20,4054,44560
6,1695059757371,26,4054,44586
6,1695059757371,20,4054,44606
6,1695059757371,20,4078,44626
6,1695059757371,20,4062,44646
6,1695059757371,31,4078,44677
6,1695059757371,15,4062,44692
6,1695059757371,20,4078,44712
6,1695059757371,28,4094,44740
6,1695059757371,20,4078,44760
6,1695059757371,20,4090,44780
6,1695059757371,20,4094,44800
6,1695059757371,26,4094,44826
6,1695059757371,20,4094,44846
6,1695059757371,23,4094,44869
6,1695059757371,23,4094,44892
6,1695059757371,20,4094,44912
6,1695059757371,38,4094,44950
6,1695059757371,32,4094,44982
6,1695059757371,20,4094,45002
6,1695059757371,15,4094,45017
6,1695059757371,20,4094,45037
6,1695059757371,32,4094,45069
6,1695059757371,20,4094,45089
6,1695059757371,24,4094,45113
6,1695059757371,41,4150,45154
6,1695059757371,20,4158,45174
6,1695059757371,21,4158,45195
6,1695059757371,45,4182,45240
6,1695059757371,20,4190,45260
6,1695059757371,28,4190,45288
6,1695059757371,20,4206,45308
6,1695059757371,20,4206,45328
6,1695059757371,20,4214,45348
6,1695059757371,22,4206,45370
6,1695059757371,20,4206,45390
6,1695059757371,20,4214,45410
6,1695059757371,20,4222,45430
6,1695059757371,51,4238,45481
6,1695059757371,13,4246,45494
6,1695059757371,23,4254,45517
6,1695059757371,18,4246,45535
6,1695059757371,20,4254,45555
6,1695059757371,20,4254,45575
6,1695059757371,28,4254,45603
6,1695059757371,13,4254,45616
6,1695059757371,20,4270,45636
6,1695059757371,20,4254,45656
6,1695059757371,27,4270,45683
6,1695059757371,13,4270,45696
6,1695059757371,20,4270,45716
6,1695059757371,20,4270,45736
6,1695059757371,41,4270,45777
6,1695059757371,20,4286,45797
6,1695059757371,20,4278,45817
6,1695059757371,24,4302,45841
6,1695059757371,18,4302,45859
6,1695059757371,25,4310,45884
6,1695059757371,14,4318,45898
6,1695059757371,21,4334,45919
6,1695059757371,19,4334,45938
6,1695059757371,20,4334,45958
6,1695059757371,20,4350,45978
6,1695059757371,20,4350,45998
6,1695059757371,20,4350,46018
6,1695059757371,20,4350,46038
6,1695059757371,20,4350,46058
6,1695059757371,20,4350,46078
6,1695059757371,20,4350,46098
6,1695059757371,20,4350,46118
6,1695059757371,23,4374,46141
6,1695059757371,18,4382,46159
6,1695059757371,20,4398,46179
6,1695059757371,20,4398,46199
6,1695059757371,27,4398,46226
6,1695059757371,13,4398,46239
6,1695059757371,20,4398,46259
6,1695059757371,20,4382,46279
6,1695059757371,28,4398,46307
6,1695059757371,12,4398,46319
6,1695059757371,20,4398,46339
6,1695059757371,21,4398,46360
6,1695059757371,40,4382,46400
6,1695059757371,20,4382,46420
6,1695059757371,20,4398,46440
6,1695059757371,21,4398,46461
6,1695059757371,25,4406,46486
6,1695059757371,14,4414,46500
6,1695059757371,20,4438,46520
6,1695059757371,20,4446,46540
6,1695059757371,20,4446,46560
6,1695059757371,20,4462,46580
6,1695059757371,20,4462,46600
6,1695059757371,20,4470,46620
6,1695059757371,20,4478,46640
6,1695059757371,20,4478,46660
6,1695059757371,23,4478,46683
6,1695059757371,18,4502,46701
6,1695059757371,20,4478,46721
6,1695059757371,20,4510,46741
6,1695059757371,23,4510,46764
6,1695059757371,18,4510,46782
6,1695059757371,20,4526,46802
6,1695059757371,20,4526,46822
6,1695059757371,27,4526,46849
6,1695059757371,13,4526,46862
6,1695059757371,20,4526,46882
6,1695059757371,20,4534,46902
6,1695059757371,27,4542,46929
6,1695059757371,13,4542,46942
6,1695059757371,20,4534,46962
6,1695059757371,20,4542,46982
6,1695059757371,41,4542,47023
6,1695059757371,20,4542,47043
6,1695059757371,20,4542,47063
6,1695059757371,22,4542,47085
6,1695059757371,19,4542,47104
6,1695059757371,26,4566,47130
6,1695059757371,14,4574,47144
6,1695059757371,20,4590,47164
6,1695059757371,20,4606,47184
6,1695059757371,20,4606,47204
6,1695059757371,20,4606,47224
6,1695059757371,20,4606,47244
6,1695059757371,21,4638,47265
6,1695059757371,20,4638,47285
6,1695059757371,23,4654,47308
6,1695059757371,18,4654,47326
6,1695059757371,20,4654,47346
6,1695059757371,20,4662,47366
6,1695059757371,27,4670,47393
6,1695059757371,13,4670,47406
6,1695059757371,20,4670,47426
6,1695059757371,20,4694,47446
6,1695059757371,28,4694,47474
6,1695059757371,13,4702,47487
6,1695059757371,20,4702,47507
6,1695059757371,20,4694,47527
6,1695059757371,41,4702,47568
6,1695059757371,20,4702,47588
6,1695059757371,20,4702,47608
6,1695059757371,24,4702,47632
6,1695059757371,17,4702,47649
6,1695059757371,20,4702,47669
6,1695059757371,20,4702,47689
6,1695059757371,21,4702,47710
6,1695059757371,19,4702,47729
6,1695059757371,20,4718,47749
6,1695059757371,21,4718,47770
6,1695059757371,37,4734,47807
6,1695059757371,7,4734,47814
6,1695059757371,16,4758,47830
6,1695059757371,20,4766,47850
6,1695059757371,20,4782,47870
6,1695059757371,20,4798,47890
6,1695059757371,20,4798,47910
6,1695059757371,23,4798,47933
6,1695059757371,18,4822,47951
6,1695059757371,20,4814,47971
6,1695059757371,20,4814,47991
6,1695059757371,27,4830,48018
6,1695059757371,13,4830,48031
6,1695059757371,21,4830,48052
6,1695059757371,25,4846,48077
6,1695059757371,21,4862,48098
6,1695059757371,13,4854,48111
6,1695059757371,20,4862,48131
6,1695059757371,20,4862,48151
6,1695059757371,41,4862,48192
6,1695059757371,20,4862,48212
6,1695059757371,20,4862,48232
6,1695059757371,23,4862,48255
6,1695059757371,17,4862,48272
6,1695059757371,20,4862,48292
6,1695059757371,20,4862,48312
6,1695059757371,21,4862,48333
6,1695059757371,19,4862,48352
6,1695059757371,20,4862,48372
6,1695059757371,20,4862,48392
6,1695059757371,20,4862,48412
6,1695059757371,20,4862,48432
6,1695059757371,20,4862,48452
6,1695059757371,24,4894,48476
6,1695059757371,34,4910,48510
6,1695059757371,7,4910,48517
6,1695059757371,16,4926,48533
6,1695059757371,23,4942,48556
6,1695059757371,18,4958,48574
6,1695059757371,20,4958,48594
6,1695059757371,20,4950,48614
6,1695059757371,27,4958,48641
6,1695059757371,13,4958,48654
6,1695059757371,20,4958,48674
6,1695059757371,20,4974,48694
6,1695059757371,27,4974,48721
6,1695059757371,13,4974,48734
6,1695059757371,20,4986,48754
6,1695059757371,20,4990,48774
6,1695059757371,41,4990,48815
6,1695059757371,20,4990,48835
6,1695059757371,20,4990,48855
6,1695059757371,22,4990,48877
6,1695059757371,18,4990,48895
6,1695059757371,20,4990,48915
6,1695059757371,20,4990,48935
6,1695059757371,20,4990,48955
6,1695059757371,20,4990,48975
6,1695059757371,20,4982,48995
6,1695059757371,20,4982,49015
6,1695059757371,20,4982,49035
6,1695059757371,20,4982,49055
6,1695059757371,21,4974,49076
6,1695059757371,22,4974,49098
6,1695059757371,18,4974,49116
6,1695059757371,20,4974,49136
6,1695059757371,21,4974,49157
6,1695059757371,37,4974,49194
6,1695059757371,7,4990,49201
6,1695059757371,16,4990,49217
6,1695059757371,20,4990,49237
6,1695059757371,27,4990,49264
6,1695059757371,13,5022,49277
6,1695059757371,20,5022,49297
6,1695059757371,20,5022,49317
6,1695059757371,41,5022,49358
6,1695059757371,20,5022,49378
6,1695059757371,20,5014,49398
6,1695059757371,24,5022,49422
6,1695059757371,16,5014,49438
6,1695059757371,20,5022,49458
6,1695059757371,20,5022,49478
6,1695059757371,21,5022,49499
6,1695059757371,19,5022,49518
6,1695059757371,20,5022,49538
6,1695059757371,20,5022,49558
6,1695059757371,20,5014,49578
6,1695059757371,20,5022,49598
6,1695059757371,20,4990,49618
6,1695059757371,20,4990,49638
6,1695059757371,20,4990,49658
6,1695059757371,20,4990,49678
6,1695059757371,20,4990,49698
6,1695059757371,23,4982,49721
6,1695059757371,17,4974,49738
6,1695059757371,20,4958,49758
6,1695059757371,20,4958,49778
6,1695059757371,28,4958,49806
6,1695059757371,30,4950,49836
6,1695059757371,7,4950,49843
6,1695059757371,16,4942,49859
6,1695059757371,27,4926,49886
6,1695059757371,13,4926,49899
6,1695059757371,20,4942,49919
6,1695059757371,20,4926,49939
6,1695059757371,41,4950,49980
6,1695059757371,20,4950,50000
6,1695059757371,20,4954,50020
6,1695059757371,23,4942,50043
6,1695059757371,18,4926,50061
6,1695059757371,20,4926,50081
6,1695059757371,20,4926,50101
6,1695059757371,21,4926,50122
6,1695059757371,20,4926,50142
6,1695059757371,20,4926,50162
6,1695059757371,20,4918,50182
6,1695059757371,20,4918,50202
6,1695059757371,20,4910,50222
6,1695059757371,20,4894,50242
6,1695059757371,23,4894,50265
6,1695059757371,17,4886,50282
6,1695059757371,20,4894,50302
6,1695059757371,20,4886,50322
6,1695059757371,21,4862,50343
6,1695059757371,19,4862,50362
6,1695059757371,20,4862,50382
6,1695059757371,20,4862,50402
6,1695059757371,27,4846,50429
6,1695059757371,13,4830,50442
6,1695059757371,21,4830,50463
6,1695059757371,25,4814,50488
6,1695059757371,21,4798,50509
6,1695059757371,13,4798,50522
6,1695059757371,20,4798,50542
6,1695059757371,20,4798,50562
6,1695059757371,41,4782,50603
6,1695059757371,20,4782,50623
6,1695059757371,20,4782,50643
6,1695059757371,22,4782,50665
6,1695059757371,18,4766,50683
6,1695059757371,20,4782,50703
6,1695059757371,20,4766,50723
6,1695059757371,20,4766,50743
6,1695059757371,20,4766,50763
6,1695059757371,20,4734,50783
6,1695059757371,21,4758,50804
6,1695059757371,20,4734,50824
6,1695059757371,20,4734,50844
6,1695059757371,20,4726,50864
6,1695059757371,24,4718,50888
6,1695059757371,17,4726,50905
6,1695059757371,20,4718,50925
6,1695059757371,20,4702,50945
6,1695059757371,23,4702,50968
6,1695059757371,18,4702,50986
6,1695059757371,20,4686,51006
6,1695059757371,20,4670,51026
6,1695059757371,27,4670,51053
6,1695059757371,13,4662,51066
6,1695059757371,20,4654,51086
6,1695059757371,20,4638,51106
6,1695059757371,41,4606,51147
6,1695059757371,20,4606,51167
6,1695059757371,20,4606,51187
6,1695059757371,24,4574,51211
6,1695059757371,17,4574,51228
6,1695059757371,25,4574,51253
6,1695059757371,14,4566,51267
6,1695059757371,22,4542,51289
6,1695059757371,19,4558,51308
6,1695059757371,20,4542,51328
6,1695059757371,20,4542,51348
6,1695059757371,20,4526,51368
6,1695059757371,20,4542,51388
6,1695059757371,20,4526,51408
6,1695059757371,20,4542,51428
6,1695059757371,20,4542,51448
6,1695059757371,20,4534,51468
6,1695059757371,20,4510,51488
6,1695059757371,23,4510,51511
6,1695059757371,18,4510,51529
6,1695059757371,20,4494,51549
6,1695059757371,20,4478,51569
6,1695059757371,27,4478,51596
6,1695059757371,13,4478,51609
6,1695059757371,20,4478,51629
6,1695059757371,20,4478,51649
6,1695059757371,27,4462,51676
6,1695059757371,13,4462,51689
6,1695059757371,20,4446,51709
6,1695059757371,20,4446,51729
6,1695059757371,41,4430,51770
6,1695059757371,21,4414,51791
6,1695059757371,20,4398,51811
6,1695059757371,24,4398,51835
6,1695059757371,17,4398,51852
6,1695059757371,20,4382,51872
6,1695059757371,20,4374,51892
6,1695059757371,22,4350,51914
6,1695059757371,26,4350,51940
6,1695059757371,13,4334,51953
6,1695059757371,20,4334,51973
6,1695059757371,20,4318,51993
6,1695059757371,20,4318,52013
6,1695059757371,20,4314,52033
6,1695059757371,20,4310,52053
6,1695059757371,20,4286,52073
6,1695059757371,20,4302,52093
6,1695059757371,20,4302,52113
6,1695059757371,23,4286,52136
6,1695059757371,18,4286,52154
6,1695059757371,20,4286,52174
6,1695059757371,20,4270,52194
6,1695059757371,21,4266,52215
6,1695059757371,19,4266,52234
6,1695059757371,20,4246,52254
6,1695059757371,20,4238,52274
6,1695059757371,27,4222,52301
6,1695059757371,13,4238,52314
6,1695059757371,20,4222,52334
6,1695059757371,20,4222,52354
6,1695059757371,41,4202,52395
6,1695059757371,20,4206,52415
6,1695059757371,20,4190,52435
6,1695059757371,24,4190,52459
6,1695059757371,16,4174,52475
6,1695059757371,20,4158,52495
6,1695059757371,20,4158,52515
6,1695059757371,20,4150,52535
6,1695059757371,20,4142,52555
6,1695059757371,20,4094,52575
6,1695059757371,21,4094,52596
6,1695059757371,37,4094,52633
6,1695059757371,7,4094,52640
6,1695059757371,15,4094,52655
6,1695059757371,23,4094,52678
6,1695059757371,18,4078,52696
6,1695059757371,20,4078,52716
6,1695059757371,20,4062,52736
6,1695059757371,23,4062,52759
6,1695059757371,17,4078,52776
6,1695059757371,20,4062,52796
6,1695059757371,20,4054,52816
6,1695059757371,28,4046,52844
6,1695059757371,12,4054,52856
6,1695059757371,20,4054,52876
6,1695059757371,20,4030,52896
6,1695059757371,27,4022,52923
6,1695059757371,13,4014,52936
6,1695059757371,20,4014,52956
6,1695059757371,20,4014,52976
6,1695059757371,41,3998,53017
6,1695059757371,20,3990,53037
6,1695059757371,20,3990,53057
6,1695059757371,22,3966,53079
6,1695059757371,18,3966,53097
6,1695059757371,20,3958,53117
6,1695059757371,20,3958,53137
6,1695059757371,20,3950,53157
6,1695059757371,20,3946,53177
6,1695059757371,20,3926,53197
6,1695059757371,20,3926,53217
6,1695059757371,20,3902,53237
6,1695059757371,20,3902,53257
6,1695059757371,20,3902,53277
6,1695059757371,23,3886,53300
6,1695059757371,18,3886,53318
6,1695059757371,26,3870,53344
6,1695059757371,14,3870,53358
6,1695059757371,23,3870,53381
6,1695059757371,18,3838,53399
6,1695059757371,20,3838,53419
6,1695059757371,20,3838,53439
6,1695059757371,27,3838,53466
6,1695059757371,13,3838,53479
6,1695059757371,20,3838,53499
6,1695059757371,20,3838,53519
6,1695059757371,41,3822,53560
6,1695059757371,20,3830,53580
6,1695059757371,21,3806,53601
6,1695059757371,24,3822,53625
6,1695059757371,16,3806,53641
6,1695059757371,20,3806,53661
6,1695059757371,20,3798,53681
6,1695059757371,23,3790,53704
6,1695059757371,18,3774,53722
6,1695059757371,20,3774,53742
6,1695059757371,20,3774,53762
6,1695059757371,20,3758,53782
6,1695059757371,20,3766,53802
6,1695059757371,20,3758,53822
6,1695059757371,20,3758,53842
6,1695059757371,20,3742,53862
6,1695059757371,20,3742,53882
6,1695059757371,20,3726,53902
6,1695059757371,23,3734,53925
6,1695059757371,18,3710,53943
6,1695059757371,20,3710,53963
6,1695059757371,20,3694,53983
6,1695059757371,27,3694,54010
6,1695059757371,13,3694,54023
6,1695059757371,21,3694,54044
6,1695059757371,26,3694,54070
6,1695059757371,21,3670,54091
6,1695059757371,13,3678,54104
6,1695059757371,20,3670,54124
6,1695059757371,20,3678,54144
6,1695059757371,41,3670,54185
6,1695059757371,20,3678,54205
6,1695059757371,20,3670,54225
6,1695059757371,24,3662,54249
6,1695059757371,17,3662,54266
6,1695059757371,20,3646,54286
6,1695059757371,20,3646,54306
6,1695059757371,21,3646,54327
6,1695059757371,19,3638,54346
6,1695059757371,20,3638,54366
6,1695059757371,20,3630,54386
6,1695059757371,20,3630,54406
6,1695059757371,20,3630,54426
6,1695059757371,20,3614,54446
6,1695059757371,23,3614,54469
6,1695059757371,18,3614,54487
6,1695059757371,21,3582,54508
6,1695059757371,19,3582,54527
6,1695059757371,23,3582,54550
6,1695059757371,17,3582,54567
6,1695059757371,20,3582,54587
6,1695059757371,20,3582,54607
6,1695059757371,27,3582,54634
6,1695059757371,13,3566,54647
6,1695059757371,20,3574,54667
6,1695059757371,21,3566,54688
6,1695059757371,39,3550,54727
6,1695059757371,7,3550,54734
6,1695059757371,14,3550,54748
6,1695059757371,20,3550,54768
6,1695059757371,41,3566,54809
6,1695059757371,20,3566,54829
6,1695059757371,20,3566,54849
6,1695059757371,23,3550,54872
6,1695059757371,17,3550,54889
6,1695059757371,20,3550,54909
6,1695059757371,20,3550,54929
6,1695059757371,20,3550,54949
6,1695059757371,20,3550,54969
6,1695059757371,20,3550,54989
6,1695059757371,20,3518,55009
6,1695059757371,21,3518,55030
6,1695059757371,20,3534,55050
6,1695059757371,20,3542,55070
6,1695059757371,23,3534,55093
6,1695059757371,18,3518,55111
6,1695059757371,20,3518,55131
6,1695059757371,20,3518,55151
6,1695059757371,23,3518,55174
6,1695059757371,17,3510,55191
6,1695059757371,20,3502,55211
6,1695059757371,20,3502,55231
6,1695059757371,28,3502,55259
6,1695059757371,13,3502,55272
6,1695059757371,20,3502,55292
6,1695059757371,20,3494,55312
6,1695059757371,27,3478,55339
6,1695059757371,13,3486,55352
6,1695059757371,20,3486,55372
6,1695059757371,20,3486,55392
6,1695059757371,41,3518,55433
6,1695059757371,20,3542,55453
6,1695059757371,21,3542,55474
6,1695059757371,38,3566,55512
6,1695059757371,7,3582,55519
6,1695059757371,15,3582,55534
6,1695059757371,20,3582,55554
6,1695059757371,20,3630,55574
6,1695059757371,20,3630,55594
6,1695059757371,20,3646,55614
6,1695059757371,20,3646,55634
6,1695059757371,21,3646,55655
6,1695059757371,20,3662,55675
6,1695059757371,20,3662,55695
6,1695059757371,23,3678,55718
6,1695059757371,17,3678,55735
6,1695059757371,20,3674,55755
6,1695059757371,20,3678,55775
6,1695059757371,23,3694,55798
6,1695059757371,17,3678,55815
6,1695059757371,20,3662,55835
6,1695059757371,20,3670,55855
6,1695059757371,27,3662,55882
6,1695059757371,13,3646,55895
6,1695059757371,20,3646,55915
6,1695059757371,20,3630,55935
6,1695059757371,41,3646,55976
6,1695059757371,20,3662,55996
6,1695059757371,20,3678,56016
6,1695059757371,20,3694,56036
6,1695059757371,20,3694,56056
6,1695059757371,20,3694,56076
6,1695059757371,20,3710,56096
6,1695059757371,22,3710,56118
6,1695059757371,19,3710,56137
6,1695059757371,26,3710,56163
6,1695059757371,14,3726,56177
6,1695059757371,20,3742,56197
6,1695059757371,20,3742,56217
6,1695059757371,20,3742,56237
6,1695059757371,20,3742,56257
6,1695059757371,20,3742,56277
6,1695059757371,20,3742,56297
6,1695059757371,21,3742,56318
6,1695059757371,22,3742,56340
6,1695059757371,38,3726,56378
6,1695059757371,20,3710,56398
6,1695059757371,28,3702,56426
6,1695059757371,13,3694,56439
6,1695059757371,20,3694,56459
6,1695059757371,20,3678,56479
6,1695059757371,27,3678,56506
6,1695059757371,13,3678,56519
6,1695059757371,20,3678,56539
6,1695059757371,20,3678,56559
6,1695059757371,41,3694,56600
6,1695059757371,20,3710,56620
6,1695059757371,20,3710,56640
6,1695059757371,24,3710,56664
6,1695059757371,17,3710,56681
6,1695059757371,20,3710,56701
6,1695059757371,20,3710,56721
6,1695059757371,21,3710,56742
6,1695059757371,19,3710,56761
6,1695059757371,21,3710,56782
6,1695059757371,29,3710,56811
6,1695059757371,13,3710,56824
6,1695059757371,19,3710,56843
6,1695059757371,20,3710,56863
6,1695059757371,23,3710,56886
6,1695059757371,17,3710,56903
6,1695059757371,20,3710,56923
6,1695059757371,20,3710,56943
6,1695059757371,23,3702,56966
6,1695059757371,18,3710,56984
6,1695059757371,20,3710,57004
6,1695059757371,20,3694,57024
6,1695059757371,27,3694,57051
6,1695059757371,13,3694,57064
6,1695059757371,20,3678,57084
6,1695059757371,20,3678,57104
6,1695059757371,27,3694,57131
6,1695059757371,13,3694,57144
6,1695059757371,20,3702,57164
6,1695059757371,20,3710,57184
6,1695059757371,41,3710,57225
6,1695059757371,20,3710,57245
6,1695059757371,20,3710,57265
6,1695059757371,24,3710,57289
6,1695059757371,17,3710,57306
6,1695059757371,20,3710,57326
6,1695059757371,20,3710,57346
6,1695059757371,20,3710,57366
6,1695059757371,20,3710,57386
6,1695059757371,20,3710,57406
6,1695059757371,20,3710,57426
6,1695059757371,20,3726,57446
6,1695059757371,21,3734,57467
6,1695059757371,20,3734,57487
6,1695059757371,23,3710,57510
6,1695059757371,18,3726,57528
6,1695059757371,26,3738,57554
6,1695059757371,14,3710,57568
6,1695059757371,23,3726,57591
6,1695059757371,18,3734,57609
6,1695059757371,20,3734,57629
6,1695059757371,20,3726,57649
6,1695059757371,27,3710,57676
6,1695059757371,13,3710,57689
6,1695059757371,20,3726,57709
6,1695059757371,20,3742,57729
6,1695059757371,28,3758,57757
6,1695059757371,13,3766,57770
6,1695059757371,20,3774,57790
6,1695059757371,20,3774,57810
6,1695059757371,41,3790,57851
6,1695059757371,20,3798,57871
6,1695059757371,20,3806,57891
6,1695059757371,20,3806,57911
6,1695059757371,20,3822,57931
6,1695059757371,20,3822,57951
6,1695059757371,20,3822,57971
6,1695059757371,20,3838,57991
6,1695059757371,20,3838,58011
6,1695059757371,20,3838,58031
6,1695059757371,20,3838,58051
6,1695059757371,20,3838,58071
6,1695059757371,21,3838,58092
6,1695059757371,26,3870,58118
6,1695059757371,17,3870,58135
6,1695059757371,17,3870,58152
6,1695059757371,20,3886,58172
6,1695059757371,20,3870,58192
6,1695059757371,27,3870,58219
6,1695059757371,13,3882,58232
6,1695059757371,20,3870,58252
6,1695059757371,20,3886,58272
6,1695059757371,27,3870,58299
6,1695059757371,13,3886,58312
6,1695059757371,20,3902,58332
6,1695059757371,20,3902,58352
6,1695059757371,41,3926,58393
6,1695059757371,20,3950,58413
6,1695059757371,20,3950,58433
6,1695059757371,24,3958,58457
6,1695059757371,17,3966,58474
6,1695059757371,20,3994,58494
6,1695059757371,20,3990,58514
6,1695059757371,22,3998,58536
6,1695059757371,18,4014,58554
6,1695059757371,21,4014,58575
6,1695059757371,20,4014,58595
6,1695059757371,20,4022,58615
6,1695059757371,20,4030,58635
6,1695059757371,21,4030,58656
6,1695059757371,38,4030,58694
6,1695059757371,8,4046,58702
6,1695059757371,14,4054,58716
6,1695059757371,20,4062,58736
6,1695059757371,23,4062,58759
6,1695059757371,18,4062,58777
6,1695059757371,20,4078,58797
6,1695059757371,20,4078,58817
6,1695059757371,27,4062,58844
6,1695059757371,13,4094,58857
6,1695059757371,20,4094,58877
6,1695059757371,20,4094,58897
6,1695059757371,27,4094,58924
6,1695059757371,14,4094,58938
6,1695059757371,20,4094,58958
6,1695059757371,20,4094,58978
6,1695059757371,41,4094,59019
6,1695059757371,21,4094,59040
6,1695059757371,20,4142,59060
6,1695059757371,23,4142,59083
6,1695059757371,17,4158,59100
6,1695059757371,20,4158,59120
6,1695059757371,20,4174,59140
6,1695059757371,21,4182,59161
6,1695059757371,19,4190,59180
6,1695059757371,20,4206,59200
6,1695059757371,20,4214,59220
6,1695059757371,20,4222,59240
6,1695059757371,20,4222,59260
6,1695059757371,21,4222,59281
6,1695059757371,38,4254,59319
6,1695059757371,8,4246,59327
6,1695059757371,14,4254,59341
6,1695059757371,20,4270,59361
6,1695059757371,23,4270,59384
6,1695059757371,17,4282,59401
6,1695059757371,20,4286,59421
6,1695059757371,20,4286,59441
6,1695059757371,27,4286,59468
6,1695059757371,13,4286,59481
6,1695059757371,20,4286,59501
6,1695059757371,20,4286,59521
6,1695059757371,27,4286,59548
6,1695059757371,13,4286,59561
6,1695059757371,20,4286,59581
6,1695059757371,20,4302,59601
6,1695059757371,41,4310,59642
6,1695059757371,20,4310,59662
6,1695059757371,21,4310,59683
6,1695059757371,22,4310,59705
6,1695059757371,18,4318,59723
6,1695059757371,20,4318,59743
6,1695059757371,20,4334,59763
6,1695059757371,21,4334,59784
6,1695059757371,20,4342,59804
6,1695059757371,21,4350,59825
6,1695059757371,27,4350,59852
6,1695059757371,13,4382,59865
6,1695059757371,20,4394,59885
6,1695059757371,20,4382,59905
6,1695059757371,23,4382,59928
6,1695059757371,18,4398,59946
6,1695059757371,20,4414,59966
6,1695059757371,20,4414,59986
6,1695059757371,27,4398,60013
6,1695059757371,13,4414,60026
6,1695059757371,20,4414,60046
6,1695059757371,20,4414,60066
6,1695059757371,28,4414,60094
6,1695059757371,13,4414,60107
6,1695059757371,20,4414,60127
6,1695059757371,20,4414,60147
6,1695059757371,41,4414,60188
6,1695059757371,20,4414,60208
6,1695059757371,20,4414,60228
6,1695059757371,24,4414,60252
6,1695059757371,16,4398,60268
6,1695059757371,20,4398,60288
6,1695059757371,20,4398,60308
6,1695059757371,21,4398,60329
6,1695059757371,19,4398,60348
6,1695059757371,20,4398,60368
6,1695059757371,21,4398,60389
6,1695059757371,39,4398,60428
6,1695059757371,8,4382,60436
6,1695059757371,36,4382,60472
6,1695059757371,18,4382,60490
6,1695059757371,20,4382,60510
6,1695059757371,20,4414,60530
6,1695059757371,23,4414,60553
6,1695059757371,18,4414,60571
6,1695059757371,20,4430,60591
6,1695059757371,20,4430,60611
6,1695059757371,27,4430,60638
6,1695059757371,13,4430,60651
6,1695059757371,20,4438,60671
6,1695059757371,20,4430,60691
6,1695059757371,27,4446,60718
6,1695059757371,13,4438,60731
6,1695059757371,20,4446,60751
6,1695059757371,20,4438,60771
6,1695059757371,41,4446,60812
6,1695059757371,20,4446,60832
6,1695059757371,21,4462,60853
6,1695059757371,23,4446,60876
6,1695059757371,17,4462,60893
6,1695059757371,20,4446,60913
6,1695059757371,20,4462,60933
6,1695059757371,21,4446,60954
6,1695059757371,20,4446,60974
6,1695059757371,20,4462,60994
6,1695059757371,20,4462,61014
6,1695059757371,20,4462,61034
6,1695059757371,20,4478,61054
6,1695059757371,20,4478,61074
6,1695059757371,24,4478,61098
6,1695059757371,17,4478,61115
6,1695059757371,42,4478,61157
6,1695059757371,38,4478,61195
6,1695059757371,7,4478,61202
6,1695059757371,14,4478,61216
6,1695059757371,20,4478,61236
6,1695059757371,27,4510,61263
6,1695059757371,13,4502,61276
6,1695059757371,19,4526,61295
6,1695059757371,21,4526,61316
6,1695059757371,27,4542,61343
6,1695059757371,13,4542,61356
6,1695059757371,20,4542,61376
6,1695059757371,19,4558,61395
6,1695059757371,42,4558,61437
6,1695059757371,19,4574,61456
6,1695059757371,20,4574,61476
6,1695059757371,23,4574,61499
6,1695059757371,18,4590,61517
6,1695059757371,20,4606,61537
6,1695059757371,20,4606,61557
6,1695059757371,20,4606,61577
6,1695059757371,19,4638,61596
6,1695059757371,21,4654,61617
6,1695059757371,20,4670,61637
6,1695059757371,20,4702,61657
6,1695059757371,20,4718,61677
6,1695059757371,20,4734,61697
6,1695059757371,20,4766,61717
6,1695059757371,20,4782,61737
6,1695059757371,20,4798,61757
6,1695059757371,20,4814,61777
6,1695059757371,27,4822,61804
6,1695059757371,13,4830,61817
6,1695059757371,21,4830,61838
6,1695059757371,25,4846,61863
6,1695059757371,22,4862,61885
6,1695059757371,14,4862,61899
6,1695059757371,20,4862,61919
6,1695059757371,20,4894,61939
6,1695059757371,41,4918,61980
6,1695059757371,20,4922,62000
6,1695059757371,20,4918,62020
6,1695059757371,24,4910,62044
6,1695059757371,16,4926,62060
6,1695059757371,20,4926,62080
6,1695059757371,20,4942,62100
6,1695059757371,22,4958,62122
6,1695059757371,18,4974,62140
6,1695059757371,21,4990,62161
6,1695059757371,19,5014,62180
6,1695059757371,21,5022,62201
6,1695059757371,20,5038,62221
6,1695059757371,20,5046,62241
6,1695059757371,20,5054,62261
6,1695059757371,20,5078,62281
6,1695059757371,20,5086,62301
6,1695059757371,20,5086,62321
6,1695059757371,23,5102,62344
6,1695059757371,18,5086,62362
6,1695059757371,20,5086,62382
6,1695059757371,20,5086,62402
6,1695059757371,27,5086,62429
6,1695059757371,13,5054,62442
6,1695059757371,20,5046,62462
6,1695059757371,20,5038,62482
6,1695059757371,27,4990,62509
6,1695059757371,14,4990,62523
6,1695059757371,26,4958,62549
6,1695059757371,14,4926,62563
6,1695059757371,41,4862,62604
6,1695059757371,19,4862,62623
6,1695059757371,21,4830,62644
6,1695059757371,23,4798,62667
6,1695059757371,17,4766,62684
6,1695059757371,19,4718,62703
6,1695059757371,21,4694,62724
6,1695059757371,21,4654,62745
6,1695059757371,19,4598,62764
6,1695059757371,20,4558,62784
6,1695059757371,20,4522,62804
6,1695059757371,20,4478,62824
6,1695059757371,20,4446,62844
6,1695059757371,21,4414,62865
6,1695059757371,38,4382,62903
6,1695059757371,8,4350,62911
6,1695059757371,13,4318,62924
6,1695059757371,20,4310,62944
6,1695059757371,23,4270,62967
6,1695059757371,18,4254,62985
6,1695059757371,20,4214,63005
6,1695059757371,20,4206,63025
6,1695059757371,28,4182,63053
6,1695059757371,12,4158,63065
6,1695059757371,20,4142,63085
6,1695059757371,21,4094,63106
6,1695059757371,27,4094,63133
6,1695059757371,13,4062,63146
6,1695059757371,21,4030,63167
6,1695059757371,20,3998,63187
6,1695059757371,41,3958,63228
6,1695059757371,20,3934,63248
6,1695059757371,20,3902,63268
6,1695059757371,23,3870,63291
6,1695059757371,18,3838,63309
6,1695059757371,20,3838,63329
6,1695059757371,19,3822,63348
6,1695059757371,20,3806,63368
6,1695059757371,21,3774,63389
6,1695059757371,20,3758,63409
6,1695059757371,19,3758,63428
6,1695059757371,21,3742,63449
6,1695059757371,20,3734,63469
6,1695059757371,20,3702,63489
6,1695059757371,24,3678,63513
6,1695059757371,17,3670,63530
6,1695059757371,20,3662,63550
6,1695059757371,21,3670,63571
6,1695059757371,23,3670,63594
6,1695059757371,26,3670,63620
6,1695059757371,13,3646,63633
6,1695059757371,18,3614,63651
6,1695059757371,27,3582,63678
6,1695059757371,13,3582,63691
6,1695059757371,20,3582,63711
6,1695059757371,20,3582,63731
6,1695059757371,22,3614,63753
6,1695059757371,19,3606,63772
6,1695059757371,20,3582,63792
6,1695059757371,20,3574,63812
6,1695059757371,41,3566,63853
6,1695059757371,20,3542,63873
6,1695059757371,20,3502,63893
6,1695059757371,22,3454,63915
6,1695059757371,18,3422,63933
6,1695059757371,20,3390,63953
6,1695059757371,20,3326,63973
6,1695059757371,20,3310,63993
6,1695059757371,20,3294,64013
6,1695059757371,20,3262,64033
6,1695059757371,20,3230,64053
6,1695059757371,20,3198,64073
6,1695059757371,20,3182,64093
6,1695059757371,20,3182,64113
6,1695059757371,23,3198,64136
6,1695059757371,18,3182,64154
6,1695059757371,20,3182,64174
6,1695059757371,20,3166,64194
6,1695059757371,27,3158,64221
6,1695059757371,13,3150,64234
6,1695059757371,20,3150,64254
6,1695059757371,20,3118,64274
6,1695059757371,27,3134,64301
6,1695059757371,30,3134,64331
6,1695059757371,7,3134,64338
6,1695059757371,17,3150,64355
6,1695059757371,41,3150,64396
6,1695059757371,20,3134,64416
6,1695059757371,20,3134,64436
6,1695059757371,24,3134,64460
6,1695059757371,17,3150,64477
6,1695059757371,20,3134,64497
6,1695059757371,20,3134,64517
6,1695059757371,21,3150,64538
6,1695059757371,19,3158,64557
6,1695059757371,20,3158,64577
6,1695059757371,20,3158,64597
6,1695059757371,21,3150,64618
6,1695059757371,19,3150,64637
6,1695059757371,20,3134,64657
6,1695059757371,23,3134,64680
6,1695059757371,18,3150,64698
6,1695059757371,20,3134,64718
6,1695059757371,20,3134,64738
6,1695059757371,23,3150,64761
6,1695059757371,18,3166,64779
6,1695059757371,20,3182,64799
6,1695059757371,20,3182,64819
6,1695059757371,27,3182,64846
6,1695059757371,14,3182,64860
6,1695059757371,20,3166,64880
6,1695059757371,20,3166,64900
6,1695059757371,27,3150,64927
6,1695059757371,14,3150,64941
6,1695059757371,26,3150,64967
6,1695059757371,13,3158,64980
6,1695059757371,41,3150,65021
6,1695059757371,20,3150,65041
6,1695059757371,20,3134,65061
6,1695059757371,24,3158,65085
6,1695059757371,16,3150,65101
6,1695059757371,19,3134,65120
6,1695059757371,20,3150,65140
6,1695059757371,21,3150,65161
6,1695059757371,20,3158,65181
6,1695059757371,20,3146,65201
6,1695059757371,21,3150,65222
6,1695059757371,20,3134,65242
6,1695059757371,20,3158,65262
6,1695059757371,20,3166,65282
6,1695059757371,23,3166,65305
6,1695059757371,18,3182,65323
6,1695059757371,19,3182,65342
6,1695059757371,21,3182,65363
6,1695059757371,23,3190,65386
6,1695059757371,17,3190,65403
6,1695059757371,20,3198,65423
6,1695059757371,20,3198,65443
6,1695059757371,27,3190,65470
6,1695059757371,13,3190,65483
6,1695059757371,20,3182,65503
6,1695059757371,20,3182,65523
6,1695059757371,27,3182,65550
6,1695059757371,13,3182,65563
6,1695059757371,20,3182,65583
6,1695059757371,20,3182,65603
6,1695059757371,21,3166,65624
6,1695059757371,26,3182,65650
6,1695059757371,13,3182,65663
6,1695059757371,20,3198,65683
6,1695059757371,23,3166,65706
6,1695059757371,18,3166,65724
6,1695059757371,20,3166,65744
6,1695059757371,20,3158,65764
6,1695059757371,21,3150,65785
6,1695059757371,19,3166,65804
6,1695059757371,20,3150,65824
6,1695059757371,20,3134,65844
6,1695059757371,20,3166,65864
6,1695059757371,20,3158,65884
6,1695059757371,20,3158,65904
6,1695059757371,25,3178,65929
6,1695059757371,19,3166,65948
6,1695059757371,19,3158,65967
6,1695059757371,41,3134,66008
6,1695059757371,18,3150,66026
6,1695059757371,21,3150,66047
